200 1000
63 144 70
181 147 -55
104 148 -53
46 101 43
189 85 21
105 161 21
66 68 13
59 104 0
155 44 -42
82 35 1
51 14 49
70 135 5
173 162 18
129 72 18
158 113 -8
88 148 7
3 97 76
186 170 -20
39 129 -56
169 27 22
40 38 -13
54 7 -89
187 141 57
26 171 -38
124 121 39
26 42 5
139 135 -29
186 105 -11
59 136 -24
126 111 -88
29 192 -50
101 117 -17
45 101 64
127 194 41
187 89 87
16 195 14
116 195 -12
77 9 10
42 179 -29
15 155 31
145 21 -8
118 190 57
11 128 -34
111 41 26
159 168 31
65 46 -24
70 176 49
84 110 5
174 60 11
83 68 14
130 101 7
28 181 30
9 14 -20
158 174 -10
30 144 17
82 23 -8
33 17 -61
101 143 -70
76 193 -35
4 96 23
176 200 26
41 52 33
120 66 -11
126 152 -93
142 13 -42
127 167 22
134 125 -46
13 146 32
72 190 53
104 39 -11
169 10 43
84 192 -17
4 82 10
7 190 84
124 82 71
98 197 -82
182 145 51
175 161 72
173 118 -28
90 145 36
166 170 -4
154 59 1
181 9 27
58 121 -34
23 186 3
179 35 22
90 10 10
21 117 -27
10 27 -21
29 114 -32
197 3 9
129 120 8
113 154 69
42 102 -61
68 172 36
113 139 25
92 9 36
53 177 -49
169 17 -21
124 155 74
152 139 32
72 154 48
105 159 -7
68 70 -22
163 67 49
151 27 -22
14 148 -52
80 82 21
137 45 -6
75 97 63
157 20 -8
106 158 -13
170 115 10
168 48 -31
176 36 4
74 38 -64
73 185 -46
63 85 85
46 195 -2
105 99 -64
79 153 -13
76 169 -19
46 28 9
135 113 4
54 8 -25
1 101 16
112 110 52
54 40 -55
78 71 -16
98 192 -44
132 139 -59
53 140 -35
172 164 -30
55 74 43
89 140 -50
190 165 -55
134 38 -43
37 45 -6
47 12 0
32 101 76
133 191 4
53 41 -40
149 67 52
162 135 -67
36 58 32
116 150 -35
172 108 -37
31 187 -13
41 68 -11
130 140 -30
80 3 -52
176 114 8
18 15 55
120 116 22
16 100 -13
103 185 -28
79 41 -26
148 134 37
190 198 -44
133 98 35
165 189 49
184 117 -13
56 135 -68
132 136 -38
4 136 -18
177 121 27
50 166 10
181 173 -17
66 37 8
81 180 -54
185 39 17
131 127 -14
134 122 -44
181 61 6
17 74 81
134 55 -22
126 193 -87
48 104 19
33 156 -14
122 25 31
89 80 -26
190 36 -30
74 76 -41
157 79 2
13 65 26
130 195 -38
115 16 -52
13 62 -19
51 162 43
185 14 27
112 142 63
175 103 63
46 134 31
164 94 9
174 155 79
81 175 -48
128 27 34
41 116 9
104 112 -70
49 31 -72
156 114 7
51 75 -6
61 87 -70
11 93 23
141 90 -1
142 72 -42
160 98 66
63 178 74
182 77 46
140 97 48
87 125 10
185 42 40
8 33 1
123 155 43
197 119 -2
95 199 -31
175 57 31
140 114 19
24 117 -29
86 30 54
141 57 -11
117 37 -41
92 15 -7
38 151 48
13 141 28
64 199 -30
126 137 -78
81 17 -61
9 83 -90
138 191 -21
121 27 -5
169 189 53
45 100 -8
77 33 -24
172 17 -55
199 15 54
74 80 -22
23 123 -32
10 44 -23
172 96 38
140 15 17
8 113 -54
48 7 -61
12 134 64
172 56 15
176 89 39
179 43 -20
77 10 -21
63 141 45
126 136 -40
120 107 32
76 128 -31
125 165 11
154 3 -68
105 123 -24
123 41 -10
125 102 13
120 95 12
151 87 -61
89 192 -49
139 129 -22
20 151 19
21 141 -27
116 108 -21
32 78 36
53 156 -23
7 123 44
166 154 16
24 5 -42
149 94 9
173 113 -45
145 62 -82
85 120 -78
180 10 57
75 13 7
47 28 42
181 79 -12
131 47 -69
7 64 32
53 120 -53
153 173 8
162 75 -49
151 119 -69
196 79 -20
23 136 -20
179 76 -19
112 50 43
15 147 -39
105 101 8
108 199 -20
88 184 52
55 59 38
68 26 64
73 140 -59
69 97 83
42 161 -3
66 115 59
163 171 17
199 66 8
129 30 54
11 154 32
91 54 -1
196 26 7
154 102 -48
161 126 7
145 77 -5
186 148 -52
181 182 -29
174 129 5
74 143 -79
164 89 60
94 124 -25
165 40 5
192 5 6
101 37 -58
149 136 27
76 149 -15
113 90 48
46 35 52
67 64 -49
174 100 -4
76 35 41
198 35 45
32 3 11
58 152 -83
38 139 14
54 199 -87
5 101 30
44 190 39
175 79 43
43 94 -5
43 175 -26
100 158 14
109 59 74
15 196 24
25 164 -22
54 70 -88
128 148 14
120 136 35
42 45 -80
17 158 14
37 148 9
23 133 -27
108 110 40
146 25 -12
11 102 -16
196 114 -22
89 150 -81
139 33 30
148 91 63
7 36 54
142 24 15
16 19 25
34 195 -9
51 115 39
39 66 -59
113 34 30
164 84 28
145 164 -65
77 178 -1
148 174 -19
13 93 39
194 113 -86
181 137 -54
84 49 30
2 87 -85
78 135 -30
166 35 22
41 118 -7
56 86 -61
102 149 -2
75 199 -22
13 137 -13
103 196 0
21 10 -18
104 4 -6
18 69 3
192 195 -9
193 101 67
191 30 14
37 46 15
55 114 16
130 194 27
166 189 15
96 112 -87
168 118 -65
180 76 33
198 28 2
10 126 28
106 193 -22
182 165 -14
1 61 18
148 127 28
26 13 -56
194 165 -67
135 27 41
114 43 -15
154 120 -58
20 86 -37
122 32 -20
131 65 -12
45 53 62
182 1 17
104 126 16
82 64 -52
52 120 -46
135 127 49
179 13 -32
128 55 29
21 29 4
31 169 10
20 83 -41
64 4 42
38 42 71
28 192 -2
196 143 -74
121 89 37
158 24 70
112 30 57
90 13 -27
168 58 -6
77 110 -27
161 179 -26
176 14 29
123 89 45
110 94 -24
96 161 -8
158 85 81
15 99 -52
36 63 -40
130 144 15
149 35 56
194 64 -64
195 73 67
122 171 29
189 115 -9
146 30 4
146 108 -41
13 97 56
87 63 6
125 78 18
40 193 -25
61 76 -34
4 65 -17
198 62 -28
196 127 -25
150 62 4
180 163 21
175 173 38
195 127 24
44 119 -45
40 104 46
161 130 -20
190 192 -44
187 176 48
185 104 28
126 38 -75
81 37 -47
86 4 61
143 165 23
157 74 27
161 185 -37
66 159 51
86 2 80
94 147 -21
126 187 -94
60 26 68
94 152 -35
126 164 -67
68 33 42
13 161 58
182 193 -34
129 98 71
43 183 49
102 113 -21
177 122 -5
47 73 98
185 170 7
87 72 23
182 51 -13
64 79 28
168 179 -29
119 190 84
197 24 86
14 37 -61
60 3 -8
149 30 38
169 144 59
84 78 -21
161 100 -85
124 76 31
92 51 -33
160 97 69
34 21 46
62 79 48
72 57 17
139 115 34
61 131 -9
182 173 12
169 162 48
75 74 61
118 5 19
115 15 -13
113 40 24
49 32 -87
82 73 14
112 42 82
65 200 19
172 198 -19
4 110 -12
135 15 50
103 141 -21
109 135 0
75 200 52
153 36 7
98 36 -30
41 153 13
186 128 -66
168 74 -7
192 41 -6
123 151 25
119 57 48
198 173 15
191 57 -5
100 84 53
58 15 -30
105 142 5
87 66 2
153 116 -4
10 117 -9
65 62 -45
194 169 -71
72 171 18
60 8 45
31 99 -11
72 17 -27
168 83 -83
4 157 -16
169 13 6
167 146 -14
67 102 -50
185 13 -21
62 124 1
66 189 68
112 151 59
24 22 6
142 14 6
188 4 48
193 14 70
143 88 14
45 31 3
49 7 -87
70 32 -1
187 185 50
44 164 -16
102 120 -10
57 164 -19
131 146 -6
119 183 92
52 104 13
143 87 2
67 160 -63
24 134 -24
1 24 28
69 17 0
1 20 -10
139 76 9
87 113 2
33 190 19
67 155 6
32 30 67
43 60 -24
29 118 -63
48 190 23
44 8 19
71 131 49
79 22 34
74 11 -38
64 189 46
56 118 -47
131 149 -40
51 114 28
176 170 9
32 15 56
112 31 5
133 161 40
101 108 -54
190 62 -72
183 125 -74
152 57 45
60 150 -11
161 110 -27
160 131 51
119 159 61
37 140 21
193 158 9
116 25 8
171 83 -40
77 114 -31
150 145 86
132 131 -25
167 172 -18
140 158 -21
23 142 -3
160 153 29
123 27 3
184 153 -25
12 33 65
97 31 -72
169 187 -23
112 178 78
132 40 -60
200 101 0
147 143 -11
186 99 -75
88 158 -2
60 16 -2
91 28 -48
93 98 14
38 4 53
176 16 -33
41 83 -25
87 193 1
95 179 30
10 153 -21
56 89 15
80 119 -63
177 75 -1
102 186 48
89 78 -53
70 13 30
6 191 -34
169 88 -5
119 33 65
31 146 48
179 39 6
182 76 1
154 146 -16
34 71 -20
161 149 -60
196 73 18
148 119 -27
22 180 -83
48 96 36
14 191 -26
111 80 55
153 73 51
15 4 18
42 195 -61
37 99 -14
115 45 -57
174 88 12
43 36 11
38 8 43
112 82 74
180 127 44
23 175 -59
46 142 40
113 160 8
169 44 20
188 36 28
188 54 63
168 127 -37
156 137 -33
199 183 90
62 144 72
37 29 72
98 187 -82
103 153 -33
98 92 -21
44 22 49
43 42 49
124 200 63
175 186 62
31 180 -4
63 138 60
75 158 -6
59 68 -57
111 13 23
14 172 -20
16 65 40
63 105 54
128 169 12
130 82 15
6 167 -10
7 126 96
138 13 -43
145 115 -25
175 64 15
18 6 86
90 131 11
69 74 81
66 135 -4
92 108 -41
32 42 92
91 159 -29
57 134 16
189 67 3
161 76 -45
77 164 -60
2 120 -72
64 128 -19
142 135 -67
161 80 -26
162 38 -52
188 82 58
75 124 -11
199 159 59
85 83 -90
166 17 -59
178 179 -25
55 63 -28
189 20 -28
46 52 34
8 93 6
119 184 72
77 66 -79
88 160 -2
2 62 -81
127 84 2
181 50 -19
181 62 -60
77 15 -33
86 9 86
25 51 -21
165 174 -21
165 133 20
137 5 28
158 34 22
36 22 40
61 70 -77
71 21 66
135 104 74
46 78 3
143 19 36
37 13 13
142 98 11
8 187 -62
90 129 -45
181 73 26
163 5 14
112 18 -9
41 31 -19
71 27 27
194 53 -22
191 55 -11
139 98 49
7 105 68
100 144 80
91 136 -34
49 170 -28
60 50 34
151 142 4
142 138 1
100 35 81
106 116 12
33 16 -48
29 44 -45
12 181 72
129 1 47
41 70 -33
50 15 3
74 37 -67
44 101 31
191 151 16
179 92 0
154 42 13
159 4 13
184 22 22
186 136 -23
176 148 -23
162 37 -55
81 43 -22
165 48 32
180 139 24
141 16 -42
25 30 16
69 99 0
103 157 -22
172 58 27
150 66 2
23 5 -30
6 20 -37
87 5 38
32 177 25
123 70 -43
170 169 -34
197 103 78
93 1 -10
147 110 45
41 16 -17
161 101 -13
140 153 8
124 91 77
80 65 -6
32 90 58
68 27 24
126 85 3
49 80 -24
51 97 57
144 75 -60
119 171 49
178 196 -8
108 34 18
104 67 1
101 127 -21
172 104 21
121 51 -22
80 24 25
136 39 13
158 131 51
85 162 -26
87 195 23
5 158 -28
88 191 33
47 60 19
185 154 27
172 26 28
72 85 68
9 138 -25
78 132 58
144 80 -21
122 159 41
9 8 -35
104 156 -29
181 126 24
188 35 59
49 39 -18
123 26 43
34 66 -30
119 154 79
124 29 77
98 117 -25
100 52 63
180 190 73
47 156 51
99 119 -4
11 168 45
51 49 57
111 73 90
39 107 -16
62 172 47
187 53 72
185 70 -51
169 121 27
76 43 -1
31 117 44
34 19 2
125 161 71
182 110 19
11 2 46
184 24 16
47 143 6
74 18 -84
179 130 6
171 17 -45
34 117 19
195 70 -30
150 68 15
187 27 45
101 133 -27
139 106 -4
12 37 18
61 100 -74
111 162 65
66 8 54
136 101 20
139 70 -34
160 96 79
114 85 41
129 122 7
73 191 -45
139 58 51
3 156 40
170 105 9
19 178 46
17 188 22
15 170 3
38 91 69
36 168 38
55 197 -40
187 157 56
15 48 5
83 14 70
49 36 -33
155 57 -39
114 24 30
120 100 -17
77 99 -85
61 10 -10
64 154 47
124 178 75
192 115 29
12 16 17
97 143 -81
188 72 5
82 92 -21
6 145 7
25 52 16
120 71 -1
51 96 67
159 27 -14
111 42 84
132 94 -56
52 137 -49
143 70 -5
3 149 18
58 31 -71
48 106 -30
129 25 38
87 190 76
54 11 -42
11 106 -16
160 81 47
34 87 -32
168 126 4
46 190 51
28 158 -24
32 161 89
87 67 73
48 175 -44
88 134 44
178 100 -84
74 120 -64
43 167 34
164 98 55
149 121 23
154 130 -10
168 2 1
164 118 -2
193 110 53
150 134 56
143 176 44
88 53 54
163 150 -24
24 29 2
26 51 -57
100 142 69
32 72 31
197 193 7
59 113 -70
87 97 79
182 8 21
181 169 -47
86 85 86
63 117 45
30 16 -50
91 68 -67
83 79 51
166 140 -24
81 98 19
156 6 36
85 93 -29
7 115 69
5 190 38
85 48 -38
36 23 22
165 78 7
19 62 -30
35 22 9
26 43 -44
120 187 -19
33 183 27
37 156 33
169 3 -14
136 127 -1
14 161 10
161 35 -4
196 188 -54
15 1 4
155 11 -40
89 84 -32
6 17 -83
159 60 -42
49 89 2
88 108 2
122 120 1
85 16 -82
90 59 22
70 75 23
123 107 9
75 8 40
35 126 11
46 191 20
154 88 -59
31 82 69
65 106 -26
104 88 -60
27 97 40
51 122 -10
152 42 89
88 157 38
88 109 -14
3 159 50
53 7 -74
174 197 -6
4 117 -15
171 20 1
6 13 -56
132 143 -88
