200 1200
93 78 41
29 15 -46
7 24 -29
98 54 22
1 64 -64
16 86 -32
94 100 36
3 46 -18
88 6 -19
51 47 -4
8 83 60
39 59 8
27 98 -56
14 30 -92
36 79 -2
83 31 5
21 8 -4
47 11 -66
67 7 2
73 29 16
38 96 46
93 30 -54
27 33 -30
83 43 -57
84 48 -39
65 35 81
86 75 -11
28 34 21
61 15 -80
84 26 42
5 49 -21
91 98 -59
63 12 -7
6 37 36
50 59 32
91 83 -6
58 48 2
46 24 -3
37 92 -34
78 83 -32
42 47 2
43 26 84
49 23 35
63 75 -13
35 100 -33
48 21 -2
5 27 32
67 98 -25
55 53 -68
15 30 -3
12 57 -18
36 27 -20
32 72 -26
10 75 -50
13 72 -76
63 69 -20
18 7 -5
39 51 1
45 21 -1
33 76 20
74 88 -1
43 13 78
52 96 56
69 62 59
13 74 -60
88 70 -22
61 37 -43
61 82 -7
43 47 74
83 58 -56
82 23 -28
45 9 -7
32 15 -31
31 72 -60
16 21 -63
51 64 -59
50 7 -22
35 19 -47
53 72 -13
14 51 -8
21 23 41
80 45 -26
61 6 -79
6 21 3
90 59 62
25 19 -12
8 78 92
45 94 6
32 84 14
73 75 -6
52 78 69
82 40 -72
83 16 7
69 97 19
48 23 39
64 70 -24
32 1 55
47 10 -3
29 64 -24
27 76 -10
18 43 -36
28 33 21
80 100 16
36 5 -52
12 69 -13
23 89 35
66 72 9
4 60 -20
68 88 -15
51 12 -51
36 74 -62
69 7 17
37 87 -12
45 31 60
77 40 -39
92 91 63
6 8 -1
52 19 10
42 45 -70
36 70 -85
97 38 -3
67 73 -2
33 47 44
78 63 -55
10 5 -43
59 99 -5
41 80 20
51 34 -48
73 70 -32
26 66 -91
4 93 -37
90 33 7
79 12 -51
89 26 7
97 2 52
15 45 5
94 4 77
27 29 -17
79 76 -28
16 79 14
16 97 -31
32 60 37
92 83 57
12 20 53
79 52 -58
34 76 20
19 92 -30
32 54 -2
59 78 4
70 14 91
24 97 31
81 25 -6
86 23 10
24 90 21
70 3 28
9 37 39
53 50 38
47 97 -41
69 16 50
18 92 -36
49 31 55
65 6 2
7 46 -26
55 66 -90
45 57 7
30 20 86
74 4 67
96 28 -67
45 85 73
1 49 -76
2 40 -87
96 71 -40
91 30 -69
59 81 -37
1 83 -26
96 92 -76
55 72 -81
26 36 -4
45 13 76
95 52 19
29 68 -11
83 56 -17
70 54 31
40 52 22
10 50 -18
80 24 -26
38 39 47
96 10 -5
47 65 -78
54 55 57
3 91 40
97 94 -25
80 35 49
52 62 53
32 22 35
100 34 -14
86 78 57
46 70 -10
68 39 45
78 36 -9
86 51 46
18 4 49
13 70 -83
96 83 -19
67 91 34
12 87 -5
34 79 48
45 82 68
5 15 -31
96 85 -1
23 45 -40
73 79 51
35 46 -72
34 80 -2
95 37 33
62 19 -43
9 21 6
59 91 -22
15 2 88
75 41 -13
90 85 52
39 31 -15
89 95 -76
93 7 -17
99 49 -73
36 63 -46
82 57 -61
34 91 33
10 19 -41
25 8 -45
33 29 13
37 44 57
52 15 -23
45 61 75
71 90 -13
91 81 -15
69 60 51
8 30 -3
62 65 -77
65 38 34
93 23 -6
27 10 11
40 99 82
19 83 27
27 44 31
30 4 91
64 42 53
3 57 -14
10 14 15
69 79 64
90 14 63
94 89 69
70 4 90
73 5 1
43 39 77
73 16 37
84 46 -37
54 76 24
36 92 -80
63 18 2
98 45 -2
93 55 35
37 100 10
35 13 1
41 11 0
23 37 -8
81 46 -43
86 8 -35
44 38 -61
28 64 10
56 58 -39
3 18 13
17 69 -32
91 31 -1
42 31 -10
52 77 17
44 93 -43
89 85 -2
10 93 -23
82 26 14
6 22 65
34 67 -1
66 40 5
15 68 35
30 12 33
31 37 -28
48 35 74
22 64 -44
26 1 -1
76 7 -19
26 91 -21
55 35 -6
40 56 42
97 57 -24
13 52 -58
8 29 46
70 5 33
85 62 -2
50 64 -34
72 37 32
94 74 10
36 57 -71
9 72 7
23 74 -24
66 94 15
74 60 47
57 75 12
75 69 -7
9 52 25
35 84 -35
62 73 -46
2 54 -59
30 2 91
23 36 38
83 55 26
69 31 48
14 82 -16
28 83 48
34 33 0
14 85 -11
55 89 -6
47 71 -38
4 76 -35
79 82 -8
40 22 65
85 22 -12
89 81 -29
58 39 76
89 32 -49
70 12 32
40 45 4
67 77 8
29 23 -1
12 41 -19
13 6 -80
71 19 -6
49 76 43
12 68 5
88 5 11
98 94 4
55 5 -55
55 80 -55
25 74 -24
56 79 38
48 41 5
99 35 -3
96 77 -39
64 40 -21
40 15 -1
33 59 55
65 84 46
83 75 -36
25 50 11
97 4 52
67 70 -34
70 79 83
49 41 1
24 70 -7
46 61 72
38 77 7
45 91 61
78 57 -80
49 91 56
71 40 -38
20 70 -85
93 28 -39
42 6 -74
21 46 4
6 100 46
81 30 -54
19 85 45
7 40 -33
38 83 27
92 30 -6
7 75 -10
91 8 -66
62 80 -45
71 92 -36
91 99 17
82 56 -30
94 67 21
65 83 61
34 37 4
82 80 -42
14 8 -89
44 2 -6
3 50 30
68 4 53
62 12 -46
67 59 56
66 95 8
93 57 -39
10 68 -39
15 66 -4
54 16 38
59 54 -59
86 47 42
44 51 -13
62 29 -30
68 67 -3
63 87 -12
19 32 -2
24 88 15
34 12 -3
73 98 -23
65 57 13
3 69 -9
37 96 42
99 75 -59
29 75 -22
51 55 5
56 68 -8
76 80 -22
26 71 -48
76 23 -8
23 26 42
59 83 -28
45 87 20
97 79 45
64 57 -10
54 22 37
58 26 83
28 3 14
61 80 -49
24 71 34
74 39 59
27 43 -60
44 67 -62
73 49 -20
83 62 16
35 26 7
100 60 21
26 5 -56
11 62 65
9 94 13
37 8 -37
82 78 19
8 40 1
82 30 -76
37 36 46
1 38 -53
9 69 19
25 23 0
36 51 -2
56 81 8
3 74 -5
6 57 11
12 2 58
23 97 -9
46 38 25
36 56 -40
32 30 -34
15 13 81
66 89 84
77 51 41
42 7 -41
22 2 22
22 53 -48
71 38 -6
85 56 -35
71 79 42
89 22 -14
62 99 7
76 10 21
22 30 -69
94 24 -6
14 9 -91
47 100 -30
51 56 -38
83 7 -26
1 84 -41
2 14 1
83 76 -7
25 64 -23
43 81 48
57 1 74
52 39 57
92 7 31
40 98 6
66 71 43
72 86 30
5 6 -30
88 39 60
38 57 -21
23 58 -41
86 66 -39
40 76 52
20 92 -80
60 70 -70
25 52 -22
45 19 28
16 70 -69
69 80 14
70 45 7
96 53 -61
25 57 -33
19 79 48
83 54 -31
18 38 -6
46 97 28
70 34 35
28 30 -15
51 20 2
72 82 68
7 3 -8
3 14 63
18 70 -41
6 43 2
25 60 23
88 76 33
54 68 6
97 98 -29
66 36 87
41 31 54
47 30 -80
32 10 43
58 61 76
64 54 7
68 47 42
78 28 -80
41 76 42
23 15 -45
96 30 -82
22 95 -62
74 21 -17
84 69 -28
52 28 -11
98 70 -9
98 13 74
21 31 61
52 68 12
2 68 -53
73 87 -5
84 64 -23
46 1 78
5 19 2
88 13 61
91 64 -44
74 44 73
90 57 -14
81 35 29
6 60 67
64 48 -16
65 1 87
73 6 -29
4 13 -7
77 49 -30
41 9 -13
71 97 -3
44 35 -14
33 10 41
50 51 25
16 58 -63
60 49 -58
55 16 -19
45 47 72
59 21 -84
70 8 2
41 68 24
44 25 -49
47 76 -24
13 86 -46
53 86 17
44 71 -55
28 1 74
88 17 29
93 11 -40
21 43 -1
99 94 -72
97 13 45
72 47 72
43 79 78
94 78 81
8 53 18
15 85 78
96 90 -53
70 65 1
93 46 -43
73 56 13
84 31 20
66 8 4
87 60 43
78 53 -74
93 61 29
56 21 -39
80 21 -27
74 35 59
30 16 70
72 24 0
26 17 -38
46 88 12
79 21 -77
76 64 -31
6 26 86
40 9 -3
70 96 81
10 82 -1
15 49 10
27 38 -30
21 60 64
49 55 76
25 18 -6
51 17 -32
80 71 8
99 57 -71
84 4 43
33 7 1
73 60 38
13 30 -84
83 72 -55
90 52 -3
73 76 23
38 62 43
58 85 74
56 96 36
56 94 -32
59 71 -49
5 100 16
89 100 -33
6 7 33
93 16 16
21 75 20
47 16 -10
90 43 -23
6 86 34
57 17 37
6 3 25
39 65 -81
6 74 20
44 96 -15
28 56 31
98 8 -7
50 58 -52
57 79 69
43 91 63
58 24 1
8 39 80
15 87 25
70 37 39
53 93 33
87 65 -26
81 23 -6
29 58 -42
22 93 -15
49 36 73
23 44 49
66 53 22
79 20 2
89 44 14
96 45 -74
45 95 -1
88 94 -9
83 35 20
82 8 -73
46 98 -1
40 91 65
94 50 45
43 62 73
82 53 -55
25 88 -25
99 46 -75
17 47 28
28 18 27
27 50 -7
76 61 27
67 80 -1
89 58 -76
57 23 33
39 19 -47
76 14 36
18 11 -28
41 32 20
50 91 10
35 20 3
86 5 -4
31 70 -67
64 97 14
88 90 6
57 29 34
61 91 -14
75 38 9
38 23 12
34 1 53
20 73 -53
12 29 16
51 59 7
80 68 4
32 38 2
4 48 -82
97 72 -31
3 21 -22
56 78 49
20 29 -37
79 25 -36
37 42 38
6 82 72
3 59 62
72 71 34
13 33 -48
28 66 -16
123 155 -3
136 198 -22
158 140 53
171 197 2
136 161 -41
139 150 30
195 167 -35
141 108 0
197 161 -74
148 184 63
193 188 33
188 131 -55
139 157 -10
120 184 93
158 144 11
144 161 6
105 119 17
175 196 -10
166 196 37
142 143 6
111 192 -19
181 135 -67
134 139 -34
126 147 -34
189 135 -83
200 175 6
198 146 19
169 195 84
116 113 29
170 168 13
106 138 37
110 155 9
192 146 48
117 102 -61
156 167 27
122 178 15
138 134 10
190 141 13
183 159 -83
122 120 -3
110 109 54
175 192 -67
185 187 30
169 138 24
135 183 84
178 103 28
170 182 6
191 141 -7
110 156 16
136 119 11
106 194 65
116 103 31
131 161 -8
191 178 -49
167 120 -63
155 176 58
117 189 18
187 153 -42
133 136 41
155 103 17
161 101 -19
181 137 8
193 175 27
145 175 6
150 140 14
119 114 -66
147 119 49
179 142 12
111 136 32
146 111 -29
123 171 62
135 101 2
115 139 -60
173 143 -21
180 200 69
191 122 -64
181 155 -39
107 101 -83
108 113 -16
179 200 55
174 103 19
184 158 -88
125 184 54
149 139 -62
174 135 -26
121 102 -47
179 155 11
160 161 -49
159 168 91
167 150 -19
119 120 -74
121 182 34
127 142 -60
156 197 60
176 145 -14
118 188 61
151 186 37
184 192 -81
149 157 -72
119 115 0
178 155 11
118 176 63
177 114 -79
102 159 -3
103 130 42
140 159 -56
109 157 -70
141 172 -39
156 195 62
156 182 50
110 127 70
196 155 -40
134 143 -12
121 104 -12
147 114 -17
154 171 61
147 144 -9
149 199 -54
110 102 -15
111 112 27
180 179 14
151 177 44
131 173 27
164 167 -2
135 136 62
141 144 -44
132 179 -60
157 140 54
182 141 -26
160 178 -53
128 112 10
164 115 9
155 108 31
139 186 66
171 185 -51
192 104 28
129 124 11
156 130 52
147 175 54
119 127 16
122 196 66
118 179 -6
174 192 -15
196 192 -57
143 128 12
112 101 -55
126 172 -38
105 136 6
161 194 44
177 192 -75
152 181 39
121 118 -28
116 134 33
109 135 -73
133 131 8
164 127 25
107 154 -53
139 128 34
156 141 24
142 170 50
149 186 4
190 106 -46
108 133 -38
191 115 7
110 166 12
161 125 17
155 154 4
136 145 10
145 161 -51
135 191 66
183 196 -16
174 185 16
106 179 17
125 112 19
165 175 24
120 141 60
110 182 66
172 159 -19
143 122 -33
154 136 30
154 157 -29
117 129 -61
190 174 -20
124 200 57
173 119 17
143 172 -15
139 142 16
144 109 58
134 133 -26
101 121 49
178 171 76
197 127 -6
122 175 76
192 109 62
103 131 -16
103 123 -14
185 113 1
187 130 15
185 149 33
124 109 58
126 188 26
105 139 -43
142 155 -1
130 145 -15
146 126 -1
139 143 22
196 174 -42
183 166 -53
133 113 22
139 127 76
179 162 2
196 182 17
138 159 -36
137 123 -44
119 101 -71
185 157 -39
163 157 -2
169 105 43
145 181 -5
139 166 18
113 178 -26
120 177 87
166 107 54
137 103 -30
111 177 56
105 193 -5
149 130 12
130 133 -66
158 152 24
159 105 55
179 126 41
167 154 -30
147 193 27
117 199 -44
165 190 -8
173 199 -35
182 174 -59
190 114 -39
134 166 -16
115 155 -45
187 104 -33
182 125 -47
114 176 79
179 108 42
139 161 8
173 117 9
149 172 -55
187 155 -44
101 118 21
136 192 -51
167 146 -3
113 137 32
130 196 -19
105 185 -14
160 189 13
140 172 -37
165 160 16
103 185 -3
102 149 71
198 126 18
198 116 -26
198 151 2
144 199 6
102 141 55
195 136 -35
137 177 11
150 188 41
139 176 73
125 172 -18
170 152 -51
120 125 39
137 176 11
125 115 35
151 184 50
127 121 -38
144 130 72
106 111 30
153 142 -1
186 118 -56
199 193 30
122 159 -1
120 137 76
141 185 -17
143 126 23
192 123 20
141 163 -54
125 167 24
130 119 -14
167 162 -43
144 185 27
112 179 -40
193 121 0
110 145 53
115 108 -14
149 103 -30
192 187 61
153 167 32
174 180 -23
160 199 -49
160 184 22
178 137 58
131 189 54
149 125 -37
178 153 13
164 120 -65
160 181 -3
143 176 51
129 178 13
103 200 27
136 170 17
186 127 10
197 151 -53
142 120 -30
142 125 9
131 183 55
189 180 -80
178 134 30
162 117 46
191 192 -55
103 173 11
136 180 -59
146 131 -30
174 142 3
101 169 11
163 172 15
169 165 41
116 179 3
169 112 44
140 116 -43
136 122 -60
108 145 13
152 132 49
110 190 27
141 162 -40
115 117 -8
105 133 -35
160 103 -25
172 174 6
188 165 -30
166 108 28
180 163 2
184 171 1
102 132 73
128 137 28
157 133 18
132 174 -51
125 124 -23
122 173 54
158 195 93
107 115 -12
114 107 78
148 108 30
158 194 61
165 121 -3
139 153 17
153 160 40
116 106 -14
142 175 49
182 126 -27
104 161 -18
109 139 -60
162 112 38
158 131 25
153 110 -11
122 129 2
105 138 -19
129 199 17
113 102 -39
134 161 -26
134 174 -21
134 129 -43
187 167 -10
145 137 3
172 152 8
145 125 -34
110 124 -4
150 106 -43
169 176 73
111 186 49
133 179 -4
140 163 -52
179 111 13
182 189 -2
192 176 75
198 132 37
101 157 1
193 162 -32
157 107 82
191 113 -23
176 163 -81
200 176 14
172 192 -9
104 154 -7
195 148 -68
134 124 -32
160 109 3
189 166 -52
124 145 57
181 151 -25
133 176 65
134 176 39
149 171 18
111 194 35
105 134 -9
113 195 54
191 146 -7
120 103 46
171 113 -50
137 121 -24
146 153 -29
191 168 26
147 167 38
110 157 -16
187 195 25
113 168 49
120 105 57
103 139 -32
122 167 60
194 143 -30
102 152 24
118 171 70
136 147 -38
135 146 59
159 139 12
116 158 -10
112 139 -44
133 167 41
101 114 5
191 158 -62
103 151 -3
115 173 -17
188 197 11
181 131 -38
170 150 -36
169 120 -14
175 109 -5
151 162 -23
150 168 49
136 197 33
156 189 48
140 147 -33
124 179 2
126 130 29
191 165 -12
184 186 -13
110 101 -17
184 123 -61
104 174 -13
173 129 -52
129 165 50
174 138 11
131 154 3
152 142 1
162 148 10
119 163 -68
181 120 -68
178 127 72
183 112 -27
196 124 -53
143 152 -7
164 107 21
155 161 -7
101 116 12
165 125 -16
172 189 63
135 176 86
131 127 60
154 185 10
140 189 26
137 139 -62
141 146 0
132 162 -58
181 165 -13
146 172 -39
163 150 38
128 158 -43
120 176 87
142 140 28
192 151 31
195 146 -38
145 112 -15
102 167 58
141 119 14
171 191 -27
146 134 -12
129 161 17
139 189 70
200 172 -52
181 113 -24
189 143 -48
137 144 -60
112 175 21
130 132 -10
135 182 85
119 126 -15
154 184 60
139 155 15
200 197 23
197 130 -8
177 131 -57