82 100
81 1 10
1 2 -7
2 3 2
3 4 -9
4 82 8
81 5 3
5 6 3
6 7 -5
7 8 -8
8 82 7
81 9 -1
9 10 1
10 11 -1
11 12 3
12 82 -1
81 13 2
13 14 7
14 15 8
15 16 15
16 82 -30
81 17 5
17 18 5
18 19 -10
19 20 5
20 82 5
81 21 1
21 22 2
22 23 -3
23 24 4
24 82 -3
81 25 -1
25 26 -1
26 27 -1
27 28 -1
28 82 5
81 29 7
29 30 7
30 31 -2
31 32 -9
32 82 1
81 33 8
33 34 -4
34 35 2
35 36 -1
36 82 0
81 37 0
37 38 3
38 39 5
39 40 -9
40 82 1
81 41 2 
41 42 2
42 43 2
43 44 0
44 82 0
81 45 6
45 46 -6
46 47 8
47 48 -9
48 82 11
81 49 3
49 50 4
50 51 0
51 52 0
52 82 -5
81 53 0
53 54 1
54 55 0
55 56 1
56 82 -1
81 57 4
57 58 21
58 59 22
59 60 -20
60 82 3
81 61 6
61 62 24
62 63 5
63 64 -13
64 82 21
81 65 12
65 66 0
66 67 -10
67 68 6
68 82 0
81 69 6
69 70 0
70 71 -8
71 72 -8
72 82 9
81 73 23
73 74 -1
74 75 4
75 76 -5
76 82 -11
81 77 -1
77 78 -2
78 79 -4
79 80 -8
80 82 15