500 2000
305 261 -39
423 390 -58
227 4 -51
160 202 86
375 1 22
291 493 -8
338 424 28
287 223 44
236 440 14
265 32 12
62 466 -37
270 257 70
461 97 35
469 58 -1
384 311 26
412 169 -32
105 155 -38
202 271 -60
332 40 -24
287 274 57
173 5 69
93 295 15
261 153 8
322 113 82
382 297 -11
266 390 -58
14 243 3
282 456 -11
293 141 50
381 114 -1
366 170 26
170 4 -31
68 120 -82
422 428 23
217 196 18
439 83 68
486 450 23
269 387 -8
44 348 -84
388 110 -10
363 36 -56
483 95 -13
241 407 53
192 335 -61
289 45 -53
387 395 58
148 343 25
323 341 60
84 244 39
350 248 -35
248 415 12
245 203 -62
83 491 21
472 40 33
100 268 0
22 385 -82
245 449 -60
73 299 -10
282 299 61
243 195 -77
277 285 -50
144 90 37
56 369 -7
408 495 36
398 182 -74
371 111 54
370 397 -24
27 392 68
316 265 -51
129 358 -40
5 2 -16
28 130 -29
449 166 25
38 219 4
147 15 1
303 283 59
169 319 -7
155 217 -3
256 80 -9
191 500 50
374 70 -11
72 33 3
459 368 -24
235 120 -72
193 439 -78
248 277 13
411 357 34
64 216 47
51 488 40
196 401 -22
382 405 -43
473 62 7
265 400 -40
165 398 53
349 333 6
31 335 7
228 149 -84
193 129 2
430 377 -23
316 113 0
305 198 -70
382 333 39
169 470 24
488 1 -41
211 130 57
103 495 53
4 384 24
12 446 -39
216 267 -54
264 47 -9
439 472 1
13 196 -20
64 299 39
214 82 64
133 395 48
111 274 -11
366 26 -1
125 126 18
369 196 -11
119 252 -17
440 138 7
197 211 -29
497 118 30
72 98 -54
63 257 47
358 218 59
366 400 -4
155 263 31
105 343 22
196 169 13
490 287 -49
119 455 -61
242 386 -43
424 88 -24
369 184 -22
402 25 -33
140 308 61
160 363 66
384 300 38
37 93 -10
198 121 39
358 25 23
474 278 -17
400 360 77
429 442 44
242 467 -42
90 72 23
304 223 4
350 311 -39
228 287 -62
498 142 -50
279 21 -17
329 5 62
288 129 8
123 145 -67
452 493 48
133 13 27
25 418 -25
110 57 38
353 99 1
230 199 63
269 456 -9
61 396 -16
327 400 -21
29 44 26
35 87 -69
356 265 29
53 154 -7
148 269 -29
115 219 25
244 126 -4
20 73 57
500 461 -10
162 176 41
91 446 -73
80 273 69
324 91 9
3 376 -26
266 127 -7
203 217 2
473 202 17
224 417 84
242 238 -3
485 361 -70
321 47 -61
27 208 87
176 274 -19
178 57 14
50 170 18
117 179 12
469 177 41
311 120 -54
149 38 73
219 104 -51
271 159 28
216 122 -83
492 308 37
379 339 -51
462 108 -62
305 490 -28
263 428 39
451 4 -3
155 110 -18
217 385 -16
388 216 85
51 370 35
68 5 -5
434 365 -44
492 295 40
498 114 37
178 137 -19
6 315 -93
484 27 -87
469 482 41
90 376 11
96 338 0
403 371 -63
360 347 -32
153 445 -32
429 482 58
7 118 43
167 331 6
448 478 41
68 145 -54
296 62 41
202 143 -73
328 307 -64
214 141 38
267 163 41
469 307 -25
171 333 61
442 183 -61
130 49 -12
73 77 -74
109 116 16
498 414 -46
16 269 -48
249 169 -13
136 402 52
189 150 2
90 413 31
306 368 -14
29 97 19
67 230 -18
245 195 -60
167 104 7
253 64 -2
52 291 -19
146 470 66
382 98 -22
468 215 -58
305 306 -26
346 164 -28
125 93 20
165 334 66
273 182 -85
254 325 -54
26 456 5
361 263 31
329 359 56
176 243 -5
200 499 61
83 141 -18
97 104 -62
44 317 -26
231 414 0
179 393 26
121 158 16
116 280 71
168 177 13
339 165 24
456 59 4
324 457 -17
426 210 21
371 316 63
353 324 -12
470 32 -11
175 251 -70
219 427 -41
177 16 -6
35 414 -81
388 291 45
218 223 -33
261 197 -29
293 62 79
394 232 41
267 319 -2
187 299 69
79 268 2
113 292 -17
490 66 -28
125 498 -2
84 379 22
183 78 0
53 169 36
417 262 -84
63 340 -22
51 340 -21
457 199 32
106 134 -56
265 184 -25
374 206 20
198 409 40
85 55 83
441 97 60
373 20 -27
216 43 -42
23 449 -46
196 309 24
200 8 29
180 389 25
140 465 58
117 385 -47
58 229 -35
233 40 -5
327 219 48
354 151 3
23 9 -52
435 28 30
412 34 -27
438 229 -46
176 84 -63
472 397 34
401 331 13
321 492 -33
34 382 -6
174 215 -8
9 302 53
320 97 23
335 437 -16
262 72 78
220 258 6
414 332 54
320 89 -60
60 326 -6
381 219 -11
348 64 38
85 323 24
357 483 11
382 3 46
318 248 28
185 431 23
383 171 -1
180 194 29
335 141 27
11 201 -48
29 181 -62
237 156 15
109 229 -3
18 419 33
348 434 53
359 236 1
490 334 25
330 406 3
435 372 -33
444 227 3
388 497 14
388 369 34
12 193 25
465 469 -43
406 279 -8
218 317 -30
409 394 -40
377 500 8
109 144 13
105 495 4
272 396 -22
68 346 13
229 335 21
177 184 -56
395 354 7
181 139 37
245 455 -45
117 204 -9
496 237 -14
259 94 25
286 377 -42
360 300 -16
206 222 -30
65 11 -17
472 243 92
37 68 3
427 240 56
347 455 -22
276 463 -54
400 142 -8
156 164 8
42 53 -2
448 438 10
78 469 34
200 171 -6
79 177 49
306 361 -54
309 459 25
153 395 7
77 56 28
494 260 -6
309 183 -54
177 246 18
387 411 35
351 446 -74
237 447 23
30 22 8
363 150 -46
66 130 16
20 488 23
111 115 -38
330 3 -3
378 261 48
404 429 8
409 88 -16
41 173 -40
281 258 -9
351 175 -12
474 338 17
37 166 -41
218 112 -51
164 96 -21
294 59 -72
100 24 -32
281 11 -35
355 304 26
485 101 -23
266 228 -3
423 436 -45
294 31 -76
98 193 54
205 274 -6
23 437 -55
361 101 47
3 193 -14
497 79 5
26 353 79
163 73 15
114 161 -32
60 443 29
251 430 72
302 21 10
166 181 -34
263 415 23
440 78 -85
291 412 23
236 86 -15
204 448 0
451 256 24
44 113 4
143 433 -11
282 418 11
126 162 -13
449 421 -11
125 159 5
173 47 8
284 261 57
51 37 58
267 52 33
283 269 -69
9 478 69
15 477 -80
36 55 82
27 387 14
342 81 29
340 314 85
399 131 27
102 92 -65
486 129 34
9 405 -7
384 370 28
485 115 -37
390 54 25
256 465 47
255 196 -59
476 169 21
451 494 80
18 189 -21
369 140 -22
15 458 -74
51 303 11
424 100 -45
5 380 -37
479 149 -8
387 144 1
32 384 -29
77 288 48
433 335 18
467 115 34
382 252 29
330 475 -22
43 100 -22
200 81 35
428 465 -8
304 97 26
429 438 27
442 450 4
442 197 -34
323 146 -31
94 80 -13
348 193 67
210 171 -59
155 394 10
269 72 53
187 390 10
57 96 10
317 35 16
108 489 29
203 27 -11
268 317 37
103 327 21
316 474 -67
495 114 26
76 278 -41
213 151 73
211 214 10
41 402 45
239 405 -21
426 80 -37
400 26 3
264 117 19
448 185 -32
39 206 29
343 369 -34
249 221 -22
103 476 18
193 284 -75
411 159 5
431 451 -19
479 82 68
389 365 -73
482 54 -25
111 385 -90
50 215 0
163 27 -80
124 108 -3
228 406 14
461 268 -21
444 494 35
344 216 59
140 345 -12
269 235 50
155 69 20
301 421 -82
85 254 76
39 99 22
69 138 57
410 13 24
13 200 -24
80 20 16
65 325 -45
283 103 -86
187 196 15
234 117 -17
445 429 -15
290 145 -21
291 488 8
34 141 -2
39 35 16
391 131 16
70 109 -62
148 113 45
92 336 -4
121 142 -68
319 394 -11
234 497 -39
260 16 -11
414 166 37
487 490 -28
412 27 -76
345 182 -2
287 109 -17
358 498 10
205 267 -43
320 444 -10
277 301 13
272 437 -31
165 433 -25
263 277 24
357 134 -51
110 419 74
418 114 49
37 158 2
369 166 -4
362 394 21
339 283 88
412 212 5
217 307 -3
346 92 -93
24 440 89
366 46 35
371 317 33
197 295 56
492 354 35
45 492 44
251 357 80
8 23 3
44 362 -87
147 457 -36
120 306 70
51 111 66
167 496 42
75 125 26
389 8 -34
34 120 -49
305 317 -30
278 340 -12
473 4 -65
357 265 -38
227 2 6
330 461 -42
287 50 -2
220 54 -28
262 222 68
2 99 27
294 235 -17
339 141 44
248 499 30
456 8 43
230 155 -11
50 428 69
297 42 -22
46 237 0
234 297 -29
74 301 61
243 486 -47
475 380 -30
32 325 -26
259 460 9
418 269 -13
443 26 -74
105 205 28
357 388 -75
169 184 -24
110 433 4
22 369 -37
263 494 40
20 246 56
129 99 11
427 69 3
254 417 -4
111 444 -35
458 393 61
212 276 10
151 253 -34
437 32 53
5 89 -75
151 143 -69
13 248 7
23 466 -20
246 420 -60
395 106 16
388 168 55
193 389 15
336 305 98
480 303 -26
77 499 67
445 36 -23
226 396 9
169 329 -29
35 277 -11
408 331 0
116 88 32
349 154 -75
259 290 39
174 249 32
274 401 -67
370 301 28
453 325 -22
310 457 46
17 415 -15
137 385 -6
301 494 3
55 214 -83
416 197 -50
100 52 43
59 244 54
456 277 58
169 111 43
306 177 6
396 144 2
418 266 49
261 97 28
87 459 67
263 440 39
133 151 58
107 169 -5
30 379 -17
196 181 -27
295 184 -64
62 88 -26
321 458 -56
220 162 -25
448 6 55
482 122 -66
448 97 50
231 471 69
358 469 -2
7 406 86
306 295 14
201 91 73
127 6 13
43 59 -34
142 490 71
145 442 34
215 449 -4
159 78 -53
500 430 15
253 176 47
446 143 2
306 337 -23
353 169 -43
420 335 -14
32 101 6
437 409 62
371 361 -17
195 185 -10
116 25 42
114 26 -76
41 220 31
371 227 22
327 121 39
460 261 38
11 456 -46
56 372 -27
46 420 -10
151 58 -48
360 133 -58
246 199 -4
170 438 10
13 423 33
449 230 14
199 101 -27
118 491 34
171 6 69
355 95 48
57 103 -31
455 158 53
342 115 16
120 44 92
116 400 -13
308 287 -62
428 104 -63
62 55 16
81 286 32
255 274 -14
353 115 -38
284 298 92
458 490 47
233 25 24
386 323 19
371 407 54
103 344 29
286 310 -82
210 331 -58
22 310 -67
203 424 63
123 498 -48
52 18 -33
82 163 7
281 215 -77
434 143 -48
363 445 -33
27 25 60
211 299 86
74 251 -20
262 240 92
381 400 -80
7 46 35
260 179 -25
444 158 29
469 228 46
360 199 8
451 365 10
85 384 19
21 312 19
398 58 -46
381 27 -85
99 366 -79
87 451 -6
371 447 34
216 170 -58
114 198 -58
303 63 -10
246 51 -73
80 447 45
255 64 -44
405 6 90
449 417 68
133 231 -23
22 261 -22
219 178 -52
159 49 -10
41 202 38
379 144 -39
390 39 40
359 300 -5
145 313 -12
257 457 -11
32 269 -35
343 461 -26
238 263 -7
454 224 -37
156 345 -51
432 360 65
498 227 8
41 68 34
1 196 11
65 352 -46
252 416 6
435 273 36
188 42 3
168 306 7
180 36 -55
35 134 -50
433 64 44
239 392 47
425 5 -17
21 407 17
366 311 45
376 156 -4
258 411 -36
347 84 -18
236 327 -46
286 30 -23
417 149 -84
63 104 1
421 377 50
2 409 5
395 495 -14
166 215 -21
391 10 -38
270 250 65
385 413 86
95 220 -2
490 407 19
454 500 26
19 333 76
188 204 28
206 354 -16
340 180 65
384 470 40
248 291 -5
381 204 -50
354 495 -21
236 337 -25
39 144 -51
378 498 38
21 482 6
321 142 -80
371 450 33
373 275 -31
405 350 93
181 99 84
357 54 -32
138 348 -85
445 162 21
293 72 78
298 253 -44
218 38 -26
205 212 -1
409 237 -22
243 348 -82
208 184 -67
10 324 37
417 58 -47
458 362 -16
53 295 76
125 456 -36
1 302 40
479 362 0
321 216 16
8 190 -41
34 404 -39
239 291 32
192 477 -66
251 193 72
391 249 -19
352 213 -21
353 416 -9
225 41 -25
269 225 51
123 383 -73
23 22 20
440 222 -21
228 426 -22
257 135 -40
423 378 -75
461 465 28
128 64 8
439 224 0
71 496 12
149 199 93
436 7 -30
322 297 18
214 454 25
237 36 -34
322 39 52
335 423 64
166 426 21
67 193 30
385 287 22
436 406 56
308 238 -27
51 363 45
406 282 -71
270 324 76
124 90 30
407 94 -52
376 278 -51
149 337 50
314 310 -73
275 158 47
331 228 59
138 454 -59
294 226 -85
74 89 -21
309 33 23
460 231 -18
233 148 15
183 399 64
12 284 -50
107 229 -50
10 205 44
189 149 -21
49 357 39
260 440 5
446 176 84
151 358 -45
293 352 33
472 437 6
452 322 17
185 233 33
182 448 29
313 153 49
417 408 -59
113 229 -97
403 197 -68
295 256 -53
49 464 -12
207 276 65
413 178 -61
392 196 -37
488 228 20
297 497 -10
86 303 -25
353 391 -11
306 98 -49
440 126 -19
162 308 27
143 313 3
9 34 42
217 186 47
41 481 -20
182 324 69
61 475 41
132 296 26
163 468 -5
445 417 48
91 323 -51
301 75 -61
369 110 -44
496 326 -11
222 118 -13
266 408 -62
289 330 39
173 302 52
47 27 -16
9 160 -7
120 335 20
223 62 13
417 437 -77
380 91 44
127 48 -58
488 67 -16
66 35 42
303 327 -6
87 39 53
492 466 -5
248 126 9
110 488 63
328 41 -26
73 65 -19
14 437 -83
392 321 9
197 217 -15
442 230 -35
439 298 95
115 439 -52
382 449 -30
185 17 82
118 157 -6
438 344 -11
116 89 -16
371 370 23
18 236 33
253 360 34
36 437 -6
483 45 -94
291 93 16
360 458 -61
236 423 12
19 1 14
155 424 58
268 40 2
85 343 67
41 410 -21
403 166 -58
329 183 -14
8 89 -54
239 310 -9
364 299 61
122 156 49
193 191 -65
403 116 -78
178 373 43
124 359 49
67 197 -17
216 44 -1
184 194 74
51 486 22
189 407 69
416 464 -46
186 426 -1
76 166 -15
226 146 -2
440 215 -69
194 319 -57
202 118 -34
467 259 -5
355 300 33
347 307 -40
477 374 60
216 38 -23
191 47 6
457 433 -56
453 433 -51
310 108 7
27 385 -3
118 404 -42
359 211 -72
436 422 24
479 227 50
267 171 -18
19 84 26
493 388 -37
55 179 -36
393 335 -62
217 224 -16
20 470 30
64 111 41
329 105 39
372 243 68
321 288 -8
437 49 40
171 340 -21
304 33 19
323 439 -36
464 140 -12
416 496 -20
449 82 60
413 476 -60
34 111 38
494 461 -37
14 43 -36
113 318 -66
205 81 -20
428 26 -78
499 291 -35
406 308 -14
33 145 -50
280 368 -33
3 228 -8
332 160 -55
321 417 4
274 357 7
173 406 87
3 166 -51
300 84 -34
464 469 3
240 95 -8
48 202 67
181 337 43
268 449 -16
318 329 -15
318 227 25
151 383 -60
264 479 -20
209 171 2
63 180 43
154 335 19
59 39 49
82 376 -10
324 407 12
380 189 -22
166 465 40
472 186 62
273 45 -91
169 294 45
299 460 -66
463 421 -35
290 76 4
155 363 50
53 189 10
298 353 -5
239 133 3
242 246 37
255 372 -68
73 70 -31
82 191 -63
344 495 24
492 241 -10
118 277 19
201 12 39
33 413 5
300 422 -3
481 103 -23
29 94 -31
46 346 51
186 291 -7
320 226 -58
167 156 43
376 210 17
82 224 -76
105 279 33
298 305 4
358 209 -18
45 99 88
77 113 75
464 190 -17
328 258 11
166 176 57
444 4 -48
377 456 -39
28 398 -5
256 24 -34
99 342 -55
152 192 13
360 67 -37
417 59 -64
204 302 25
75 381 62
381 85 -76
154 233 35
70 144 -49
463 169 7
286 281 0
169 89 -42
194 423 -10
154 4 3
289 89 -51
361 349 60
371 211 -34
292 436 -40
298 285 -71
317 59 -49
118 159 2
315 411 52
128 437 -34
306 31 -57
247 252 20
358 197 -9
355 60 20
152 86 -11
443 256 -51
438 435 10
436 31 -26
393 85 -73
100 400 -24
40 189 -13
214 360 73
414 128 37
256 354 48
36 28 75
323 176 62
260 244 -10
118 228 29
429 197 10
61 349 47
197 354 51
295 43 -33
423 316 12
418 168 28
212 113 15
142 193 78
199 194 4
105 424 20
4 464 28
417 35 1
343 272 -41
306 9 -63
478 113 20
422 348 -55
272 429 -17
406 159 -41
118 99 36
51 344 13
193 160 -75
161 44 40
414 265 44
318 90 22
499 300 -22
278 210 68
423 52 -12
134 103 -27
264 90 27
462 14 6
458 365 -4
60 336 -55
138 98 -72
41 102 19
4 53 4
438 168 18
186 119 29
204 500 25
98 468 54
375 39 68
446 30 60
157 208 41
242 406 38
365 440 69
142 303 35
182 98 15
401 57 27
359 132 -62
437 316 92
91 158 -3
143 241 21
113 237 -52
421 180 63
131 242 -35
102 139 -26
258 240 4
10 49 6
407 351 -2
234 258 24
233 343 40
479 406 90
243 269 -68
10 269 -16
343 392 -8
87 66 27
295 371 -51
362 175 68
426 188 -52
341 311 -39
71 312 43
264 449 -12
266 305 12
437 196 27
3 296 -54
247 436 -13
247 93 17
125 304 10
392 99 20
495 300 8
428 488 -25
237 473 25
401 117 35
123 178 -73
207 354 53
231 80 21
160 167 16
235 330 20
435 149 -58
269 137 -19
25 255 30
189 416 60
285 237 23
493 260 36
66 10 -2
263 241 -13
82 336 -75
237 104 -21
124 91 62
180 309 -10
203 250 53
327 252 46
336 244 73
89 128 36
226 293 -7
306 500 -10
120 287 19
462 294 8
319 424 37
186 220 19
136 285 -20
387 417 67
208 96 -41
444 140 -32
2 485 25
195 367 77
329 426 44
424 362 -69
107 461 1
485 457 -28
488 390 -35
489 340 -48
51 165 6
130 385 -59
170 153 30
424 351 11
157 30 25
268 269 -7
317 333 16
205 133 -58
329 21 55
234 387 -47
240 371 -56
129 48 -58
292 353 8
238 295 30
487 340 -96
310 481 16
344 9 -27
257 31 -56
136 193 34
202 54 -35
13 412 25
107 266 35
234 34 -12
481 287 -9
345 62 68
56 84 -17
410 292 52
326 45 -47
412 482 0
360 64 -36
69 450 30
270 310 13
489 266 36
496 91 26
435 148 -4
329 95 66
163 384 -52
191 322 4
367 59 -73
347 407 37
329 69 21
46 392 24
233 495 22
247 117 -8
491 197 -58
256 442 31
239 437 -17
448 49 9
251 337 44
35 105 -28
336 297 34
191 307 0
465 429 -60
76 303 -21
316 213 -87
119 163 -9
319 494 50
422 464 -31
169 164 23
93 72 6
61 15 66
120 389 90
200 17 58
361 181 -12
380 61 -11
299 329 -70
186 159 -6
117 281 50
443 56 -33
461 172 -37
229 24 -2
397 224 -35
383 218 74
113 324 -21
376 186 -3
446 43 40
303 357 51
422 69 -27
462 366 -72
325 319 6
41 466 -9
100 36 -19
290 109 -47
448 200 -8
203 144 4
337 19 -41
350 327 -67
452 108 22
211 144 16
257 71 -23
34 443 33
85 461 41
207 255 64
7 381 76
483 80 -72
113 454 -62
453 206 42
134 384 -4
289 59 -36
398 7 -71
356 45 -16
137 443 79
269 435 33
151 357 1
433 68 80
464 412 44
285 135 8
247 43 -1
156 176 36
92 370 54
286 243 -4
434 155 -45
213 185 -6
186 288 9
17 167 -69
302 242 -3
207 22 53
333 112 -37
50 383 5
224 284 3
112 198 -19
156 124 -37
152 186 -8
440 493 -41
498 110 -49
477 220 64
208 3 2
500 210 20
75 485 63
118 463 -15
38 272 -35
378 483 85
357 29 -17
301 469 -49
365 188 -10
233 30 35
450 195 -53
399 460 -46
140 2 41
241 456 -21
386 58 20
164 109 -65
27 198 26
30 211 -72
9 355 26
10 74 -15
484 186 -27
228 320 -19
189 106 70
211 124 23
7 430 66
250 472 -66
10 251 -35
139 349 35
95 358 -44
286 330 -2
127 117 -33
346 139 -54
199 224 -93
187 343 60
410 6 63
195 424 61
453 363 13
38 141 -23
196 432 -14
12 343 26
390 89 -24
470 112 -23
259 310 2
252 70 -8
300 332 -11
127 37 2
258 6 5
203 147 83
392 113 28
94 152 33
252 305 24
297 244 39
22 270 -80
404 467 5
210 188 -73
418 74 -12
469 95 46
23 197 -31
228 201 -70
100 170 6
308 242 -24
435 96 -9
485 223 -23
232 120 -67
380 238 14
407 136 -46
270 73 96
372 489 26
51 479 -16
383 310 -10
163 122 -70
499 281 6
448 171 -14
208 78 -86
288 180 -4
59 249 40
29 324 9
219 253 -26
350 364 -69
214 50 8
315 112 48
86 211 -58
148 452 -54
1 317 46
462 256 -50
362 6 85
270 101 64
348 397 24
355 357 50
265 233 -9
357 156 -24
379 59 -37
267 102 28
61 107 20
277 406 24
326 349 29
220 72 -4
134 230 -5
477 204 20
481 305 68
456 202 73
476 253 25
79 367 63
51 178 1
258 450 -19
190 226 -11
434 105 -7
219 112 -29
335 226 -16
125 144 -34
200 7 -18
282 216 69
216 259 -83
400 151 77
34 279 38
99 455 -60
267 3 50
378 194 85
288 497 -47
247 243 38
216 249 -36
454 392 34
235 107 -23
334 426 -34
199 63 -68
125 11 10
153 400 -60
67 155 -29
231 259 9
34 450 17
9 44 85
377 229 -53
481 105 26
120 221 35
147 498 -47
94 116 -17
120 270 -1
445 426 26
29 329 -51
493 289 8
419 243 18
62 19 -70
57 200 -9
326 282 -23
451 380 33
148 185 -48
231 127 76
462 148 -30
470 377 -16
459 220 -1
322 483 80
196 170 4
57 339 -33
460 368 37
268 244 42
333 176 13
149 406 98
34 303 -17
54 108 -32
157 481 -18
423 282 -60
197 3 61
489 429 -30
133 356 -8
284 325 31
74 309 32
14 391 -11
335 59 -3
209 299 66
337 191 -37
439 272 38
452 327 29
301 446 -73
476 310 -11
229 34 50
493 484 42
24 245 76
295 20 -46
462 214 -72
438 279 42
428 484 1
320 322 -48
438 67 0
220 376 -16
291 169 -9
50 384 11
321 180 -12
444 251 -49
59 319 20
364 307 -14
89 294 87
174 141 22
227 374 20
217 192 68
461 340 -50
33 290 -29
181 261 53
492 283 47
405 42 10
469 83 30
270 456 14
156 461 -9
261 270 -58
208 146 -85
165 10 11
413 346 12
62 106 12
482 361 -60
300 72 9
406 180 -30
491 188 -79
441 275 9
421 336 -4
365 154 -16
20 396 -25
110 195 15
79 223 36
7 23 50
367 197 -62
170 323 -2
137 476 20
86 216 36
169 81 18
198 466 13
403 57 -60
419 272 -37
397 353 55
165 261 30
76 177 23
493 6 45
253 90 4
201 229 -12
315 430 78
20 464 -6
55 278 -80
166 457 20
111 206 8
259 225 63
234 399 4
332 339 -52
193 478 1
95 429 -63
52 440 14
198 493 19
444 229 -53
279 140 -67
24 392 71
155 184 4
57 231 -35
487 244 -25
459 343 -4
289 188 -46
128 183 -37
207 44 66
255 201 -79
241 413 49
305 485 -10
498 210 33
259 405 -10
197 493 17
41 228 33
292 138 14
480 147 36
476 95 58
126 465 11
114 357 -1
486 434 18
378 209 10
478 426 -17
10 243 52
197 111 59
226 75 19
60 340 -53
61 421 -27
317 76 -13
210 467 -65
325 219 43
164 172 -54
478 354 3
90 79 -25
97 364 -61
203 291 42
132 487 87
193 202 11
276 477 -76
168 85 -54
497 389 68
306 262 -73
306 425 24
105 25 6
186 157 -14
173 67 37
70 76 -11
226 365 13
461 497 -28
307 159 44
359 457 -13
92 24 -5
358 83 28
78 252 71
450 243 24
113 127 -19
445 207 -7
87 354 66
201 183 -10
418 279 52
290 409 17
141 318 -17
360 472 -84
315 401 12
410 240 62
293 500 63
342 102 34
55 90 -40
15 284 -95
300 90 -14
473 232 -2
317 413 17
336 221 37
291 298 39
219 426 -15
328 499 14
482 234 -15
23 420 -25
322 216 79
3 222 -24
124 196 9
330 405 -92
292 297 -47
170 281 59
419 140 -52
176 350 -2
127 16 -7
487 278 -84
351 304 -26
299 255 5
375 30 73
362 452 -8
237 254 41
116 212 63
163 410 -53
402 289 -40
403 227 -41
358 124 -15
497 64 24
217 414 -12
315 377 55
214 344 25
279 267 -48
301 314 1
104 6 67
306 256 -39
230 203 -16
53 235 64
299 71 -39
297 139 9
102 28 18
288 361 -53
475 378 -61
135 470 39
55 297 -60
214 96 37
338 441 -21
202 221 -51
298 221 -57
473 174 -44
402 132 -84
130 474 -27
422 253 -15
437 467 11
269 7 -13
105 356 -38
468 105 -21
476 448 12
461 177 26
35 241 -48
380 218 56
448 156 24
356 258 69
388 305 88
406 214 -86
420 498 13
481 167 -12
9 293 -10
138 89 -91
54 489 -3
478 60 -23
427 160 -33
335 276 71
20 318 -8
92 337 45
427 385 -36
442 18 -23
362 438 40
67 95 36
98 183 -20
294 217 -76
238 77 -33
232 396 -54
103 145 23
376 236 9
382 216 50
270 182 7
123 243 -5
474 300 37
400 304 54
420 65 42
233 453 17
189 93 51
79 72 48
424 463 -37
182 126 61
18 20 -1
32 12 -7
11 179 -3
127 262 -80
182 365 11
401 174 16
495 35 24
26 73 87
363 246 28
38 464 -38
24 374 78
73 374 -20
453 282 -29
391 199 14
264 423 59
11 144 -44
21 118 -18
115 370 7
106 179 -32
293 345 11
222 92 -63
152 314 17
350 167 -77
90 398 28
447 227 -12
457 436 -19
259 388 -2
375 236 74
466 80 -17
343 345 -68
276 161 -39
16 402 23
164 52 5
204 233 1
237 72 31
265 92 -43
210 352 -50
143 268 16
167 469 19
134 182 -26
25 412 16
185 23 56
103 66 35
272 423 49
463 204 -2
441 445 8
239 237 23
441 430 50
113 46 -52
406 396 -82
403 173 -88
484 109 -85
171 410 6
76 80 -31
434 206 34
255 489 -42
331 188 -15
215 283 74
150 116 -2
10 419 34
418 162 19
356 187 0
48 388 -11
39 326 -19
236 419 0
61 138 64
261 243 33
469 258 50
25 285 -39
353 314 -2
258 49 -41
163 483 14
367 4 -86
162 451 -47
349 47 -60
152 76 -15
73 485 -9
413 475 -13
486 453 10
141 285 -26
407 212 -6
365 153 48
355 110 -35
284 77 21
35 22 -3
33 178 -56
64 311 8
81 356 -46
410 27 -27
142 211 2
263 274 29
373 461 -15
406 125 -46
458 218 75
391 66 -36
500 60 -7
15 152 -27
313 81 46
306 360 12
130 420 -22
104 168 40
200 443 55
306 472 -72
400 22 74
395 230 -45
471 35 12
493 261 12
265 439 -48
54 242 6
452 104 26
246 299 -9
361 16 54
367 259 -80
383 300 44
453 41 -5
11 72 16
251 156 56
330 342 -59
416 188 -71
352 205 52
358 394 -11
122 184 10
301 386 -70
203 23 48
237 304 15
76 141 -6
437 407 83
104 31 -10
432 124 5
460 347 31
380 361 -24
317 302 -6
334 30 -22
484 387 -73
394 302 34
220 165 -52
191 59 7
373 304 -6
264 312 64
361 337 31
8 182 -50
46 206 51
397 213 -23
218 477 -81
332 142 -58
178 393 60
343 179 -20
7 79 18
260 287 -62
246 333 -12
296 467 -20
314 259 -75
248 257 11
469 435 20
406 215 -78
157 267 -7
351 248 -27
310 4 -8
196 388 -23
347 494 37
463 50 -20
312 329 -74
27 341 93
251 142 -6
171 152 47
95 366 -72
51 419 51
304 422 4
