90 99 5764
0 0 0
1 0 1
2 0 2
3 0 3
4 0 4
5 0 10
6 0 11
7 0 12
8 0 14
9 0 15
10 0 16
11 0 17
12 0 18
13 0 21
14 0 23
15 0 25
16 0 28
17 0 29
18 0 31
19 0 32
20 0 34
21 0 37
22 0 38
23 0 41
24 0 43
25 0 44
26 0 45
27 0 46
28 0 50
29 0 51
30 0 52
31 0 53
32 0 54
33 0 57
34 0 58
35 0 59
36 0 60
37 0 61
38 0 62
39 0 63
40 0 65
41 0 66
42 0 67
43 0 68
44 0 69
45 0 73
46 0 76
47 0 78
48 0 80
49 0 82
50 0 83
51 0 84
52 0 87
53 0 89
54 0 91
55 0 92
56 0 93
57 0 94
58 0 96
59 1 4
60 1 6
61 1 7
62 1 8
63 1 10
64 1 12
65 1 13
66 1 15
67 1 19
68 1 20
69 1 22
70 1 23
71 1 24
72 1 25
73 1 26
74 1 27
75 1 28
76 1 29
77 1 30
78 1 33
79 1 34
80 1 36
81 1 37
82 1 38
83 1 39
84 1 42
85 1 44
86 1 46
87 1 48
88 1 49
89 1 52
90 1 54
91 1 56
92 1 57
93 1 58
94 1 60
95 1 61
96 1 63
97 1 64
98 1 65
99 1 67
100 1 68
101 1 69
102 1 70
103 1 71
104 1 72
105 1 73
106 1 74
107 1 75
108 1 77
109 1 79
110 1 80
111 1 82
112 1 83
113 1 84
114 1 86
115 1 87
116 1 89
117 1 90
118 1 91
119 1 92
120 1 94
121 1 95
122 1 96
123 1 97
124 2 0
125 2 1
126 2 2
127 2 3
128 2 4
129 2 5
130 2 8
131 2 9
132 2 10
133 2 11
134 2 12
135 2 14
136 2 15
137 2 17
138 2 19
139 2 21
140 2 22
141 2 24
142 2 25
143 2 26
144 2 28
145 2 29
146 2 31
147 2 32
148 2 33
149 2 34
150 2 36
151 2 37
152 2 40
153 2 41
154 2 44
155 2 45
156 2 46
157 2 47
158 2 48
159 2 50
160 2 52
161 2 53
162 2 55
163 2 57
164 2 58
165 2 59
166 2 60
167 2 61
168 2 62
169 2 63
170 2 64
171 2 66
172 2 67
173 2 70
174 2 71
175 2 72
176 2 73
177 2 74
178 2 75
179 2 76
180 2 78
181 2 79
182 2 82
183 2 85
184 2 87
185 2 89
186 2 91
187 2 92
188 2 93
189 2 95
190 2 96
191 2 98
192 3 0
193 3 2
194 3 3
195 3 6
196 3 7
197 3 8
198 3 9
199 3 15
200 3 16
201 3 18
202 3 19
203 3 21
204 3 22
205 3 23
206 3 24
207 3 25
208 3 27
209 3 29
210 3 30
211 3 38
212 3 41
213 3 43
214 3 44
215 3 45
216 3 49
217 3 52
218 3 54
219 3 55
220 3 58
221 3 59
222 3 60
223 3 61
224 3 62
225 3 63
226 3 65
227 3 67
228 3 68
229 3 70
230 3 71
231 3 72
232 3 78
233 3 79
234 3 80
235 3 81
236 3 83
237 3 84
238 3 88
239 3 90
240 3 91
241 3 95
242 3 96
243 3 97
244 3 98
245 4 1
246 4 2
247 4 3
248 4 4
249 4 5
250 4 6
251 4 7
252 4 9
253 4 11
254 4 14
255 4 15
256 4 16
257 4 17
258 4 20
259 4 22
260 4 25
261 4 26
262 4 27
263 4 28
264 4 29
265 4 31
266 4 32
267 4 35
268 4 36
269 4 37
270 4 38
271 4 39
272 4 40
273 4 41
274 4 42
275 4 43
276 4 44
277 4 45
278 4 49
279 4 50
280 4 51
281 4 53
282 4 56
283 4 57
284 4 58
285 4 59
286 4 61
287 4 64
288 4 65
289 4 66
290 4 67
291 4 70
292 4 71
293 4 73
294 4 74
295 4 75
296 4 76
297 4 78
298 4 80
299 4 81
300 4 82
301 4 83
302 4 84
303 4 85
304 4 86
305 4 87
306 4 88
307 4 90
308 4 91
309 4 92
310 4 93
311 4 94
312 4 97
313 5 0
314 5 1
315 5 3
316 5 4
317 5 5
318 5 6
319 5 8
320 5 9
321 5 10
322 5 11
323 5 12
324 5 13
325 5 14
326 5 16
327 5 18
328 5 22
329 5 23
330 5 24
331 5 25
332 5 27
333 5 30
334 5 32
335 5 33
336 5 35
337 5 37
338 5 38
339 5 39
340 5 41
341 5 43
342 5 44
343 5 46
344 5 47
345 5 48
346 5 49
347 5 50
348 5 52
349 5 53
350 5 54
351 5 55
352 5 56
353 5 57
354 5 58
355 5 59
356 5 60
357 5 61
358 5 62
359 5 67
360 5 68
361 5 70
362 5 71
363 5 72
364 5 74
365 5 76
366 5 78
367 5 79
368 5 80
369 5 81
370 5 82
371 5 84
372 5 88
373 5 92
374 5 93
375 5 94
376 5 98
377 6 0
378 6 2
379 6 4
380 6 5
381 6 8
382 6 11
383 6 12
384 6 13
385 6 14
386 6 19
387 6 20
388 6 21
389 6 25
390 6 26
391 6 27
392 6 28
393 6 30
394 6 32
395 6 33
396 6 35
397 6 36
398 6 37
399 6 39
400 6 40
401 6 41
402 6 42
403 6 44
404 6 45
405 6 47
406 6 48
407 6 50
408 6 51
409 6 53
410 6 54
411 6 56
412 6 57
413 6 59
414 6 60
415 6 62
416 6 64
417 6 65
418 6 66
419 6 67
420 6 69
421 6 70
422 6 71
423 6 72
424 6 73
425 6 74
426 6 75
427 6 76
428 6 77
429 6 80
430 6 81
431 6 84
432 6 85
433 6 86
434 6 88
435 6 89
436 6 93
437 6 94
438 6 96
439 6 97
440 7 0
441 7 1
442 7 2
443 7 4
444 7 6
445 7 7
446 7 12
447 7 13
448 7 15
449 7 17
450 7 20
451 7 21
452 7 23
453 7 25
454 7 27
455 7 28
456 7 29
457 7 30
458 7 31
459 7 34
460 7 36
461 7 38
462 7 40
463 7 41
464 7 42
465 7 44
466 7 45
467 7 46
468 7 47
469 7 51
470 7 52
471 7 53
472 7 54
473 7 55
474 7 56
475 7 58
476 7 59
477 7 60
478 7 62
479 7 63
480 7 65
481 7 66
482 7 67
483 7 69
484 7 70
485 7 71
486 7 72
487 7 73
488 7 75
489 7 76
490 7 77
491 7 78
492 7 81
493 7 82
494 7 86
495 7 88
496 7 91
497 7 92
498 7 93
499 7 94
500 7 95
501 7 96
502 7 97
503 7 98
504 8 0
505 8 1
506 8 2
507 8 3
508 8 4
509 8 5
510 8 6
511 8 7
512 8 9
513 8 10
514 8 11
515 8 12
516 8 15
517 8 16
518 8 17
519 8 18
520 8 21
521 8 22
522 8 23
523 8 24
524 8 26
525 8 27
526 8 29
527 8 30
528 8 32
529 8 39
530 8 41
531 8 42
532 8 43
533 8 44
534 8 45
535 8 47
536 8 50
537 8 52
538 8 55
539 8 57
540 8 58
541 8 60
542 8 61
543 8 62
544 8 64
545 8 66
546 8 67
547 8 68
548 8 73
549 8 75
550 8 80
551 8 81
552 8 82
553 8 83
554 8 84
555 8 86
556 8 89
557 8 90
558 8 91
559 8 92
560 8 94
561 8 95
562 8 98
563 9 1
564 9 2
565 9 3
566 9 5
567 9 6
568 9 9
569 9 11
570 9 13
571 9 16
572 9 17
573 9 19
574 9 20
575 9 21
576 9 22
577 9 23
578 9 25
579 9 28
580 9 31
581 9 32
582 9 34
583 9 36
584 9 38
585 9 39
586 9 40
587 9 44
588 9 46
589 9 47
590 9 48
591 9 49
592 9 50
593 9 51
594 9 52
595 9 53
596 9 56
597 9 57
598 9 58
599 9 59
600 9 60
601 9 61
602 9 69
603 9 70
604 9 73
605 9 75
606 9 79
607 9 80
608 9 81
609 9 84
610 9 86
611 9 87
612 9 88
613 9 89
614 9 90
615 9 91
616 9 93
617 9 95
618 9 96
619 9 97
620 9 98
621 10 1
622 10 4
623 10 5
624 10 7
625 10 10
626 10 11
627 10 12
628 10 14
629 10 17
630 10 19
631 10 20
632 10 21
633 10 23
634 10 24
635 10 25
636 10 26
637 10 27
638 10 30
639 10 32
640 10 34
641 10 36
642 10 37
643 10 38
644 10 39
645 10 40
646 10 41
647 10 43
648 10 44
649 10 46
650 10 47
651 10 49
652 10 50
653 10 53
654 10 54
655 10 56
656 10 60
657 10 63
658 10 65
659 10 66
660 10 67
661 10 68
662 10 70
663 10 71
664 10 74
665 10 75
666 10 77
667 10 78
668 10 81
669 10 83
670 10 84
671 10 87
672 10 89
673 10 91
674 10 92
675 10 93
676 10 94
677 10 95
678 10 98
679 11 0
680 11 1
681 11 2
682 11 3
683 11 4
684 11 5
685 11 6
686 11 9
687 11 10
688 11 11
689 11 14
690 11 15
691 11 17
692 11 18
693 11 19
694 11 20
695 11 21
696 11 23
697 11 24
698 11 25
699 11 26
700 11 27
701 11 28
702 11 29
703 11 30
704 11 32
705 11 39
706 11 40
707 11 41
708 11 42
709 11 43
710 11 44
711 11 45
712 11 46
713 11 47
714 11 48
715 11 49
716 11 51
717 11 52
718 11 53
719 11 57
720 11 61
721 11 63
722 11 64
723 11 65
724 11 66
725 11 67
726 11 68
727 11 69
728 11 70
729 11 72
730 11 73
731 11 75
732 11 76
733 11 77
734 11 80
735 11 83
736 11 84
737 11 86
738 11 90
739 11 91
740 11 94
741 11 95
742 11 96
743 11 98
744 12 0
745 12 3
746 12 6
747 12 7
748 12 8
749 12 9
750 12 10
751 12 11
752 12 12
753 12 13
754 12 15
755 12 17
756 12 18
757 12 19
758 12 22
759 12 23
760 12 24
761 12 26
762 12 28
763 12 29
764 12 31
765 12 33
766 12 34
767 12 35
768 12 42
769 12 43
770 12 44
771 12 45
772 12 46
773 12 48
774 12 49
775 12 51
776 12 52
777 12 55
778 12 56
779 12 58
780 12 61
781 12 62
782 12 64
783 12 65
784 12 68
785 12 69
786 12 70
787 12 71
788 12 72
789 12 73
790 12 74
791 12 75
792 12 76
793 12 78
794 12 79
795 12 80
796 12 82
797 12 83
798 12 86
799 12 87
800 12 88
801 12 89
802 12 90
803 12 92
804 12 93
805 12 94
806 12 95
807 12 97
808 12 98
809 13 0
810 13 1
811 13 4
812 13 5
813 13 8
814 13 10
815 13 11
816 13 12
817 13 14
818 13 17
819 13 18
820 13 20
821 13 21
822 13 22
823 13 23
824 13 26
825 13 27
826 13 28
827 13 29
828 13 31
829 13 32
830 13 33
831 13 35
832 13 36
833 13 37
834 13 39
835 13 40
836 13 41
837 13 45
838 13 47
839 13 51
840 13 53
841 13 56
842 13 57
843 13 59
844 13 61
845 13 62
846 13 65
847 13 66
848 13 67
849 13 68
850 13 71
851 13 72
852 13 74
853 13 75
854 13 77
855 13 78
856 13 79
857 13 80
858 13 81
859 13 82
860 13 83
861 13 84
862 13 86
863 13 87
864 13 88
865 13 90
866 13 92
867 13 94
868 13 95
869 13 96
870 13 98
871 14 1
872 14 2
873 14 3
874 14 4
875 14 5
876 14 7
877 14 9
878 14 10
879 14 12
880 14 13
881 14 14
882 14 16
883 14 17
884 14 18
885 14 20
886 14 21
887 14 22
888 14 23
889 14 24
890 14 25
891 14 26
892 14 27
893 14 28
894 14 31
895 14 32
896 14 34
897 14 35
898 14 36
899 14 37
900 14 38
901 14 39
902 14 40
903 14 41
904 14 43
905 14 44
906 14 45
907 14 46
908 14 48
909 14 49
910 14 50
911 14 51
912 14 52
913 14 53
914 14 54
915 14 56
916 14 57
917 14 59
918 14 60
919 14 61
920 14 62
921 14 63
922 14 65
923 14 67
924 14 68
925 14 69
926 14 70
927 14 71
928 14 72
929 14 73
930 14 74
931 14 76
932 14 77
933 14 79
934 14 80
935 14 81
936 14 84
937 14 86
938 14 87
939 14 88
940 14 89
941 14 91
942 14 92
943 14 93
944 14 94
945 14 95
946 14 97
947 14 98
948 15 1
949 15 4
950 15 5
951 15 7
952 15 9
953 15 10
954 15 11
955 15 15
956 15 16
957 15 17
958 15 18
959 15 19
960 15 20
961 15 21
962 15 22
963 15 23
964 15 24
965 15 25
966 15 28
967 15 29
968 15 30
969 15 31
970 15 32
971 15 34
972 15 35
973 15 36
974 15 38
975 15 40
976 15 41
977 15 42
978 15 43
979 15 46
980 15 47
981 15 50
982 15 51
983 15 52
984 15 54
985 15 55
986 15 57
987 15 59
988 15 61
989 15 62
990 15 63
991 15 64
992 15 66
993 15 67
994 15 69
995 15 71
996 15 72
997 15 74
998 15 75
999 15 76
1000 15 77
1001 15 78
1002 15 81
1003 15 83
1004 15 85
1005 15 86
1006 15 87
1007 15 89
1008 15 90
1009 15 91
1010 15 93
1011 15 95
1012 15 96
1013 15 97
1014 16 2
1015 16 3
1016 16 5
1017 16 7
1018 16 8
1019 16 12
1020 16 13
1021 16 16
1022 16 18
1023 16 20
1024 16 21
1025 16 25
1026 16 26
1027 16 29
1028 16 31
1029 16 32
1030 16 33
1031 16 35
1032 16 36
1033 16 37
1034 16 38
1035 16 41
1036 16 44
1037 16 46
1038 16 48
1039 16 50
1040 16 51
1041 16 53
1042 16 54
1043 16 56
1044 16 57
1045 16 58
1046 16 59
1047 16 60
1048 16 61
1049 16 62
1050 16 63
1051 16 64
1052 16 65
1053 16 69
1054 16 71
1055 16 72
1056 16 74
1057 16 78
1058 16 80
1059 16 81
1060 16 82
1061 16 85
1062 16 88
1063 16 90
1064 16 91
1065 16 93
1066 16 94
1067 16 95
1068 16 98
1069 17 0
1070 17 2
1071 17 3
1072 17 4
1073 17 5
1074 17 7
1075 17 8
1076 17 9
1077 17 12
1078 17 15
1079 17 16
1080 17 17
1081 17 18
1082 17 19
1083 17 20
1084 17 21
1085 17 23
1086 17 25
1087 17 26
1088 17 30
1089 17 32
1090 17 33
1091 17 34
1092 17 35
1093 17 36
1094 17 37
1095 17 39
1096 17 40
1097 17 42
1098 17 43
1099 17 45
1100 17 46
1101 17 48
1102 17 50
1103 17 51
1104 17 53
1105 17 54
1106 17 56
1107 17 57
1108 17 59
1109 17 61
1110 17 62
1111 17 63
1112 17 65
1113 17 66
1114 17 67
1115 17 68
1116 17 71
1117 17 72
1118 17 75
1119 17 76
1120 17 78
1121 17 79
1122 17 81
1123 17 82
1124 17 83
1125 17 84
1126 17 85
1127 17 86
1128 17 87
1129 17 88
1130 17 89
1131 17 91
1132 17 92
1133 17 94
1134 17 96
1135 17 97
1136 18 2
1137 18 3
1138 18 4
1139 18 6
1140 18 7
1141 18 10
1142 18 11
1143 18 12
1144 18 13
1145 18 14
1146 18 16
1147 18 18
1148 18 19
1149 18 20
1150 18 21
1151 18 22
1152 18 24
1153 18 27
1154 18 28
1155 18 29
1156 18 30
1157 18 31
1158 18 36
1159 18 38
1160 18 39
1161 18 40
1162 18 41
1163 18 43
1164 18 44
1165 18 46
1166 18 47
1167 18 49
1168 18 50
1169 18 51
1170 18 53
1171 18 54
1172 18 56
1173 18 57
1174 18 58
1175 18 59
1176 18 60
1177 18 61
1178 18 62
1179 18 63
1180 18 65
1181 18 66
1182 18 67
1183 18 68
1184 18 69
1185 18 70
1186 18 72
1187 18 74
1188 18 75
1189 18 77
1190 18 78
1191 18 81
1192 18 82
1193 18 83
1194 18 84
1195 18 85
1196 18 88
1197 18 89
1198 18 91
1199 18 92
1200 18 95
1201 18 96
1202 19 0
1203 19 2
1204 19 4
1205 19 6
1206 19 8
1207 19 10
1208 19 11
1209 19 12
1210 19 13
1211 19 14
1212 19 15
1213 19 16
1214 19 17
1215 19 18
1216 19 19
1217 19 20
1218 19 21
1219 19 22
1220 19 23
1221 19 24
1222 19 26
1223 19 27
1224 19 32
1225 19 33
1226 19 34
1227 19 35
1228 19 36
1229 19 38
1230 19 39
1231 19 42
1232 19 44
1233 19 45
1234 19 46
1235 19 48
1236 19 50
1237 19 51
1238 19 52
1239 19 53
1240 19 54
1241 19 56
1242 19 57
1243 19 59
1244 19 61
1245 19 62
1246 19 63
1247 19 64
1248 19 66
1249 19 67
1250 19 70
1251 19 72
1252 19 75
1253 19 76
1254 19 77
1255 19 80
1256 19 82
1257 19 83
1258 19 84
1259 19 89
1260 19 90
1261 19 91
1262 19 92
1263 19 93
1264 19 94
1265 19 95
1266 19 96
1267 19 97
1268 20 0
1269 20 1
1270 20 2
1271 20 3
1272 20 4
1273 20 5
1274 20 7
1275 20 8
1276 20 9
1277 20 10
1278 20 12
1279 20 13
1280 20 14
1281 20 17
1282 20 18
1283 20 19
1284 20 20
1285 20 21
1286 20 22
1287 20 23
1288 20 24
1289 20 25
1290 20 26
1291 20 28
1292 20 29
1293 20 31
1294 20 32
1295 20 34
1296 20 35
1297 20 37
1298 20 38
1299 20 40
1300 20 43
1301 20 45
1302 20 46
1303 20 48
1304 20 50
1305 20 53
1306 20 58
1307 20 59
1308 20 60
1309 20 63
1310 20 64
1311 20 65
1312 20 66
1313 20 72
1314 20 74
1315 20 75
1316 20 80
1317 20 82
1318 20 84
1319 20 87
1320 20 89
1321 20 90
1322 20 91
1323 20 92
1324 20 94
1325 20 98
1326 21 0
1327 21 1
1328 21 3
1329 21 6
1330 21 7
1331 21 9
1332 21 11
1333 21 13
1334 21 14
1335 21 15
1336 21 17
1337 21 19
1338 21 20
1339 21 21
1340 21 22
1341 21 24
1342 21 27
1343 21 29
1344 21 30
1345 21 31
1346 21 32
1347 21 33
1348 21 34
1349 21 35
1350 21 36
1351 21 37
1352 21 40
1353 21 41
1354 21 42
1355 21 44
1356 21 46
1357 21 48
1358 21 49
1359 21 52
1360 21 53
1361 21 54
1362 21 61
1363 21 64
1364 21 65
1365 21 67
1366 21 68
1367 21 69
1368 21 70
1369 21 71
1370 21 72
1371 21 73
1372 21 74
1373 21 76
1374 21 78
1375 21 79
1376 21 80
1377 21 82
1378 21 83
1379 21 84
1380 21 89
1381 21 92
1382 21 93
1383 21 98
1384 22 0
1385 22 1
1386 22 2
1387 22 4
1388 22 6
1389 22 7
1390 22 9
1391 22 10
1392 22 11
1393 22 15
1394 22 16
1395 22 19
1396 22 21
1397 22 23
1398 22 25
1399 22 26
1400 22 27
1401 22 29
1402 22 32
1403 22 33
1404 22 34
1405 22 37
1406 22 38
1407 22 39
1408 22 40
1409 22 41
1410 22 42
1411 22 44
1412 22 45
1413 22 47
1414 22 48
1415 22 50
1416 22 52
1417 22 54
1418 22 55
1419 22 57
1420 22 58
1421 22 59
1422 22 61
1423 22 62
1424 22 64
1425 22 69
1426 22 70
1427 22 71
1428 22 72
1429 22 73
1430 22 75
1431 22 76
1432 22 77
1433 22 78
1434 22 79
1435 22 80
1436 22 81
1437 22 82
1438 22 85
1439 22 88
1440 22 90
1441 22 91
1442 22 93
1443 22 96
1444 22 97
1445 22 98
1446 23 1
1447 23 2
1448 23 3
1449 23 4
1450 23 5
1451 23 6
1452 23 8
1453 23 9
1454 23 10
1455 23 11
1456 23 13
1457 23 14
1458 23 15
1459 23 19
1460 23 20
1461 23 22
1462 23 23
1463 23 24
1464 23 25
1465 23 28
1466 23 29
1467 23 30
1468 23 31
1469 23 33
1470 23 37
1471 23 38
1472 23 39
1473 23 40
1474 23 41
1475 23 42
1476 23 43
1477 23 45
1478 23 46
1479 23 47
1480 23 48
1481 23 49
1482 23 50
1483 23 52
1484 23 53
1485 23 56
1486 23 57
1487 23 58
1488 23 60
1489 23 61
1490 23 62
1491 23 63
1492 23 64
1493 23 65
1494 23 66
1495 23 67
1496 23 71
1497 23 72
1498 23 73
1499 23 74
1500 23 76
1501 23 77
1502 23 78
1503 23 79
1504 23 80
1505 23 81
1506 23 82
1507 23 84
1508 23 86
1509 23 87
1510 23 88
1511 23 90
1512 23 91
1513 23 92
1514 23 93
1515 23 94
1516 23 96
1517 23 97
1518 24 0
1519 24 1
1520 24 2
1521 24 3
1522 24 4
1523 24 5
1524 24 6
1525 24 8
1526 24 9
1527 24 11
1528 24 13
1529 24 14
1530 24 16
1531 24 18
1532 24 19
1533 24 21
1534 24 22
1535 24 23
1536 24 24
1537 24 25
1538 24 26
1539 24 28
1540 24 29
1541 24 30
1542 24 32
1543 24 33
1544 24 34
1545 24 35
1546 24 37
1547 24 38
1548 24 41
1549 24 43
1550 24 44
1551 24 47
1552 24 48
1553 24 49
1554 24 51
1555 24 52
1556 24 53
1557 24 54
1558 24 56
1559 24 57
1560 24 58
1561 24 59
1562 24 61
1563 24 63
1564 24 65
1565 24 67
1566 24 68
1567 24 69
1568 24 71
1569 24 74
1570 24 75
1571 24 76
1572 24 79
1573 24 80
1574 24 81
1575 24 82
1576 24 85
1577 24 86
1578 24 88
1579 24 89
1580 24 91
1581 24 93
1582 24 94
1583 24 95
1584 24 96
1585 24 97
1586 24 98
1587 25 1
1588 25 3
1589 25 7
1590 25 8
1591 25 10
1592 25 12
1593 25 14
1594 25 15
1595 25 18
1596 25 19
1597 25 20
1598 25 22
1599 25 24
1600 25 26
1601 25 28
1602 25 29
1603 25 31
1604 25 32
1605 25 34
1606 25 35
1607 25 36
1608 25 37
1609 25 38
1610 25 40
1611 25 42
1612 25 45
1613 25 46
1614 25 47
1615 25 48
1616 25 52
1617 25 55
1618 25 56
1619 25 57
1620 25 60
1621 25 61
1622 25 62
1623 25 65
1624 25 66
1625 25 72
1626 25 73
1627 25 74
1628 25 77
1629 25 78
1630 25 80
1631 25 82
1632 25 83
1633 25 84
1634 25 86
1635 25 87
1636 25 89
1637 25 90
1638 25 91
1639 25 92
1640 25 95
1641 26 0
1642 26 3
1643 26 4
1644 26 7
1645 26 8
1646 26 10
1647 26 12
1648 26 13
1649 26 14
1650 26 15
1651 26 17
1652 26 18
1653 26 19
1654 26 24
1655 26 25
1656 26 26
1657 26 27
1658 26 28
1659 26 29
1660 26 31
1661 26 32
1662 26 35
1663 26 36
1664 26 38
1665 26 39
1666 26 40
1667 26 42
1668 26 43
1669 26 45
1670 26 47
1671 26 48
1672 26 50
1673 26 51
1674 26 52
1675 26 53
1676 26 54
1677 26 55
1678 26 56
1679 26 58
1680 26 59
1681 26 62
1682 26 64
1683 26 65
1684 26 67
1685 26 68
1686 26 71
1687 26 73
1688 26 74
1689 26 76
1690 26 77
1691 26 79
1692 26 82
1693 26 84
1694 26 85
1695 26 89
1696 26 90
1697 26 91
1698 26 92
1699 26 93
1700 26 94
1701 26 95
1702 26 96
1703 26 97
1704 26 98
1705 27 0
1706 27 4
1707 27 6
1708 27 8
1709 27 10
1710 27 13
1711 27 14
1712 27 15
1713 27 17
1714 27 18
1715 27 19
1716 27 21
1717 27 23
1718 27 25
1719 27 26
1720 27 27
1721 27 29
1722 27 30
1723 27 31
1724 27 32
1725 27 33
1726 27 35
1727 27 38
1728 27 39
1729 27 40
1730 27 41
1731 27 42
1732 27 43
1733 27 48
1734 27 49
1735 27 50
1736 27 51
1737 27 52
1738 27 55
1739 27 56
1740 27 57
1741 27 58
1742 27 59
1743 27 60
1744 27 62
1745 27 67
1746 27 69
1747 27 70
1748 27 71
1749 27 72
1750 27 73
1751 27 76
1752 27 77
1753 27 80
1754 27 81
1755 27 82
1756 27 83
1757 27 84
1758 27 85
1759 27 88
1760 27 89
1761 27 90
1762 27 91
1763 27 92
1764 27 93
1765 27 94
1766 27 95
1767 27 96
1768 27 97
1769 28 1
1770 28 2
1771 28 3
1772 28 4
1773 28 5
1774 28 7
1775 28 8
1776 28 9
1777 28 10
1778 28 11
1779 28 12
1780 28 13
1781 28 14
1782 28 15
1783 28 17
1784 28 20
1785 28 22
1786 28 23
1787 28 24
1788 28 29
1789 28 33
1790 28 34
1791 28 36
1792 28 37
1793 28 38
1794 28 39
1795 28 40
1796 28 41
1797 28 42
1798 28 43
1799 28 44
1800 28 45
1801 28 47
1802 28 49
1803 28 51
1804 28 52
1805 28 53
1806 28 54
1807 28 55
1808 28 56
1809 28 57
1810 28 58
1811 28 60
1812 28 61
1813 28 62
1814 28 63
1815 28 64
1816 28 65
1817 28 66
1818 28 67
1819 28 68
1820 28 71
1821 28 73
1822 28 74
1823 28 75
1824 28 76
1825 28 78
1826 28 79
1827 28 80
1828 28 82
1829 28 83
1830 28 84
1831 28 87
1832 28 89
1833 28 90
1834 28 91
1835 28 92
1836 28 93
1837 28 94
1838 28 95
1839 28 96
1840 28 97
1841 29 0
1842 29 2
1843 29 3
1844 29 4
1845 29 5
1846 29 6
1847 29 7
1848 29 8
1849 29 9
1850 29 11
1851 29 12
1852 29 16
1853 29 17
1854 29 18
1855 29 20
1856 29 21
1857 29 22
1858 29 23
1859 29 24
1860 29 25
1861 29 26
1862 29 27
1863 29 28
1864 29 30
1865 29 31
1866 29 32
1867 29 33
1868 29 34
1869 29 36
1870 29 37
1871 29 38
1872 29 39
1873 29 40
1874 29 41
1875 29 45
1876 29 46
1877 29 47
1878 29 48
1879 29 49
1880 29 50
1881 29 55
1882 29 56
1883 29 58
1884 29 59
1885 29 60
1886 29 61
1887 29 62
1888 29 63
1889 29 64
1890 29 66
1891 29 67
1892 29 68
1893 29 69
1894 29 70
1895 29 71
1896 29 72
1897 29 74
1898 29 75
1899 29 76
1900 29 77
1901 29 79
1902 29 81
1903 29 86
1904 29 87
1905 29 88
1906 29 89
1907 29 90
1908 29 92
1909 29 93
1910 29 94
1911 29 95
1912 29 96
1913 29 97
1914 29 98
1915 30 0
1916 30 2
1917 30 5
1918 30 6
1919 30 7
1920 30 8
1921 30 9
1922 30 10
1923 30 12
1924 30 13
1925 30 15
1926 30 16
1927 30 17
1928 30 18
1929 30 19
1930 30 20
1931 30 21
1932 30 22
1933 30 23
1934 30 24
1935 30 27
1936 30 29
1937 30 30
1938 30 33
1939 30 35
1940 30 36
1941 30 37
1942 30 38
1943 30 39
1944 30 40
1945 30 41
1946 30 42
1947 30 45
1948 30 46
1949 30 48
1950 30 49
1951 30 50
1952 30 51
1953 30 52
1954 30 53
1955 30 56
1956 30 58
1957 30 59
1958 30 62
1959 30 65
1960 30 66
1961 30 68
1962 30 69
1963 30 71
1964 30 72
1965 30 73
1966 30 74
1967 30 75
1968 30 78
1969 30 79
1970 30 80
1971 30 83
1972 30 84
1973 30 86
1974 30 88
1975 30 90
1976 30 92
1977 30 95
1978 30 96
1979 30 97
1980 31 0
1981 31 2
1982 31 3
1983 31 4
1984 31 5
1985 31 6
1986 31 7
1987 31 8
1988 31 9
1989 31 10
1990 31 11
1991 31 12
1992 31 13
1993 31 14
1994 31 15
1995 31 16
1996 31 20
1997 31 21
1998 31 22
1999 31 26
2000 31 27
2001 31 28
2002 31 29
2003 31 31
2004 31 32
2005 31 33
2006 31 35
2007 31 36
2008 31 37
2009 31 39
2010 31 41
2011 31 43
2012 31 44
2013 31 45
2014 31 46
2015 31 47
2016 31 48
2017 31 49
2018 31 50
2019 31 52
2020 31 53
2021 31 54
2022 31 55
2023 31 57
2024 31 58
2025 31 60
2026 31 61
2027 31 62
2028 31 63
2029 31 64
2030 31 65
2031 31 66
2032 31 67
2033 31 68
2034 31 69
2035 31 73
2036 31 74
2037 31 75
2038 31 76
2039 31 79
2040 31 80
2041 31 81
2042 31 83
2043 31 84
2044 31 85
2045 31 88
2046 31 89
2047 31 90
2048 31 91
2049 31 92
2050 31 94
2051 31 95
2052 31 96
2053 31 97
2054 31 98
2055 32 0
2056 32 3
2057 32 5
2058 32 8
2059 32 9
2060 32 10
2061 32 11
2062 32 12
2063 32 13
2064 32 14
2065 32 15
2066 32 16
2067 32 18
2068 32 19
2069 32 20
2070 32 21
2071 32 23
2072 32 24
2073 32 25
2074 32 26
2075 32 27
2076 32 29
2077 32 31
2078 32 32
2079 32 33
2080 32 34
2081 32 36
2082 32 37
2083 32 39
2084 32 40
2085 32 41
2086 32 43
2087 32 44
2088 32 45
2089 32 46
2090 32 47
2091 32 49
2092 32 51
2093 32 52
2094 32 53
2095 32 54
2096 32 55
2097 32 56
2098 32 58
2099 32 59
2100 32 61
2101 32 62
2102 32 63
2103 32 64
2104 32 66
2105 32 67
2106 32 68
2107 32 71
2108 32 72
2109 32 75
2110 32 76
2111 32 77
2112 32 78
2113 32 79
2114 32 80
2115 32 81
2116 32 83
2117 32 84
2118 32 86
2119 32 89
2120 32 91
2121 32 94
2122 32 95
2123 32 96
2124 32 97
2125 32 98
2126 33 0
2127 33 3
2128 33 4
2129 33 5
2130 33 7
2131 33 8
2132 33 9
2133 33 11
2134 33 13
2135 33 14
2136 33 16
2137 33 17
2138 33 18
2139 33 20
2140 33 23
2141 33 24
2142 33 26
2143 33 30
2144 33 32
2145 33 33
2146 33 35
2147 33 36
2148 33 38
2149 33 39
2150 33 41
2151 33 42
2152 33 43
2153 33 44
2154 33 45
2155 33 46
2156 33 50
2157 33 51
2158 33 52
2159 33 55
2160 33 56
2161 33 57
2162 33 59
2163 33 60
2164 33 62
2165 33 64
2166 33 67
2167 33 69
2168 33 70
2169 33 73
2170 33 74
2171 33 78
2172 33 79
2173 33 80
2174 33 82
2175 33 83
2176 33 84
2177 33 86
2178 33 87
2179 33 90
2180 33 95
2181 33 96
2182 34 2
2183 34 3
2184 34 6
2185 34 7
2186 34 10
2187 34 11
2188 34 13
2189 34 14
2190 34 15
2191 34 16
2192 34 18
2193 34 19
2194 34 20
2195 34 21
2196 34 23
2197 34 25
2198 34 26
2199 34 27
2200 34 28
2201 34 29
2202 34 30
2203 34 34
2204 34 36
2205 34 37
2206 34 40
2207 34 43
2208 34 45
2209 34 46
2210 34 47
2211 34 48
2212 34 50
2213 34 51
2214 34 52
2215 34 53
2216 34 54
2217 34 57
2218 34 59
2219 34 63
2220 34 64
2221 34 67
2222 34 69
2223 34 70
2224 34 71
2225 34 72
2226 34 73
2227 34 74
2228 34 75
2229 34 77
2230 34 78
2231 34 79
2232 34 80
2233 34 82
2234 34 83
2235 34 84
2236 34 85
2237 34 86
2238 34 87
2239 34 91
2240 34 92
2241 34 95
2242 34 96
2243 34 98
2244 35 0
2245 35 1
2246 35 2
2247 35 3
2248 35 7
2249 35 8
2250 35 9
2251 35 10
2252 35 12
2253 35 14
2254 35 15
2255 35 17
2256 35 18
2257 35 19
2258 35 20
2259 35 21
2260 35 22
2261 35 23
2262 35 25
2263 35 28
2264 35 32
2265 35 33
2266 35 34
2267 35 36
2268 35 37
2269 35 39
2270 35 41
2271 35 42
2272 35 46
2273 35 47
2274 35 48
2275 35 49
2276 35 50
2277 35 51
2278 35 53
2279 35 54
2280 35 60
2281 35 62
2282 35 63
2283 35 64
2284 35 67
2285 35 70
2286 35 73
2287 35 74
2288 35 75
2289 35 76
2290 35 77
2291 35 78
2292 35 79
2293 35 81
2294 35 82
2295 35 83
2296 35 84
2297 35 85
2298 35 89
2299 35 92
2300 35 94
2301 35 95
2302 35 97
2303 35 98
2304 36 0
2305 36 1
2306 36 2
2307 36 3
2308 36 5
2309 36 7
2310 36 8
2311 36 9
2312 36 11
2313 36 12
2314 36 14
2315 36 15
2316 36 16
2317 36 17
2318 36 20
2319 36 21
2320 36 22
2321 36 26
2322 36 28
2323 36 31
2324 36 32
2325 36 39
2326 36 40
2327 36 41
2328 36 42
2329 36 43
2330 36 44
2331 36 45
2332 36 46
2333 36 47
2334 36 48
2335 36 49
2336 36 50
2337 36 53
2338 36 57
2339 36 59
2340 36 63
2341 36 66
2342 36 68
2343 36 70
2344 36 71
2345 36 73
2346 36 75
2347 36 76
2348 36 78
2349 36 79
2350 36 82
2351 36 83
2352 36 84
2353 36 85
2354 36 86
2355 36 87
2356 36 89
2357 36 91
2358 36 94
2359 36 96
2360 36 97
2361 36 98
2362 37 2
2363 37 3
2364 37 4
2365 37 5
2366 37 6
2367 37 7
2368 37 9
2369 37 10
2370 37 11
2371 37 14
2372 37 15
2373 37 16
2374 37 17
2375 37 18
2376 37 19
2377 37 22
2378 37 24
2379 37 25
2380 37 26
2381 37 28
2382 37 29
2383 37 31
2384 37 34
2385 37 35
2386 37 38
2387 37 41
2388 37 42
2389 37 44
2390 37 46
2391 37 47
2392 37 48
2393 37 50
2394 37 52
2395 37 53
2396 37 54
2397 37 55
2398 37 56
2399 37 59
2400 37 61
2401 37 62
2402 37 63
2403 37 65
2404 37 66
2405 37 67
2406 37 68
2407 37 69
2408 37 71
2409 37 72
2410 37 73
2411 37 74
2412 37 75
2413 37 76
2414 37 80
2415 37 82
2416 37 83
2417 37 84
2418 37 85
2419 37 86
2420 37 89
2421 37 90
2422 37 93
2423 37 94
2424 37 97
2425 38 1
2426 38 2
2427 38 3
2428 38 6
2429 38 8
2430 38 10
2431 38 14
2432 38 15
2433 38 16
2434 38 18
2435 38 19
2436 38 21
2437 38 22
2438 38 23
2439 38 24
2440 38 25
2441 38 26
2442 38 27
2443 38 30
2444 38 31
2445 38 35
2446 38 36
2447 38 39
2448 38 40
2449 38 41
2450 38 42
2451 38 43
2452 38 44
2453 38 46
2454 38 47
2455 38 48
2456 38 49
2457 38 50
2458 38 51
2459 38 53
2460 38 55
2461 38 56
2462 38 58
2463 38 59
2464 38 60
2465 38 61
2466 38 63
2467 38 65
2468 38 66
2469 38 67
2470 38 68
2471 38 70
2472 38 71
2473 38 73
2474 38 75
2475 38 78
2476 38 81
2477 38 82
2478 38 83
2479 38 84
2480 38 86
2481 38 87
2482 38 88
2483 38 89
2484 38 92
2485 38 94
2486 38 95
2487 38 96
2488 38 97
2489 38 98
2490 39 0
2491 39 3
2492 39 4
2493 39 6
2494 39 8
2495 39 10
2496 39 12
2497 39 16
2498 39 17
2499 39 19
2500 39 21
2501 39 23
2502 39 24
2503 39 27
2504 39 29
2505 39 31
2506 39 32
2507 39 33
2508 39 34
2509 39 36
2510 39 37
2511 39 40
2512 39 41
2513 39 42
2514 39 43
2515 39 44
2516 39 45
2517 39 46
2518 39 47
2519 39 48
2520 39 49
2521 39 51
2522 39 53
2523 39 54
2524 39 55
2525 39 56
2526 39 57
2527 39 58
2528 39 61
2529 39 62
2530 39 63
2531 39 65
2532 39 66
2533 39 68
2534 39 69
2535 39 71
2536 39 72
2537 39 73
2538 39 74
2539 39 75
2540 39 76
2541 39 79
2542 39 81
2543 39 82
2544 39 83
2545 39 84
2546 39 85
2547 39 86
2548 39 88
2549 39 96
2550 39 97
2551 39 98
2552 40 1
2553 40 2
2554 40 6
2555 40 7
2556 40 8
2557 40 10
2558 40 11
2559 40 12
2560 40 14
2561 40 16
2562 40 17
2563 40 18
2564 40 19
2565 40 20
2566 40 22
2567 40 23
2568 40 26
2569 40 27
2570 40 32
2571 40 34
2572 40 39
2573 40 40
2574 40 41
2575 40 42
2576 40 43
2577 40 45
2578 40 47
2579 40 49
2580 40 51
2581 40 52
2582 40 53
2583 40 54
2584 40 56
2585 40 58
2586 40 59
2587 40 61
2588 40 62
2589 40 63
2590 40 65
2591 40 67
2592 40 68
2593 40 69
2594 40 71
2595 40 72
2596 40 73
2597 40 75
2598 40 77
2599 40 78
2600 40 79
2601 40 80
2602 40 82
2603 40 83
2604 40 84
2605 40 85
2606 40 86
2607 40 87
2608 40 88
2609 40 89
2610 40 91
2611 40 92
2612 40 95
2613 40 96
2614 40 97
2615 40 98
2616 41 0
2617 41 3
2618 41 7
2619 41 10
2620 41 11
2621 41 12
2622 41 13
2623 41 14
2624 41 15
2625 41 17
2626 41 18
2627 41 21
2628 41 22
2629 41 24
2630 41 28
2631 41 29
2632 41 31
2633 41 32
2634 41 35
2635 41 38
2636 41 39
2637 41 40
2638 41 42
2639 41 45
2640 41 46
2641 41 47
2642 41 49
2643 41 50
2644 41 52
2645 41 53
2646 41 54
2647 41 55
2648 41 57
2649 41 59
2650 41 60
2651 41 63
2652 41 65
2653 41 67
2654 41 70
2655 41 71
2656 41 74
2657 41 75
2658 41 76
2659 41 77
2660 41 78
2661 41 79
2662 41 81
2663 41 82
2664 41 83
2665 41 84
2666 41 85
2667 41 87
2668 41 88
2669 41 89
2670 41 92
2671 41 94
2672 41 95
2673 42 0
2674 42 2
2675 42 4
2676 42 5
2677 42 10
2678 42 12
2679 42 14
2680 42 15
2681 42 16
2682 42 17
2683 42 20
2684 42 21
2685 42 22
2686 42 25
2687 42 27
2688 42 28
2689 42 29
2690 42 30
2691 42 38
2692 42 39
2693 42 41
2694 42 44
2695 42 45
2696 42 47
2697 42 48
2698 42 50
2699 42 51
2700 42 53
2701 42 54
2702 42 55
2703 42 56
2704 42 57
2705 42 61
2706 42 62
2707 42 64
2708 42 67
2709 42 68
2710 42 70
2711 42 71
2712 42 72
2713 42 73
2714 42 75
2715 42 79
2716 42 80
2717 42 81
2718 42 82
2719 42 83
2720 42 84
2721 42 85
2722 42 86
2723 42 87
2724 42 89
2725 42 91
2726 42 93
2727 42 94
2728 42 97
2729 43 0
2730 43 2
2731 43 3
2732 43 4
2733 43 5
2734 43 6
2735 43 7
2736 43 10
2737 43 12
2738 43 13
2739 43 16
2740 43 19
2741 43 20
2742 43 21
2743 43 24
2744 43 25
2745 43 26
2746 43 28
2747 43 30
2748 43 31
2749 43 32
2750 43 33
2751 43 35
2752 43 36
2753 43 38
2754 43 40
2755 43 41
2756 43 43
2757 43 48
2758 43 49
2759 43 51
2760 43 52
2761 43 54
2762 43 57
2763 43 58
2764 43 59
2765 43 61
2766 43 62
2767 43 63
2768 43 65
2769 43 66
2770 43 68
2771 43 73
2772 43 74
2773 43 75
2774 43 76
2775 43 77
2776 43 81
2777 43 82
2778 43 84
2779 43 86
2780 43 87
2781 43 88
2782 43 89
2783 43 90
2784 43 91
2785 43 93
2786 43 94
2787 43 95
2788 43 96
2789 43 97
2790 44 0
2791 44 1
2792 44 3
2793 44 5
2794 44 6
2795 44 7
2796 44 9
2797 44 10
2798 44 12
2799 44 17
2800 44 18
2801 44 19
2802 44 24
2803 44 25
2804 44 26
2805 44 30
2806 44 31
2807 44 33
2808 44 34
2809 44 36
2810 44 38
2811 44 39
2812 44 40
2813 44 41
2814 44 43
2815 44 45
2816 44 48
2817 44 51
2818 44 52
2819 44 53
2820 44 55
2821 44 57
2822 44 58
2823 44 59
2824 44 60
2825 44 61
2826 44 62
2827 44 63
2828 44 64
2829 44 65
2830 44 66
2831 44 67
2832 44 68
2833 44 69
2834 44 70
2835 44 71
2836 44 75
2837 44 76
2838 44 80
2839 44 84
2840 44 85
2841 44 86
2842 44 87
2843 44 88
2844 44 90
2845 44 91
2846 44 92
2847 44 94
2848 44 95
2849 44 96
2850 44 97
2851 44 98
2852 45 1
2853 45 3
2854 45 4
2855 45 5
2856 45 6
2857 45 7
2858 45 9
2859 45 12
2860 45 14
2861 45 16
2862 45 18
2863 45 19
2864 45 20
2865 45 21
2866 45 23
2867 45 25
2868 45 27
2869 45 30
2870 45 31
2871 45 32
2872 45 34
2873 45 35
2874 45 36
2875 45 37
2876 45 39
2877 45 40
2878 45 41
2879 45 45
2880 45 46
2881 45 47
2882 45 48
2883 45 49
2884 45 51
2885 45 52
2886 45 53
2887 45 54
2888 45 55
2889 45 56
2890 45 57
2891 45 59
2892 45 60
2893 45 61
2894 45 62
2895 45 65
2896 45 66
2897 45 67
2898 45 68
2899 45 69
2900 45 70
2901 45 71
2902 45 72
2903 45 74
2904 45 75
2905 45 76
2906 45 78
2907 45 82
2908 45 83
2909 45 88
2910 45 92
2911 45 93
2912 45 94
2913 45 95
2914 45 97
2915 45 98
2916 46 3
2917 46 5
2918 46 6
2919 46 7
2920 46 8
2921 46 9
2922 46 10
2923 46 11
2924 46 12
2925 46 13
2926 46 15
2927 46 17
2928 46 18
2929 46 19
2930 46 20
2931 46 22
2932 46 24
2933 46 25
2934 46 26
2935 46 29
2936 46 30
2937 46 33
2938 46 34
2939 46 35
2940 46 36
2941 46 37
2942 46 38
2943 46 40
2944 46 41
2945 46 42
2946 46 43
2947 46 45
2948 46 46
2949 46 48
2950 46 49
2951 46 50
2952 46 51
2953 46 52
2954 46 54
2955 46 57
2956 46 59
2957 46 61
2958 46 62
2959 46 63
2960 46 65
2961 46 66
2962 46 67
2963 46 72
2964 46 74
2965 46 77
2966 46 80
2967 46 83
2968 46 85
2969 46 87
2970 46 88
2971 46 89
2972 46 90
2973 46 91
2974 46 92
2975 46 93
2976 46 94
2977 46 95
2978 46 96
2979 46 98
2980 47 0
2981 47 2
2982 47 5
2983 47 6
2984 47 7
2985 47 9
2986 47 10
2987 47 11
2988 47 12
2989 47 14
2990 47 16
2991 47 17
2992 47 18
2993 47 21
2994 47 23
2995 47 25
2996 47 27
2997 47 28
2998 47 31
2999 47 32
3000 47 34
3001 47 36
3002 47 38
3003 47 40
3004 47 41
3005 47 42
3006 47 43
3007 47 44
3008 47 45
3009 47 46
3010 47 47
3011 47 48
3012 47 50
3013 47 51
3014 47 52
3015 47 53
3016 47 56
3017 47 57
3018 47 58
3019 47 60
3020 47 61
3021 47 62
3022 47 63
3023 47 64
3024 47 65
3025 47 66
3026 47 67
3027 47 68
3028 47 70
3029 47 71
3030 47 72
3031 47 73
3032 47 74
3033 47 76
3034 47 79
3035 47 84
3036 47 85
3037 47 86
3038 47 87
3039 47 88
3040 47 90
3041 47 91
3042 47 94
3043 47 96
3044 48 0
3045 48 1
3046 48 4
3047 48 6
3048 48 7
3049 48 8
3050 48 10
3051 48 12
3052 48 13
3053 48 14
3054 48 15
3055 48 16
3056 48 17
3057 48 18
3058 48 19
3059 48 20
3060 48 21
3061 48 22
3062 48 23
3063 48 26
3064 48 27
3065 48 28
3066 48 29
3067 48 30
3068 48 33
3069 48 34
3070 48 35
3071 48 36
3072 48 40
3073 48 42
3074 48 43
3075 48 45
3076 48 46
3077 48 47
3078 48 48
3079 48 50
3080 48 53
3081 48 54
3082 48 56
3083 48 58
3084 48 59
3085 48 60
3086 48 61
3087 48 63
3088 48 64
3089 48 65
3090 48 66
3091 48 69
3092 48 70
3093 48 71
3094 48 72
3095 48 73
3096 48 74
3097 48 75
3098 48 77
3099 48 79
3100 48 82
3101 48 83
3102 48 84
3103 48 85
3104 48 86
3105 48 87
3106 48 88
3107 48 93
3108 48 94
3109 48 95
3110 48 96
3111 48 98
3112 49 2
3113 49 3
3114 49 4
3115 49 5
3116 49 6
3117 49 7
3118 49 10
3119 49 11
3120 49 12
3121 49 13
3122 49 14
3123 49 15
3124 49 17
3125 49 19
3126 49 20
3127 49 21
3128 49 22
3129 49 23
3130 49 25
3131 49 29
3132 49 30
3133 49 32
3134 49 34
3135 49 35
3136 49 36
3137 49 39
3138 49 42
3139 49 43
3140 49 44
3141 49 47
3142 49 49
3143 49 50
3144 49 51
3145 49 52
3146 49 53
3147 49 54
3148 49 55
3149 49 58
3150 49 59
3151 49 60
3152 49 61
3153 49 62
3154 49 63
3155 49 65
3156 49 66
3157 49 68
3158 49 69
3159 49 70
3160 49 71
3161 49 72
3162 49 75
3163 49 78
3164 49 79
3165 49 81
3166 49 82
3167 49 83
3168 49 84
3169 49 85
3170 49 87
3171 49 88
3172 49 89
3173 49 92
3174 49 95
3175 49 96
3176 50 0
3177 50 2
3178 50 5
3179 50 6
3180 50 7
3181 50 10
3182 50 11
3183 50 12
3184 50 14
3185 50 15
3186 50 16
3187 50 19
3188 50 20
3189 50 21
3190 50 22
3191 50 23
3192 50 24
3193 50 26
3194 50 27
3195 50 28
3196 50 29
3197 50 30
3198 50 33
3199 50 34
3200 50 35
3201 50 37
3202 50 38
3203 50 39
3204 50 41
3205 50 42
3206 50 43
3207 50 44
3208 50 45
3209 50 46
3210 50 47
3211 50 49
3212 50 52
3213 50 54
3214 50 56
3215 50 58
3216 50 59
3217 50 60
3218 50 61
3219 50 62
3220 50 63
3221 50 64
3222 50 65
3223 50 66
3224 50 67
3225 50 68
3226 50 69
3227 50 70
3228 50 71
3229 50 72
3230 50 73
3231 50 76
3232 50 77
3233 50 80
3234 50 81
3235 50 82
3236 50 85
3237 50 89
3238 50 90
3239 50 91
3240 50 94
3241 50 95
3242 50 96
3243 51 0
3244 51 1
3245 51 4
3246 51 5
3247 51 6
3248 51 7
3249 51 8
3250 51 9
3251 51 12
3252 51 13
3253 51 15
3254 51 16
3255 51 17
3256 51 18
3257 51 19
3258 51 21
3259 51 22
3260 51 23
3261 51 24
3262 51 25
3263 51 26
3264 51 28
3265 51 30
3266 51 32
3267 51 34
3268 51 36
3269 51 38
3270 51 39
3271 51 40
3272 51 44
3273 51 45
3274 51 47
3275 51 48
3276 51 49
3277 51 50
3278 51 51
3279 51 52
3280 51 53
3281 51 54
3282 51 57
3283 51 58
3284 51 59
3285 51 61
3286 51 63
3287 51 64
3288 51 65
3289 51 66
3290 51 68
3291 51 69
3292 51 70
3293 51 72
3294 51 75
3295 51 76
3296 51 79
3297 51 80
3298 51 81
3299 51 86
3300 51 87
3301 51 88
3302 51 89
3303 51 92
3304 51 93
3305 51 95
3306 51 96
3307 51 97
3308 51 98
3309 52 1
3310 52 4
3311 52 14
3312 52 15
3313 52 16
3314 52 17
3315 52 20
3316 52 21
3317 52 25
3318 52 26
3319 52 27
3320 52 28
3321 52 29
3322 52 30
3323 52 31
3324 52 32
3325 52 33
3326 52 36
3327 52 37
3328 52 38
3329 52 40
3330 52 41
3331 52 42
3332 52 44
3333 52 45
3334 52 47
3335 52 48
3336 52 49
3337 52 50
3338 52 51
3339 52 52
3340 52 53
3341 52 55
3342 52 56
3343 52 57
3344 52 58
3345 52 59
3346 52 60
3347 52 61
3348 52 63
3349 52 64
3350 52 66
3351 52 67
3352 52 68
3353 52 69
3354 52 71
3355 52 72
3356 52 74
3357 52 76
3358 52 78
3359 52 79
3360 52 82
3361 52 84
3362 52 85
3363 52 86
3364 52 87
3365 52 92
3366 52 97
3367 52 98
3368 53 2
3369 53 3
3370 53 4
3371 53 5
3372 53 8
3373 53 10
3374 53 11
3375 53 12
3376 53 13
3377 53 14
3378 53 16
3379 53 18
3380 53 19
3381 53 20
3382 53 21
3383 53 22
3384 53 24
3385 53 25
3386 53 26
3387 53 28
3388 53 29
3389 53 30
3390 53 34
3391 53 35
3392 53 36
3393 53 37
3394 53 39
3395 53 40
3396 53 41
3397 53 45
3398 53 46
3399 53 49
3400 53 50
3401 53 51
3402 53 54
3403 53 58
3404 53 59
3405 53 60
3406 53 61
3407 53 62
3408 53 63
3409 53 64
3410 53 66
3411 53 67
3412 53 70
3413 53 71
3414 53 72
3415 53 74
3416 53 76
3417 53 77
3418 53 78
3419 53 79
3420 53 80
3421 53 81
3422 53 82
3423 53 83
3424 53 86
3425 53 88
3426 53 90
3427 53 91
3428 53 92
3429 53 93
3430 53 94
3431 53 95
3432 53 97
3433 54 0
3434 54 1
3435 54 4
3436 54 6
3437 54 7
3438 54 10
3439 54 12
3440 54 13
3441 54 14
3442 54 16
3443 54 17
3444 54 18
3445 54 19
3446 54 21
3447 54 22
3448 54 25
3449 54 26
3450 54 28
3451 54 29
3452 54 30
3453 54 31
3454 54 32
3455 54 33
3456 54 34
3457 54 35
3458 54 37
3459 54 39
3460 54 40
3461 54 41
3462 54 42
3463 54 43
3464 54 44
3465 54 49
3466 54 50
3467 54 53
3468 54 54
3469 54 56
3470 54 59
3471 54 60
3472 54 63
3473 54 64
3474 54 65
3475 54 66
3476 54 67
3477 54 69
3478 54 70
3479 54 72
3480 54 74
3481 54 75
3482 54 77
3483 54 78
3484 54 79
3485 54 80
3486 54 81
3487 54 82
3488 54 83
3489 54 84
3490 54 86
3491 54 87
3492 54 88
3493 54 89
3494 54 90
3495 54 91
3496 54 94
3497 54 95
3498 54 96
3499 54 97
3500 55 0
3501 55 1
3502 55 2
3503 55 4
3504 55 5
3505 55 6
3506 55 8
3507 55 10
3508 55 11
3509 55 12
3510 55 13
3511 55 20
3512 55 21
3513 55 22
3514 55 27
3515 55 29
3516 55 30
3517 55 31
3518 55 32
3519 55 33
3520 55 34
3521 55 36
3522 55 37
3523 55 38
3524 55 40
3525 55 41
3526 55 43
3527 55 44
3528 55 47
3529 55 49
3530 55 51
3531 55 52
3532 55 53
3533 55 55
3534 55 56
3535 55 58
3536 55 59
3537 55 60
3538 55 61
3539 55 62
3540 55 63
3541 55 64
3542 55 65
3543 55 69
3544 55 71
3545 55 72
3546 55 73
3547 55 74
3548 55 75
3549 55 76
3550 55 78
3551 55 79
3552 55 81
3553 55 82
3554 55 85
3555 55 88
3556 55 89
3557 55 90
3558 55 91
3559 55 92
3560 55 93
3561 55 95
3562 55 96
3563 55 97
3564 55 98
3565 56 0
3566 56 1
3567 56 4
3568 56 6
3569 56 7
3570 56 8
3571 56 9
3572 56 10
3573 56 14
3574 56 15
3575 56 16
3576 56 18
3577 56 19
3578 56 20
3579 56 21
3580 56 23
3581 56 24
3582 56 26
3583 56 27
3584 56 29
3585 56 30
3586 56 32
3587 56 33
3588 56 38
3589 56 39
3590 56 43
3591 56 44
3592 56 45
3593 56 50
3594 56 52
3595 56 54
3596 56 55
3597 56 56
3598 56 57
3599 56 58
3600 56 60
3601 56 61
3602 56 62
3603 56 63
3604 56 65
3605 56 66
3606 56 67
3607 56 69
3608 56 70
3609 56 72
3610 56 74
3611 56 75
3612 56 76
3613 56 77
3614 56 78
3615 56 79
3616 56 80
3617 56 81
3618 56 82
3619 56 84
3620 56 85
3621 56 86
3622 56 87
3623 56 89
3624 56 90
3625 56 91
3626 56 94
3627 56 95
3628 56 96
3629 56 97
3630 57 0
3631 57 1
3632 57 2
3633 57 4
3634 57 5
3635 57 6
3636 57 8
3637 57 9
3638 57 10
3639 57 11
3640 57 12
3641 57 16
3642 57 17
3643 57 18
3644 57 19
3645 57 20
3646 57 22
3647 57 23
3648 57 24
3649 57 26
3650 57 27
3651 57 28
3652 57 29
3653 57 30
3654 57 31
3655 57 32
3656 57 33
3657 57 34
3658 57 35
3659 57 36
3660 57 37
3661 57 38
3662 57 40
3663 57 41
3664 57 43
3665 57 44
3666 57 52
3667 57 53
3668 57 54
3669 57 55
3670 57 56
3671 57 58
3672 57 59
3673 57 62
3674 57 63
3675 57 64
3676 57 66
3677 57 67
3678 57 71
3679 57 72
3680 57 73
3681 57 74
3682 57 76
3683 57 77
3684 57 78
3685 57 80
3686 57 81
3687 57 82
3688 57 83
3689 57 86
3690 57 87
3691 57 88
3692 57 89
3693 57 90
3694 57 91
3695 57 92
3696 57 93
3697 57 94
3698 57 95
3699 57 96
3700 57 97
3701 57 98
3702 58 0
3703 58 1
3704 58 3
3705 58 5
3706 58 6
3707 58 8
3708 58 9
3709 58 10
3710 58 12
3711 58 13
3712 58 14
3713 58 18
3714 58 19
3715 58 20
3716 58 21
3717 58 24
3718 58 25
3719 58 27
3720 58 29
3721 58 30
3722 58 31
3723 58 32
3724 58 33
3725 58 34
3726 58 38
3727 58 40
3728 58 42
3729 58 44
3730 58 45
3731 58 46
3732 58 47
3733 58 49
3734 58 50
3735 58 51
3736 58 53
3737 58 54
3738 58 60
3739 58 62
3740 58 63
3741 58 64
3742 58 66
3743 58 68
3744 58 69
3745 58 71
3746 58 72
3747 58 73
3748 58 74
3749 58 75
3750 58 76
3751 58 79
3752 58 81
3753 58 82
3754 58 83
3755 58 86
3756 58 87
3757 58 88
3758 58 89
3759 58 91
3760 58 92
3761 58 93
3762 58 94
3763 58 95
3764 58 96
3765 58 97
3766 58 98
3767 59 0
3768 59 2
3769 59 3
3770 59 5
3771 59 6
3772 59 7
3773 59 8
3774 59 9
3775 59 10
3776 59 11
3777 59 12
3778 59 13
3779 59 14
3780 59 15
3781 59 16
3782 59 17
3783 59 18
3784 59 20
3785 59 21
3786 59 23
3787 59 25
3788 59 26
3789 59 27
3790 59 28
3791 59 31
3792 59 33
3793 59 34
3794 59 35
3795 59 37
3796 59 38
3797 59 39
3798 59 41
3799 59 42
3800 59 43
3801 59 46
3802 59 47
3803 59 48
3804 59 50
3805 59 51
3806 59 52
3807 59 53
3808 59 55
3809 59 56
3810 59 58
3811 59 59
3812 59 60
3813 59 61
3814 59 63
3815 59 64
3816 59 67
3817 59 68
3818 59 69
3819 59 70
3820 59 71
3821 59 73
3822 59 74
3823 59 76
3824 59 77
3825 59 79
3826 59 80
3827 59 82
3828 59 83
3829 59 87
3830 59 88
3831 59 90
3832 59 92
3833 59 93
3834 59 95
3835 59 97
3836 59 98
3837 60 1
3838 60 2
3839 60 5
3840 60 6
3841 60 7
3842 60 9
3843 60 10
3844 60 12
3845 60 13
3846 60 16
3847 60 17
3848 60 18
3849 60 19
3850 60 21
3851 60 22
3852 60 23
3853 60 24
3854 60 26
3855 60 29
3856 60 30
3857 60 32
3858 60 33
3859 60 34
3860 60 35
3861 60 37
3862 60 38
3863 60 39
3864 60 40
3865 60 43
3866 60 45
3867 60 50
3868 60 51
3869 60 52
3870 60 53
3871 60 55
3872 60 56
3873 60 57
3874 60 58
3875 60 59
3876 60 60
3877 60 62
3878 60 63
3879 60 64
3880 60 65
3881 60 68
3882 60 69
3883 60 70
3884 60 71
3885 60 72
3886 60 74
3887 60 76
3888 60 77
3889 60 80
3890 60 81
3891 60 82
3892 60 86
3893 60 87
3894 60 88
3895 60 89
3896 60 91
3897 60 93
3898 60 94
3899 60 95
3900 60 96
3901 60 97
3902 60 98
3903 61 0
3904 61 1
3905 61 2
3906 61 5
3907 61 6
3908 61 7
3909 61 8
3910 61 9
3911 61 10
3912 61 11
3913 61 15
3914 61 16
3915 61 18
3916 61 19
3917 61 20
3918 61 21
3919 61 23
3920 61 26
3921 61 28
3922 61 29
3923 61 31
3924 61 32
3925 61 33
3926 61 34
3927 61 35
3928 61 37
3929 61 38
3930 61 39
3931 61 40
3932 61 41
3933 61 42
3934 61 43
3935 61 45
3936 61 46
3937 61 47
3938 61 48
3939 61 49
3940 61 50
3941 61 51
3942 61 52
3943 61 54
3944 61 55
3945 61 58
3946 61 59
3947 61 60
3948 61 61
3949 61 64
3950 61 65
3951 61 68
3952 61 70
3953 61 71
3954 61 73
3955 61 74
3956 61 75
3957 61 77
3958 61 78
3959 61 79
3960 61 81
3961 61 83
3962 61 84
3963 61 86
3964 61 87
3965 61 88
3966 61 89
3967 61 91
3968 61 92
3969 61 93
3970 61 96
3971 61 97
3972 61 98
3973 62 0
3974 62 2
3975 62 5
3976 62 6
3977 62 7
3978 62 9
3979 62 11
3980 62 12
3981 62 15
3982 62 16
3983 62 17
3984 62 18
3985 62 20
3986 62 21
3987 62 22
3988 62 24
3989 62 26
3990 62 29
3991 62 30
3992 62 31
3993 62 32
3994 62 33
3995 62 35
3996 62 38
3997 62 39
3998 62 41
3999 62 42
4000 62 43
4001 62 44
4002 62 47
4003 62 48
4004 62 49
4005 62 50
4006 62 52
4007 62 54
4008 62 56
4009 62 57
4010 62 59
4011 62 61
4012 62 63
4013 62 66
4014 62 68
4015 62 69
4016 62 72
4017 62 73
4018 62 77
4019 62 78
4020 62 79
4021 62 83
4022 62 85
4023 62 86
4024 62 87
4025 62 92
4026 62 95
4027 62 96
4028 62 97
4029 63 0
4030 63 3
4031 63 4
4032 63 6
4033 63 7
4034 63 8
4035 63 9
4036 63 12
4037 63 14
4038 63 15
4039 63 16
4040 63 18
4041 63 19
4042 63 21
4043 63 25
4044 63 26
4045 63 27
4046 63 28
4047 63 30
4048 63 31
4049 63 32
4050 63 34
4051 63 35
4052 63 36
4053 63 38
4054 63 39
4055 63 40
4056 63 41
4057 63 44
4058 63 46
4059 63 48
4060 63 50
4061 63 53
4062 63 54
4063 63 55
4064 63 58
4065 63 60
4066 63 61
4067 63 62
4068 63 64
4069 63 65
4070 63 67
4071 63 69
4072 63 71
4073 63 73
4074 63 74
4075 63 75
4076 63 76
4077 63 77
4078 63 78
4079 63 79
4080 63 80
4081 63 83
4082 63 84
4083 63 85
4084 63 86
4085 63 87
4086 63 88
4087 63 89
4088 63 90
4089 63 91
4090 63 93
4091 63 94
4092 63 96
4093 63 97
4094 63 98
4095 64 1
4096 64 2
4097 64 3
4098 64 4
4099 64 6
4100 64 8
4101 64 9
4102 64 10
4103 64 11
4104 64 12
4105 64 14
4106 64 15
4107 64 17
4108 64 20
4109 64 22
4110 64 24
4111 64 26
4112 64 33
4113 64 34
4114 64 36
4115 64 38
4116 64 42
4117 64 43
4118 64 44
4119 64 46
4120 64 48
4121 64 49
4122 64 51
4123 64 52
4124 64 53
4125 64 56
4126 64 58
4127 64 59
4128 64 60
4129 64 63
4130 64 64
4131 64 66
4132 64 67
4133 64 69
4134 64 70
4135 64 71
4136 64 72
4137 64 73
4138 64 75
4139 64 76
4140 64 77
4141 64 78
4142 64 79
4143 64 80
4144 64 82
4145 64 83
4146 64 84
4147 64 85
4148 64 86
4149 64 88
4150 64 89
4151 64 92
4152 64 93
4153 64 94
4154 64 95
4155 64 96
4156 65 0
4157 65 1
4158 65 4
4159 65 5
4160 65 9
4161 65 10
4162 65 11
4163 65 12
4164 65 13
4165 65 14
4166 65 16
4167 65 17
4168 65 21
4169 65 22
4170 65 23
4171 65 24
4172 65 25
4173 65 26
4174 65 27
4175 65 28
4176 65 29
4177 65 32
4178 65 34
4179 65 35
4180 65 36
4181 65 40
4182 65 42
4183 65 43
4184 65 44
4185 65 45
4186 65 47
4187 65 50
4188 65 51
4189 65 53
4190 65 54
4191 65 55
4192 65 56
4193 65 57
4194 65 59
4195 65 61
4196 65 64
4197 65 65
4198 65 66
4199 65 67
4200 65 68
4201 65 69
4202 65 71
4203 65 73
4204 65 75
4205 65 76
4206 65 77
4207 65 78
4208 65 81
4209 65 84
4210 65 86
4211 65 88
4212 65 91
4213 65 93
4214 65 94
4215 66 1
4216 66 4
4217 66 5
4218 66 8
4219 66 9
4220 66 10
4221 66 12
4222 66 13
4223 66 18
4224 66 21
4225 66 22
4226 66 23
4227 66 24
4228 66 25
4229 66 27
4230 66 28
4231 66 29
4232 66 30
4233 66 32
4234 66 34
4235 66 35
4236 66 36
4237 66 37
4238 66 38
4239 66 39
4240 66 40
4241 66 43
4242 66 44
4243 66 45
4244 66 48
4245 66 49
4246 66 50
4247 66 52
4248 66 54
4249 66 55
4250 66 58
4251 66 59
4252 66 61
4253 66 62
4254 66 63
4255 66 64
4256 66 67
4257 66 68
4258 66 69
4259 66 70
4260 66 71
4261 66 72
4262 66 73
4263 66 74
4264 66 75
4265 66 77
4266 66 78
4267 66 79
4268 66 82
4269 66 83
4270 66 84
4271 66 85
4272 66 87
4273 66 88
4274 66 89
4275 66 91
4276 66 92
4277 66 93
4278 66 94
4279 66 95
4280 66 96
4281 66 98
4282 67 0
4283 67 1
4284 67 3
4285 67 4
4286 67 5
4287 67 6
4288 67 7
4289 67 8
4290 67 10
4291 67 11
4292 67 12
4293 67 13
4294 67 14
4295 67 16
4296 67 17
4297 67 18
4298 67 21
4299 67 22
4300 67 23
4301 67 24
4302 67 25
4303 67 26
4304 67 27
4305 67 28
4306 67 30
4307 67 32
4308 67 34
4309 67 35
4310 67 36
4311 67 37
4312 67 39
4313 67 40
4314 67 41
4315 67 43
4316 67 44
4317 67 46
4318 67 47
4319 67 48
4320 67 49
4321 67 50
4322 67 51
4323 67 53
4324 67 55
4325 67 56
4326 67 57
4327 67 58
4328 67 61
4329 67 66
4330 67 67
4331 67 70
4332 67 72
4333 67 73
4334 67 74
4335 67 75
4336 67 76
4337 67 77
4338 67 79
4339 67 81
4340 67 82
4341 67 85
4342 67 86
4343 67 87
4344 67 88
4345 67 90
4346 67 91
4347 67 93
4348 67 94
4349 67 97
4350 68 0
4351 68 1
4352 68 3
4353 68 4
4354 68 6
4355 68 7
4356 68 8
4357 68 9
4358 68 12
4359 68 13
4360 68 14
4361 68 15
4362 68 17
4363 68 18
4364 68 20
4365 68 21
4366 68 23
4367 68 24
4368 68 27
4369 68 29
4370 68 30
4371 68 32
4372 68 33
4373 68 34
4374 68 35
4375 68 36
4376 68 37
4377 68 38
4378 68 39
4379 68 40
4380 68 42
4381 68 43
4382 68 45
4383 68 49
4384 68 51
4385 68 52
4386 68 53
4387 68 57
4388 68 58
4389 68 59
4390 68 60
4391 68 63
4392 68 65
4393 68 66
4394 68 68
4395 68 71
4396 68 72
4397 68 73
4398 68 75
4399 68 77
4400 68 78
4401 68 80
4402 68 83
4403 68 85
4404 68 86
4405 68 87
4406 68 89
4407 68 90
4408 68 91
4409 68 94
4410 68 98
4411 69 0
4412 69 1
4413 69 2
4414 69 3
4415 69 4
4416 69 5
4417 69 6
4418 69 7
4419 69 8
4420 69 9
4421 69 10
4422 69 11
4423 69 12
4424 69 13
4425 69 15
4426 69 16
4427 69 18
4428 69 19
4429 69 20
4430 69 21
4431 69 22
4432 69 23
4433 69 25
4434 69 27
4435 69 28
4436 69 29
4437 69 30
4438 69 31
4439 69 32
4440 69 33
4441 69 35
4442 69 37
4443 69 38
4444 69 39
4445 69 40
4446 69 42
4447 69 43
4448 69 45
4449 69 47
4450 69 48
4451 69 51
4452 69 52
4453 69 53
4454 69 54
4455 69 55
4456 69 56
4457 69 57
4458 69 58
4459 69 59
4460 69 60
4461 69 61
4462 69 62
4463 69 63
4464 69 64
4465 69 66
4466 69 67
4467 69 68
4468 69 69
4469 69 71
4470 69 72
4471 69 76
4472 69 79
4473 69 80
4474 69 81
4475 69 84
4476 69 89
4477 69 90
4478 69 91
4479 69 92
4480 69 93
4481 69 96
4482 69 97
4483 69 98
4484 70 0
4485 70 1
4486 70 2
4487 70 3
4488 70 4
4489 70 6
4490 70 7
4491 70 8
4492 70 9
4493 70 12
4494 70 13
4495 70 17
4496 70 18
4497 70 19
4498 70 21
4499 70 23
4500 70 24
4501 70 27
4502 70 28
4503 70 30
4504 70 32
4505 70 35
4506 70 38
4507 70 39
4508 70 42
4509 70 43
4510 70 44
4511 70 45
4512 70 46
4513 70 47
4514 70 49
4515 70 50
4516 70 51
4517 70 53
4518 70 54
4519 70 56
4520 70 58
4521 70 60
4522 70 64
4523 70 66
4524 70 67
4525 70 68
4526 70 69
4527 70 71
4528 70 72
4529 70 77
4530 70 78
4531 70 79
4532 70 82
4533 70 83
4534 70 86
4535 70 87
4536 70 88
4537 70 90
4538 70 92
4539 70 93
4540 70 94
4541 70 95
4542 70 96
4543 70 97
4544 71 2
4545 71 3
4546 71 4
4547 71 5
4548 71 7
4549 71 13
4550 71 14
4551 71 15
4552 71 16
4553 71 17
4554 71 18
4555 71 19
4556 71 20
4557 71 21
4558 71 22
4559 71 23
4560 71 24
4561 71 25
4562 71 26
4563 71 28
4564 71 29
4565 71 30
4566 71 32
4567 71 33
4568 71 34
4569 71 36
4570 71 37
4571 71 38
4572 71 43
4573 71 44
4574 71 46
4575 71 47
4576 71 48
4577 71 51
4578 71 52
4579 71 55
4580 71 56
4581 71 58
4582 71 62
4583 71 63
4584 71 65
4585 71 66
4586 71 67
4587 71 69
4588 71 71
4589 71 77
4590 71 78
4591 71 80
4592 71 86
4593 71 91
4594 71 92
4595 71 95
4596 71 96
4597 71 98
4598 72 1
4599 72 2
4600 72 3
4601 72 5
4602 72 6
4603 72 8
4604 72 9
4605 72 10
4606 72 11
4607 72 12
4608 72 13
4609 72 15
4610 72 20
4611 72 21
4612 72 22
4613 72 23
4614 72 24
4615 72 25
4616 72 26
4617 72 27
4618 72 28
4619 72 29
4620 72 31
4621 72 32
4622 72 33
4623 72 35
4624 72 36
4625 72 37
4626 72 38
4627 72 39
4628 72 40
4629 72 41
4630 72 42
4631 72 43
4632 72 44
4633 72 45
4634 72 46
4635 72 47
4636 72 48
4637 72 49
4638 72 50
4639 72 51
4640 72 52
4641 72 53
4642 72 57
4643 72 58
4644 72 59
4645 72 62
4646 72 63
4647 72 64
4648 72 65
4649 72 66
4650 72 67
4651 72 68
4652 72 69
4653 72 70
4654 72 72
4655 72 73
4656 72 76
4657 72 78
4658 72 79
4659 72 80
4660 72 81
4661 72 82
4662 72 83
4663 72 84
4664 72 85
4665 72 87
4666 72 88
4667 72 91
4668 72 93
4669 72 95
4670 72 97
4671 72 98
4672 73 0
4673 73 1
4674 73 3
4675 73 4
4676 73 6
4677 73 7
4678 73 8
4679 73 9
4680 73 10
4681 73 11
4682 73 12
4683 73 14
4684 73 15
4685 73 16
4686 73 17
4687 73 19
4688 73 22
4689 73 23
4690 73 24
4691 73 25
4692 73 26
4693 73 27
4694 73 28
4695 73 29
4696 73 31
4697 73 32
4698 73 33
4699 73 35
4700 73 36
4701 73 38
4702 73 39
4703 73 40
4704 73 42
4705 73 46
4706 73 47
4707 73 48
4708 73 49
4709 73 50
4710 73 51
4711 73 53
4712 73 56
4713 73 57
4714 73 58
4715 73 59
4716 73 60
4717 73 62
4718 73 64
4719 73 65
4720 73 66
4721 73 67
4722 73 69
4723 73 70
4724 73 71
4725 73 73
4726 73 74
4727 73 75
4728 73 76
4729 73 78
4730 73 79
4731 73 82
4732 73 83
4733 73 85
4734 73 86
4735 73 87
4736 73 88
4737 73 89
4738 73 90
4739 73 91
4740 73 93
4741 73 94
4742 73 95
4743 73 96
4744 73 97
4745 73 98
4746 74 0
4747 74 1
4748 74 2
4749 74 3
4750 74 5
4751 74 8
4752 74 9
4753 74 10
4754 74 12
4755 74 13
4756 74 15
4757 74 16
4758 74 21
4759 74 22
4760 74 25
4761 74 26
4762 74 27
4763 74 28
4764 74 29
4765 74 30
4766 74 31
4767 74 32
4768 74 33
4769 74 34
4770 74 36
4771 74 39
4772 74 40
4773 74 41
4774 74 42
4775 74 43
4776 74 44
4777 74 46
4778 74 49
4779 74 50
4780 74 51
4781 74 52
4782 74 54
4783 74 55
4784 74 56
4785 74 57
4786 74 58
4787 74 61
4788 74 63
4789 74 65
4790 74 68
4791 74 69
4792 74 71
4793 74 72
4794 74 73
4795 74 74
4796 74 76
4797 74 77
4798 74 78
4799 74 79
4800 74 80
4801 74 81
4802 74 82
4803 74 83
4804 74 84
4805 74 85
4806 74 87
4807 74 88
4808 74 90
4809 74 91
4810 74 92
4811 74 93
4812 74 95
4813 74 96
4814 74 97
4815 74 98
4816 75 1
4817 75 2
4818 75 3
4819 75 4
4820 75 5
4821 75 6
4822 75 7
4823 75 8
4824 75 9
4825 75 11
4826 75 12
4827 75 14
4828 75 15
4829 75 17
4830 75 18
4831 75 19
4832 75 20
4833 75 21
4834 75 22
4835 75 25
4836 75 27
4837 75 29
4838 75 31
4839 75 32
4840 75 33
4841 75 34
4842 75 35
4843 75 37
4844 75 38
4845 75 40
4846 75 41
4847 75 42
4848 75 44
4849 75 46
4850 75 47
4851 75 48
4852 75 49
4853 75 50
4854 75 51
4855 75 52
4856 75 53
4857 75 54
4858 75 55
4859 75 57
4860 75 59
4861 75 60
4862 75 62
4863 75 63
4864 75 64
4865 75 66
4866 75 69
4867 75 70
4868 75 71
4869 75 72
4870 75 74
4871 75 75
4872 75 76
4873 75 78
4874 75 84
4875 75 87
4876 75 88
4877 75 89
4878 75 91
4879 75 94
4880 75 95
4881 75 98
4882 76 0
4883 76 1
4884 76 4
4885 76 5
4886 76 6
4887 76 7
4888 76 8
4889 76 9
4890 76 10
4891 76 12
4892 76 14
4893 76 18
4894 76 21
4895 76 22
4896 76 23
4897 76 24
4898 76 26
4899 76 27
4900 76 28
4901 76 30
4902 76 32
4903 76 33
4904 76 35
4905 76 36
4906 76 38
4907 76 39
4908 76 41
4909 76 42
4910 76 43
4911 76 44
4912 76 49
4913 76 53
4914 76 55
4915 76 56
4916 76 60
4917 76 61
4918 76 62
4919 76 67
4920 76 68
4921 76 69
4922 76 74
4923 76 75
4924 76 76
4925 76 77
4926 76 79
4927 76 80
4928 76 82
4929 76 83
4930 76 84
4931 76 85
4932 76 86
4933 76 88
4934 76 89
4935 76 90
4936 76 91
4937 76 92
4938 76 94
4939 76 95
4940 77 0
4941 77 1
4942 77 3
4943 77 4
4944 77 5
4945 77 8
4946 77 9
4947 77 11
4948 77 15
4949 77 17
4950 77 20
4951 77 22
4952 77 25
4953 77 26
4954 77 27
4955 77 28
4956 77 29
4957 77 30
4958 77 32
4959 77 33
4960 77 34
4961 77 35
4962 77 36
4963 77 38
4964 77 39
4965 77 40
4966 77 41
4967 77 43
4968 77 45
4969 77 46
4970 77 47
4971 77 49
4972 77 50
4973 77 52
4974 77 53
4975 77 54
4976 77 56
4977 77 57
4978 77 58
4979 77 59
4980 77 60
4981 77 61
4982 77 62
4983 77 63
4984 77 64
4985 77 65
4986 77 66
4987 77 69
4988 77 70
4989 77 72
4990 77 73
4991 77 75
4992 77 76
4993 77 77
4994 77 81
4995 77 82
4996 77 83
4997 77 84
4998 77 86
4999 77 87
5000 77 89
5001 77 92
5002 77 93
5003 77 94
5004 78 0
5005 78 1
5006 78 2
5007 78 3
5008 78 4
5009 78 5
5010 78 6
5011 78 8
5012 78 17
5013 78 18
5014 78 20
5015 78 21
5016 78 22
5017 78 23
5018 78 24
5019 78 25
5020 78 26
5021 78 30
5022 78 31
5023 78 32
5024 78 35
5025 78 37
5026 78 38
5027 78 39
5028 78 40
5029 78 41
5030 78 42
5031 78 44
5032 78 45
5033 78 46
5034 78 48
5035 78 49
5036 78 50
5037 78 51
5038 78 52
5039 78 53
5040 78 56
5041 78 58
5042 78 60
5043 78 63
5044 78 65
5045 78 66
5046 78 67
5047 78 68
5048 78 70
5049 78 72
5050 78 73
5051 78 74
5052 78 76
5053 78 77
5054 78 79
5055 78 80
5056 78 86
5057 78 87
5058 78 90
5059 78 91
5060 78 95
5061 78 96
5062 78 97
5063 78 98
5064 79 0
5065 79 1
5066 79 2
5067 79 3
5068 79 4
5069 79 6
5070 79 7
5071 79 10
5072 79 13
5073 79 14
5074 79 15
5075 79 17
5076 79 18
5077 79 19
5078 79 23
5079 79 24
5080 79 26
5081 79 27
5082 79 29
5083 79 30
5084 79 32
5085 79 35
5086 79 36
5087 79 37
5088 79 38
5089 79 39
5090 79 40
5091 79 43
5092 79 44
5093 79 47
5094 79 48
5095 79 49
5096 79 50
5097 79 51
5098 79 52
5099 79 53
5100 79 54
5101 79 57
5102 79 60
5103 79 61
5104 79 65
5105 79 67
5106 79 68
5107 79 69
5108 79 70
5109 79 74
5110 79 75
5111 79 78
5112 79 79
5113 79 81
5114 79 82
5115 79 83
5116 79 84
5117 79 87
5118 79 88
5119 79 89
5120 79 90
5121 79 94
5122 79 95
5123 79 97
5124 80 0
5125 80 3
5126 80 6
5127 80 9
5128 80 10
5129 80 12
5130 80 13
5131 80 14
5132 80 15
5133 80 16
5134 80 18
5135 80 21
5136 80 23
5137 80 24
5138 80 25
5139 80 26
5140 80 28
5141 80 31
5142 80 32
5143 80 33
5144 80 34
5145 80 37
5146 80 40
5147 80 41
5148 80 42
5149 80 43
5150 80 44
5151 80 46
5152 80 48
5153 80 49
5154 80 52
5155 80 55
5156 80 56
5157 80 57
5158 80 59
5159 80 61
5160 80 64
5161 80 67
5162 80 68
5163 80 69
5164 80 71
5165 80 72
5166 80 74
5167 80 75
5168 80 76
5169 80 79
5170 80 80
5171 80 81
5172 80 82
5173 80 83
5174 80 84
5175 80 85
5176 80 86
5177 80 87
5178 80 88
5179 80 91
5180 80 92
5181 80 93
5182 80 97
5183 80 98
5184 81 0
5185 81 1
5186 81 3
5187 81 4
5188 81 5
5189 81 6
5190 81 9
5191 81 10
5192 81 12
5193 81 13
5194 81 14
5195 81 15
5196 81 16
5197 81 17
5198 81 19
5199 81 20
5200 81 21
5201 81 22
5202 81 23
5203 81 24
5204 81 25
5205 81 26
5206 81 28
5207 81 29
5208 81 30
5209 81 33
5210 81 34
5211 81 35
5212 81 38
5213 81 39
5214 81 40
5215 81 41
5216 81 42
5217 81 43
5218 81 44
5219 81 45
5220 81 46
5221 81 47
5222 81 48
5223 81 49
5224 81 50
5225 81 51
5226 81 52
5227 81 53
5228 81 55
5229 81 56
5230 81 57
5231 81 58
5232 81 63
5233 81 64
5234 81 65
5235 81 67
5236 81 68
5237 81 69
5238 81 70
5239 81 72
5240 81 73
5241 81 75
5242 81 77
5243 81 79
5244 81 80
5245 81 82
5246 81 85
5247 81 86
5248 81 88
5249 81 90
5250 81 91
5251 81 92
5252 81 95
5253 82 0
5254 82 1
5255 82 6
5256 82 9
5257 82 11
5258 82 13
5259 82 15
5260 82 17
5261 82 18
5262 82 19
5263 82 20
5264 82 21
5265 82 23
5266 82 26
5267 82 27
5268 82 29
5269 82 30
5270 82 31
5271 82 32
5272 82 33
5273 82 34
5274 82 36
5275 82 37
5276 82 38
5277 82 42
5278 82 43
5279 82 49
5280 82 51
5281 82 52
5282 82 53
5283 82 54
5284 82 55
5285 82 57
5286 82 59
5287 82 60
5288 82 61
5289 82 62
5290 82 63
5291 82 64
5292 82 65
5293 82 67
5294 82 68
5295 82 69
5296 82 71
5297 82 73
5298 82 74
5299 82 75
5300 82 76
5301 82 78
5302 82 79
5303 82 80
5304 82 83
5305 82 84
5306 82 87
5307 82 89
5308 82 90
5309 82 91
5310 82 93
5311 82 94
5312 82 95
5313 82 96
5314 82 97
5315 82 98
5316 83 2
5317 83 3
5318 83 4
5319 83 5
5320 83 6
5321 83 7
5322 83 10
5323 83 11
5324 83 12
5325 83 13
5326 83 14
5327 83 17
5328 83 19
5329 83 20
5330 83 21
5331 83 22
5332 83 23
5333 83 24
5334 83 25
5335 83 28
5336 83 29
5337 83 30
5338 83 31
5339 83 33
5340 83 34
5341 83 35
5342 83 36
5343 83 37
5344 83 38
5345 83 42
5346 83 45
5347 83 46
5348 83 47
5349 83 49
5350 83 50
5351 83 52
5352 83 54
5353 83 56
5354 83 57
5355 83 58
5356 83 60
5357 83 63
5358 83 66
5359 83 67
5360 83 68
5361 83 70
5362 83 71
5363 83 72
5364 83 73
5365 83 74
5366 83 75
5367 83 76
5368 83 77
5369 83 78
5370 83 79
5371 83 80
5372 83 81
5373 83 82
5374 83 84
5375 83 85
5376 83 89
5377 83 90
5378 83 91
5379 83 93
5380 83 96
5381 84 1
5382 84 3
5383 84 6
5384 84 7
5385 84 9
5386 84 10
5387 84 11
5388 84 12
5389 84 13
5390 84 14
5391 84 16
5392 84 17
5393 84 18
5394 84 20
5395 84 21
5396 84 23
5397 84 24
5398 84 25
5399 84 26
5400 84 28
5401 84 29
5402 84 30
5403 84 33
5404 84 35
5405 84 36
5406 84 37
5407 84 38
5408 84 39
5409 84 40
5410 84 41
5411 84 42
5412 84 43
5413 84 44
5414 84 45
5415 84 48
5416 84 50
5417 84 53
5418 84 54
5419 84 55
5420 84 56
5421 84 57
5422 84 58
5423 84 59
5424 84 62
5425 84 65
5426 84 66
5427 84 67
5428 84 68
5429 84 69
5430 84 70
5431 84 71
5432 84 72
5433 84 74
5434 84 76
5435 84 78
5436 84 79
5437 84 80
5438 84 81
5439 84 83
5440 84 87
5441 84 90
5442 84 93
5443 84 94
5444 84 97
5445 84 98
5446 85 0
5447 85 2
5448 85 3
5449 85 4
5450 85 5
5451 85 6
5452 85 7
5453 85 8
5454 85 9
5455 85 10
5456 85 11
5457 85 13
5458 85 14
5459 85 15
5460 85 16
5461 85 17
5462 85 18
5463 85 19
5464 85 21
5465 85 23
5466 85 24
5467 85 28
5468 85 29
5469 85 30
5470 85 32
5471 85 33
5472 85 34
5473 85 38
5474 85 41
5475 85 42
5476 85 43
5477 85 44
5478 85 45
5479 85 46
5480 85 48
5481 85 49
5482 85 52
5483 85 53
5484 85 54
5485 85 55
5486 85 57
5487 85 58
5488 85 59
5489 85 60
5490 85 63
5491 85 64
5492 85 65
5493 85 66
5494 85 67
5495 85 68
5496 85 69
5497 85 72
5498 85 76
5499 85 78
5500 85 79
5501 85 81
5502 85 82
5503 85 83
5504 85 84
5505 85 89
5506 85 90
5507 85 91
5508 85 93
5509 85 95
5510 85 97
5511 86 2
5512 86 3
5513 86 4
5514 86 5
5515 86 6
5516 86 7
5517 86 9
5518 86 11
5519 86 12
5520 86 13
5521 86 14
5522 86 16
5523 86 17
5524 86 18
5525 86 19
5526 86 20
5527 86 21
5528 86 23
5529 86 26
5530 86 27
5531 86 28
5532 86 29
5533 86 30
5534 86 33
5535 86 35
5536 86 38
5537 86 39
5538 86 40
5539 86 43
5540 86 44
5541 86 45
5542 86 46
5543 86 47
5544 86 48
5545 86 49
5546 86 51
5547 86 53
5548 86 55
5549 86 57
5550 86 58
5551 86 60
5552 86 63
5553 86 66
5554 86 67
5555 86 68
5556 86 69
5557 86 70
5558 86 71
5559 86 72
5560 86 73
5561 86 75
5562 86 78
5563 86 80
5564 86 81
5565 86 83
5566 86 85
5567 86 86
5568 86 87
5569 86 92
5570 86 94
5571 86 95
5572 86 96
5573 86 97
5574 87 2
5575 87 4
5576 87 5
5577 87 7
5578 87 9
5579 87 11
5580 87 12
5581 87 14
5582 87 16
5583 87 17
5584 87 18
5585 87 19
5586 87 20
5587 87 22
5588 87 23
5589 87 24
5590 87 25
5591 87 27
5592 87 28
5593 87 30
5594 87 31
5595 87 33
5596 87 34
5597 87 35
5598 87 36
5599 87 39
5600 87 40
5601 87 41
5602 87 43
5603 87 46
5604 87 47
5605 87 48
5606 87 49
5607 87 52
5608 87 54
5609 87 56
5610 87 57
5611 87 60
5612 87 61
5613 87 62
5614 87 65
5615 87 66
5616 87 67
5617 87 69
5618 87 71
5619 87 72
5620 87 74
5621 87 75
5622 87 79
5623 87 80
5624 87 81
5625 87 83
5626 87 84
5627 87 86
5628 87 87
5629 87 89
5630 87 90
5631 87 92
5632 87 93
5633 87 94
5634 87 95
5635 87 97
5636 88 0
5637 88 1
5638 88 2
5639 88 3
5640 88 4
5641 88 6
5642 88 7
5643 88 9
5644 88 10
5645 88 11
5646 88 12
5647 88 14
5648 88 16
5649 88 18
5650 88 19
5651 88 20
5652 88 21
5653 88 22
5654 88 24
5655 88 27
5656 88 28
5657 88 29
5658 88 32
5659 88 33
5660 88 34
5661 88 37
5662 88 39
5663 88 40
5664 88 42
5665 88 43
5666 88 45
5667 88 46
5668 88 49
5669 88 50
5670 88 52
5671 88 53
5672 88 54
5673 88 55
5674 88 56
5675 88 62
5676 88 63
5677 88 64
5678 88 65
5679 88 66
5680 88 67
5681 88 73
5682 88 74
5683 88 75
5684 88 77
5685 88 78
5686 88 80
5687 88 82
5688 88 83
5689 88 84
5690 88 86
5691 88 87
5692 88 88
5693 88 90
5694 88 91
5695 88 93
5696 88 95
5697 88 96
5698 88 97
5699 88 98
5700 89 0
5701 89 1
5702 89 3
5703 89 6
5704 89 7
5705 89 8
5706 89 10
5707 89 12
5708 89 14
5709 89 17
5710 89 19
5711 89 20
5712 89 21
5713 89 22
5714 89 23
5715 89 25
5716 89 27
5717 89 28
5718 89 30
5719 89 34
5720 89 35
5721 89 37
5722 89 38
5723 89 39
5724 89 40
5725 89 41
5726 89 43
5727 89 44
5728 89 45
5729 89 46
5730 89 47
5731 89 48
5732 89 49
5733 89 50
5734 89 51
5735 89 52
5736 89 54
5737 89 57
5738 89 58
5739 89 59
5740 89 60
5741 89 62
5742 89 65
5743 89 66
5744 89 68
5745 89 69
5746 89 74
5747 89 75
5748 89 77
5749 89 80
5750 89 82
5751 89 83
5752 89 84
5753 89 85
5754 89 86
5755 89 88
5756 89 89
5757 89 90
5758 89 91
5759 89 92
5760 89 93
5761 89 94
5762 89 95
5763 89 98
