40 45 127
0 0 35
1 0 39
2 1 7
3 1 14
4 1 38
5 2 4
6 2 12
7 2 34
8 2 44
9 3 6
10 3 13
11 3 19
12 3 20
13 3 37
14 3 41
15 4 17
16 4 22
17 4 25
18 4 33
19 4 43
20 5 29
21 5 30
22 5 37
23 5 40
24 6 3
25 6 6
26 6 40
27 7 28
28 7 31
29 7 35
30 8 18
31 8 30
32 8 31
33 8 32
34 8 35
35 8 38
36 9 14
37 9 22
38 9 37
39 10 12
40 11 0
41 11 14
42 11 30
43 11 36
44 12 17
45 12 18
46 12 25
47 13 6
48 13 9
49 13 10
50 13 11
51 13 24
52 14 0
53 14 39
54 15 15
55 15 24
56 15 39
57 16 29
58 16 36
59 16 41
60 17 16
61 18 22
62 18 31
63 18 37
64 18 41
65 19 4
66 19 15
67 19 16
68 19 36
69 20 2
70 20 9
71 21 6
72 21 19
73 21 33
74 22 2
75 22 19
76 22 33
77 22 38
78 23 29
79 23 34
80 23 44
81 24 15
82 24 26
83 24 29
84 24 41
85 25 26
86 25 32
87 26 5
88 26 27
89 27 3
90 27 20
91 27 36
92 28 1
93 28 20
94 28 42
95 29 5
96 29 37
97 30 5
98 30 14
99 30 18
100 31 6
101 31 20
102 32 9
103 32 15
104 32 33
105 33 30
106 33 37
107 34 4
108 34 42
109 35 6
110 35 7
111 35 13
112 35 36
113 35 37
114 36 0
115 36 9
116 36 38
117 37 3
118 37 12
119 37 13
120 37 22
121 37 30
122 37 31
123 38 15
124 38 28
125 39 19
126 39 31
