79 71 1234
0 0 1
1 0 2
2 0 4
3 0 6
4 0 10
5 0 17
6 0 28
7 0 30
8 0 32
9 0 33
10 0 34
11 0 37
12 0 41
13 0 43
14 0 44
15 0 47
16 0 54
17 0 59
18 0 61
19 0 62
20 0 65
21 0 66
22 0 68
23 0 69
24 1 1
25 1 4
26 1 5
27 1 6
28 1 8
29 1 16
30 1 19
31 1 22
32 1 29
33 1 35
34 1 36
35 1 42
36 1 54
37 1 55
38 1 64
39 1 67
40 1 69
41 2 0
42 2 6
43 2 11
44 2 24
45 2 30
46 2 32
47 2 48
48 2 49
49 2 52
50 2 57
51 2 58
52 2 65
53 2 67
54 2 68
55 3 5
56 3 8
57 3 15
58 3 21
59 3 24
60 3 26
61 3 27
62 3 28
63 3 29
64 3 33
65 3 34
66 3 37
67 3 40
68 3 41
69 3 45
70 3 51
71 3 59
72 3 63
73 4 10
74 4 17
75 4 23
76 4 28
77 4 30
78 4 32
79 4 34
80 4 36
81 4 40
82 4 42
83 4 44
84 4 46
85 4 53
86 4 54
87 4 61
88 4 63
89 4 64
90 4 68
91 5 3
92 5 10
93 5 21
94 5 22
95 5 30
96 5 32
97 5 35
98 5 41
99 5 47
100 6 1
101 6 2
102 6 3
103 6 9
104 6 12
105 6 13
106 6 22
107 6 34
108 6 39
109 6 53
110 6 54
111 6 57
112 6 60
113 6 61
114 6 62
115 7 13
116 7 14
117 7 15
118 7 28
119 7 30
120 7 31
121 7 35
122 7 39
123 7 42
124 7 56
125 7 70
126 8 4
127 8 5
128 8 7
129 8 11
130 8 12
131 8 13
132 8 24
133 8 31
134 8 35
135 8 38
136 8 40
137 8 42
138 8 45
139 8 50
140 8 59
141 8 61
142 9 3
143 9 8
144 9 9
145 9 10
146 9 17
147 9 21
148 9 28
149 9 32
150 9 38
151 9 44
152 9 46
153 9 47
154 9 57
155 10 10
156 10 12
157 10 14
158 10 20
159 10 22
160 10 28
161 10 32
162 10 33
163 10 35
164 10 38
165 10 41
166 10 43
167 10 53
168 10 56
169 10 59
170 10 61
171 10 64
172 11 4
173 11 5
174 11 6
175 11 23
176 11 25
177 11 29
178 11 39
179 11 43
180 11 47
181 11 54
182 11 59
183 11 62
184 11 64
185 12 6
186 12 11
187 12 20
188 12 22
189 12 25
190 12 27
191 12 31
192 12 32
193 12 33
194 12 34
195 12 37
196 12 40
197 12 50
198 12 52
199 12 53
200 12 58
201 12 59
202 12 60
203 12 66
204 13 0
205 13 8
206 13 9
207 13 18
208 13 20
209 13 23
210 13 25
211 13 26
212 13 31
213 13 36
214 13 39
215 13 41
216 13 44
217 13 49
218 13 54
219 13 56
220 13 63
221 13 66
222 13 67
223 13 68
224 14 13
225 14 16
226 14 19
227 14 20
228 14 21
229 14 22
230 14 23
231 14 25
232 14 31
233 14 35
234 14 39
235 14 41
236 14 45
237 14 57
238 14 60
239 14 64
240 15 0
241 15 3
242 15 7
243 15 8
244 15 11
245 15 12
246 15 22
247 15 30
248 15 44
249 15 53
250 15 54
251 15 55
252 15 62
253 15 63
254 15 66
255 16 4
256 16 5
257 16 6
258 16 15
259 16 22
260 16 24
261 16 29
262 16 33
263 16 35
264 16 38
265 16 48
266 16 50
267 16 57
268 16 58
269 16 62
270 16 69
271 17 1
272 17 8
273 17 11
274 17 13
275 17 15
276 17 22
277 17 24
278 17 25
279 17 27
280 17 29
281 17 35
282 17 43
283 17 46
284 17 53
285 17 55
286 17 56
287 17 63
288 17 67
289 18 6
290 18 19
291 18 23
292 18 25
293 18 26
294 18 29
295 18 35
296 18 37
297 18 38
298 18 40
299 18 42
300 18 48
301 18 54
302 18 56
303 18 60
304 18 68
305 18 70
306 19 6
307 19 7
308 19 18
309 19 29
310 19 34
311 19 37
312 19 38
313 19 41
314 19 42
315 19 46
316 19 50
317 19 54
318 19 55
319 19 60
320 19 63
321 19 69
322 20 3
323 20 4
324 20 6
325 20 15
326 20 19
327 20 21
328 20 22
329 20 29
330 20 31
331 20 37
332 20 43
333 20 49
334 20 53
335 20 61
336 20 62
337 20 64
338 21 0
339 21 4
340 21 7
341 21 13
342 21 15
343 21 17
344 21 24
345 21 25
346 21 26
347 21 29
348 21 33
349 21 36
350 21 56
351 22 0
352 22 3
353 22 10
354 22 12
355 22 14
356 22 20
357 22 22
358 22 23
359 22 28
360 22 29
361 22 33
362 22 34
363 22 35
364 22 36
365 22 44
366 22 58
367 22 67
368 23 3
369 23 11
370 23 23
371 23 24
372 23 26
373 23 42
374 23 52
375 23 53
376 23 62
377 23 64
378 23 66
379 23 67
380 24 5
381 24 23
382 24 29
383 24 30
384 24 31
385 24 39
386 24 41
387 24 47
388 24 49
389 24 51
390 24 55
391 24 63
392 24 67
393 24 68
394 25 0
395 25 3
396 25 4
397 25 10
398 25 23
399 25 24
400 25 27
401 25 28
402 25 34
403 25 37
404 25 42
405 25 44
406 25 46
407 25 49
408 25 54
409 25 55
410 25 56
411 25 57
412 25 58
413 25 60
414 25 66
415 26 1
416 26 2
417 26 14
418 26 15
419 26 16
420 26 19
421 26 20
422 26 30
423 26 34
424 26 41
425 26 44
426 26 45
427 26 50
428 26 52
429 26 60
430 26 61
431 26 62
432 26 69
433 27 6
434 27 15
435 27 17
436 27 18
437 27 25
438 27 27
439 27 40
440 27 41
441 27 42
442 27 46
443 27 55
444 27 60
445 28 9
446 28 15
447 28 23
448 28 26
449 28 30
450 28 31
451 28 32
452 28 36
453 28 39
454 28 48
455 28 50
456 28 55
457 28 59
458 28 63
459 28 66
460 29 1
461 29 6
462 29 13
463 29 15
464 29 18
465 29 20
466 29 26
467 29 37
468 29 42
469 29 45
470 29 52
471 29 53
472 29 55
473 29 65
474 30 10
475 30 14
476 30 18
477 30 22
478 30 23
479 30 24
480 30 29
481 30 37
482 30 38
483 30 40
484 30 47
485 30 50
486 30 51
487 30 54
488 30 55
489 30 58
490 30 59
491 30 62
492 30 63
493 31 0
494 31 2
495 31 4
496 31 5
497 31 9
498 31 16
499 31 17
500 31 22
501 31 25
502 31 36
503 31 44
504 31 48
505 31 54
506 31 63
507 31 68
508 32 5
509 32 6
510 32 7
511 32 11
512 32 15
513 32 19
514 32 27
515 32 32
516 32 37
517 32 39
518 32 40
519 32 53
520 32 63
521 33 6
522 33 9
523 33 15
524 33 18
525 33 22
526 33 25
527 33 29
528 33 30
529 33 40
530 33 45
531 33 50
532 33 52
533 33 53
534 33 67
535 34 4
536 34 5
537 34 10
538 34 12
539 34 15
540 34 18
541 34 23
542 34 35
543 34 36
544 34 37
545 34 38
546 34 43
547 34 45
548 34 46
549 34 47
550 34 56
551 34 59
552 35 1
553 35 2
554 35 5
555 35 7
556 35 8
557 35 12
558 35 21
559 35 30
560 35 32
561 35 35
562 35 41
563 35 51
564 35 57
565 35 59
566 35 66
567 35 68
568 35 69
569 35 70
570 36 4
571 36 14
572 36 15
573 36 19
574 36 21
575 36 28
576 36 34
577 36 41
578 36 46
579 36 49
580 36 54
581 36 60
582 36 65
583 36 69
584 37 10
585 37 11
586 37 12
587 37 20
588 37 29
589 37 30
590 37 33
591 37 34
592 37 51
593 37 53
594 37 68
595 37 70
596 38 0
597 38 1
598 38 3
599 38 4
600 38 7
601 38 9
602 38 18
603 38 24
604 38 27
605 38 29
606 38 33
607 38 36
608 38 39
609 38 41
610 38 43
611 38 44
612 38 47
613 38 48
614 38 65
615 38 68
616 39 4
617 39 5
618 39 6
619 39 11
620 39 16
621 39 18
622 39 21
623 39 24
624 39 37
625 39 38
626 39 40
627 39 42
628 39 43
629 39 44
630 39 52
631 39 53
632 39 56
633 39 68
634 40 2
635 40 3
636 40 4
637 40 5
638 40 10
639 40 14
640 40 23
641 40 25
642 40 40
643 40 41
644 40 46
645 40 61
646 40 68
647 41 2
648 41 3
649 41 15
650 41 18
651 41 22
652 41 27
653 41 40
654 41 43
655 41 58
656 42 4
657 42 10
658 42 26
659 42 29
660 42 38
661 42 41
662 42 42
663 42 43
664 42 52
665 42 55
666 42 58
667 42 62
668 42 67
669 43 10
670 43 14
671 43 18
672 43 19
673 43 23
674 43 25
675 43 28
676 43 31
677 43 42
678 43 45
679 43 51
680 43 60
681 43 68
682 43 70
683 44 0
684 44 7
685 44 12
686 44 14
687 44 16
688 44 18
689 44 19
690 44 21
691 44 26
692 44 28
693 44 29
694 44 37
695 44 41
696 44 52
697 44 54
698 44 56
699 44 58
700 44 62
701 44 64
702 44 65
703 44 67
704 45 2
705 45 4
706 45 5
707 45 8
708 45 10
709 45 11
710 45 14
711 45 15
712 45 18
713 45 29
714 45 32
715 45 33
716 45 35
717 45 36
718 45 37
719 45 45
720 45 46
721 45 55
722 45 59
723 45 63
724 45 70
725 46 0
726 46 6
727 46 12
728 46 20
729 46 21
730 46 27
731 46 30
732 46 31
733 46 34
734 46 35
735 46 38
736 46 44
737 46 50
738 46 51
739 46 58
740 46 59
741 46 60
742 46 65
743 47 0
744 47 2
745 47 4
746 47 6
747 47 13
748 47 14
749 47 16
750 47 18
751 47 20
752 47 21
753 47 24
754 47 29
755 47 33
756 47 38
757 47 40
758 47 43
759 47 53
760 47 54
761 47 56
762 47 63
763 47 65
764 47 67
765 47 70
766 48 2
767 48 3
768 48 4
769 48 13
770 48 16
771 48 20
772 48 23
773 48 24
774 48 26
775 48 32
776 48 34
777 48 38
778 48 39
779 48 40
780 48 45
781 48 50
782 48 55
783 48 56
784 48 64
785 49 6
786 49 7
787 49 12
788 49 14
789 49 16
790 49 21
791 49 25
792 49 30
793 49 32
794 49 34
795 49 35
796 49 39
797 49 41
798 49 42
799 49 51
800 49 66
801 49 70
802 50 0
803 50 4
804 50 10
805 50 12
806 50 13
807 50 22
808 50 24
809 50 27
810 50 40
811 50 42
812 50 47
813 50 50
814 50 51
815 50 60
816 50 65
817 50 67
818 50 68
819 51 0
820 51 8
821 51 9
822 51 26
823 51 27
824 51 28
825 51 30
826 51 40
827 51 50
828 51 51
829 51 57
830 51 64
831 51 68
832 52 4
833 52 5
834 52 6
835 52 21
836 52 25
837 52 28
838 52 31
839 52 37
840 52 38
841 52 47
842 52 61
843 53 5
844 53 6
845 53 8
846 53 12
847 53 19
848 53 22
849 53 25
850 53 26
851 53 27
852 53 30
853 53 33
854 53 38
855 53 43
856 53 44
857 53 48
858 53 54
859 53 57
860 53 59
861 53 60
862 53 63
863 53 65
864 53 68
865 54 1
866 54 2
867 54 4
868 54 6
869 54 13
870 54 15
871 54 27
872 54 32
873 54 33
874 54 48
875 54 52
876 54 58
877 54 59
878 54 65
879 54 69
880 55 2
881 55 3
882 55 11
883 55 35
884 55 38
885 55 42
886 55 43
887 55 57
888 56 11
889 56 18
890 56 28
891 56 30
892 56 31
893 56 44
894 56 49
895 56 53
896 56 56
897 56 59
898 57 1
899 57 7
900 57 13
901 57 21
902 57 33
903 57 37
904 57 40
905 57 46
906 57 50
907 57 51
908 57 69
909 58 4
910 58 10
911 58 12
912 58 17
913 58 20
914 58 22
915 58 24
916 58 29
917 58 31
918 58 35
919 58 37
920 58 40
921 58 42
922 58 44
923 58 55
924 58 56
925 58 62
926 58 63
927 58 64
928 59 3
929 59 5
930 59 6
931 59 10
932 59 20
933 59 26
934 59 27
935 59 29
936 59 30
937 59 37
938 59 41
939 59 43
940 59 48
941 59 50
942 59 53
943 59 61
944 59 66
945 59 69
946 60 1
947 60 3
948 60 10
949 60 14
950 60 16
951 60 18
952 60 19
953 60 30
954 60 32
955 60 35
956 60 38
957 60 42
958 60 48
959 60 54
960 60 58
961 60 59
962 60 63
963 60 64
964 61 2
965 61 6
966 61 7
967 61 8
968 61 11
969 61 18
970 61 21
971 61 25
972 61 32
973 61 38
974 61 43
975 61 55
976 61 57
977 61 58
978 61 59
979 61 60
980 61 61
981 61 63
982 61 66
983 61 70
984 62 1
985 62 7
986 62 9
987 62 11
988 62 20
989 62 23
990 62 25
991 62 29
992 62 30
993 62 31
994 62 34
995 62 36
996 62 37
997 62 39
998 62 43
999 62 45
1000 62 48
1001 62 50
1002 62 53
1003 62 56
1004 62 58
1005 62 66
1006 62 68
1007 63 1
1008 63 6
1009 63 7
1010 63 8
1011 63 20
1012 63 27
1013 63 29
1014 63 30
1015 63 41
1016 63 43
1017 63 54
1018 63 62
1019 63 64
1020 63 65
1021 64 6
1022 64 8
1023 64 17
1024 64 20
1025 64 21
1026 64 27
1027 64 30
1028 64 33
1029 64 36
1030 64 40
1031 64 44
1032 64 52
1033 64 55
1034 64 56
1035 64 60
1036 65 0
1037 65 1
1038 65 5
1039 65 11
1040 65 27
1041 65 29
1042 65 32
1043 65 34
1044 65 37
1045 65 39
1046 65 42
1047 65 45
1048 65 51
1049 65 59
1050 65 64
1051 65 67
1052 66 0
1053 66 4
1054 66 8
1055 66 14
1056 66 17
1057 66 18
1058 66 20
1059 66 21
1060 66 33
1061 66 34
1062 66 42
1063 66 43
1064 66 60
1065 66 61
1066 66 66
1067 67 12
1068 67 16
1069 67 23
1070 67 24
1071 67 27
1072 67 34
1073 67 37
1074 67 40
1075 67 41
1076 67 52
1077 67 55
1078 67 56
1079 67 58
1080 67 66
1081 68 9
1082 68 16
1083 68 25
1084 68 34
1085 68 37
1086 68 39
1087 68 43
1088 68 49
1089 68 52
1090 68 56
1091 68 57
1092 68 68
1093 68 69
1094 69 5
1095 69 11
1096 69 14
1097 69 22
1098 69 29
1099 69 31
1100 69 34
1101 69 36
1102 69 40
1103 69 49
1104 69 51
1105 69 53
1106 69 54
1107 69 56
1108 69 57
1109 69 61
1110 69 64
1111 69 65
1112 69 68
1113 69 69
1114 70 3
1115 70 21
1116 70 26
1117 70 27
1118 70 33
1119 70 37
1120 70 42
1121 70 43
1122 70 46
1123 70 48
1124 70 61
1125 70 65
1126 70 69
1127 71 0
1128 71 1
1129 71 3
1130 71 8
1131 71 18
1132 71 24
1133 71 34
1134 71 43
1135 71 46
1136 71 52
1137 71 55
1138 71 57
1139 71 58
1140 71 64
1141 72 4
1142 72 10
1143 72 16
1144 72 21
1145 72 34
1146 72 35
1147 72 46
1148 72 53
1149 72 58
1150 72 63
1151 72 64
1152 72 66
1153 72 67
1154 72 68
1155 73 2
1156 73 6
1157 73 8
1158 73 10
1159 73 12
1160 73 23
1161 73 34
1162 73 37
1163 73 42
1164 73 44
1165 73 48
1166 73 53
1167 73 55
1168 73 61
1169 73 68
1170 73 69
1171 73 70
1172 74 4
1173 74 12
1174 74 15
1175 74 18
1176 74 19
1177 74 29
1178 74 31
1179 74 33
1180 74 40
1181 74 42
1182 74 56
1183 74 59
1184 74 63
1185 74 67
1186 75 3
1187 75 4
1188 75 18
1189 75 27
1190 75 36
1191 75 37
1192 75 40
1193 75 44
1194 75 45
1195 75 50
1196 75 51
1197 75 62
1198 76 3
1199 76 22
1200 76 26
1201 76 31
1202 76 32
1203 76 46
1204 76 63
1205 76 64
1206 76 66
1207 77 8
1208 77 13
1209 77 16
1210 77 19
1211 77 20
1212 77 30
1213 77 34
1214 77 35
1215 77 38
1216 77 43
1217 77 48
1218 77 54
1219 77 62
1220 77 69
1221 78 4
1222 78 7
1223 78 18
1224 78 19
1225 78 27
1226 78 29
1227 78 34
1228 78 40
1229 78 42
1230 78 50
1231 78 53
1232 78 55
1233 78 68
