80 80 100
0 0 43
1 0 45
2 2 41
3 2 56
4 4 8
5 4 23
6 4 68
7 5 7
8 5 39
9 6 19
10 7 3
11 7 51
12 8 5
13 8 39
14 9 24
15 9 58
16 10 13
17 10 37
18 10 75
19 10 77
20 11 6
21 12 76
22 13 27
23 15 48
24 18 8
25 18 55
26 19 34
27 19 57
28 20 68
29 22 11
30 22 51
31 23 11
32 25 2
33 26 26
34 27 4
35 29 16
36 30 6
37 32 67
38 32 70
39 32 72
40 33 2
41 33 76
42 34 33
43 35 8
44 36 30
45 36 58
46 37 42
47 38 25
48 38 49
49 39 23
50 40 9
51 40 48
52 41 27
53 41 37
54 42 11
55 42 58
56 43 26
57 43 60
58 45 43
59 46 38
60 48 4
61 48 68
62 49 35
63 50 46
64 51 15
65 52 1
66 52 5
67 52 16
68 52 69
69 52 70
70 53 77
71 53 78
72 54 76
73 56 17
74 56 60
75 56 73
76 57 50
77 57 52
78 57 62
79 58 35
80 58 48
81 58 65
82 59 45
83 60 6
84 61 33
85 63 13
86 65 18
87 67 34
88 69 64
89 70 53
90 70 59
91 71 26
92 72 11
93 73 44
94 73 68
95 76 61
96 76 69
97 77 49
98 78 77
99 79 76
