65 71 500
0 0 1
1 0 10
2 0 22
3 0 32
4 0 43
5 0 59
6 0 61
7 0 64
8 1 8
9 1 32
10 1 40
11 1 50
12 1 59
13 2 10
14 2 19
15 2 25
16 2 26
17 2 29
18 2 38
19 2 54
20 2 62
21 2 64
22 2 65
23 2 67
24 3 3
25 3 4
26 3 5
27 3 7
28 3 35
29 3 50
30 3 63
31 4 20
32 4 22
33 4 44
34 4 46
35 5 5
36 5 8
37 5 19
38 5 28
39 5 36
40 5 37
41 5 49
42 5 55
43 5 56
44 5 63
45 6 18
46 6 23
47 6 26
48 6 34
49 6 50
50 6 56
51 6 67
52 7 22
53 7 36
54 7 48
55 7 57
56 7 58
57 8 13
58 8 33
59 8 50
60 8 60
61 8 66
62 9 3
63 9 27
64 9 41
65 9 44
66 9 48
67 9 54
68 9 58
69 9 61
70 9 68
71 10 14
72 10 19
73 10 46
74 10 53
75 10 55
76 10 56
77 10 57
78 10 58
79 11 3
80 11 4
81 11 19
82 11 33
83 11 37
84 11 44
85 11 67
86 12 11
87 12 14
88 12 19
89 12 25
90 12 26
91 12 31
92 12 51
93 12 54
94 12 69
95 13 5
96 13 18
97 13 42
98 13 45
99 13 46
100 13 50
101 13 53
102 13 57
103 13 64
104 14 15
105 14 27
106 14 29
107 14 40
108 15 9
109 15 10
110 15 11
111 15 14
112 15 21
113 15 23
114 15 31
115 15 40
116 15 48
117 15 49
118 15 58
119 15 61
120 16 13
121 16 20
122 16 32
123 16 35
124 16 42
125 16 54
126 16 56
127 16 60
128 17 4
129 17 11
130 17 13
131 17 18
132 17 20
133 17 26
134 17 57
135 17 64
136 17 66
137 17 68
138 18 41
139 18 65
140 19 13
141 19 19
142 19 40
143 20 1
144 20 2
145 20 6
146 20 11
147 20 25
148 20 26
149 20 30
150 20 36
151 20 46
152 20 49
153 20 55
154 20 58
155 20 70
156 21 35
157 21 42
158 21 53
159 21 63
160 22 10
161 22 43
162 22 45
163 22 46
164 23 3
165 23 12
166 23 14
167 23 21
168 23 31
169 23 40
170 23 44
171 23 50
172 23 52
173 23 54
174 23 62
175 23 67
176 23 68
177 23 69
178 24 8
179 24 21
180 24 22
181 24 25
182 24 27
183 24 29
184 24 35
185 24 36
186 24 48
187 24 50
188 24 56
189 25 0
190 25 8
191 25 17
192 25 21
193 25 33
194 25 37
195 25 46
196 25 47
197 25 55
198 25 59
199 25 65
200 26 2
201 26 4
202 26 17
203 26 19
204 26 20
205 26 21
206 26 34
207 26 42
208 26 48
209 26 64
210 26 70
211 27 9
212 27 14
213 27 19
214 27 27
215 27 51
216 27 52
217 28 0
218 28 11
219 28 14
220 28 27
221 28 28
222 28 46
223 28 51
224 28 56
225 29 8
226 29 13
227 29 17
228 29 34
229 29 54
230 29 64
231 30 0
232 30 7
233 30 21
234 30 22
235 30 23
236 30 39
237 30 46
238 30 51
239 30 53
240 30 61
241 30 70
242 31 4
243 31 5
244 31 9
245 31 10
246 31 13
247 31 14
248 31 21
249 31 25
250 31 39
251 31 40
252 31 46
253 31 64
254 32 0
255 32 2
256 32 17
257 32 18
258 32 26
259 32 37
260 32 45
261 33 0
262 33 2
263 33 24
264 33 29
265 33 37
266 33 41
267 33 60
268 34 8
269 34 37
270 34 45
271 34 55
272 34 60
273 34 61
274 35 10
275 35 12
276 35 49
277 35 62
278 35 65
279 35 69
280 36 1
281 36 9
282 36 25
283 36 32
284 36 36
285 36 46
286 37 17
287 37 53
288 37 60
289 37 69
290 38 17
291 38 34
292 38 35
293 38 36
294 38 55
295 38 57
296 38 58
297 38 67
298 39 15
299 39 19
300 39 33
301 39 45
302 39 58
303 39 59
304 39 69
305 40 0
306 40 5
307 40 13
308 40 15
309 40 33
310 40 37
311 40 40
312 40 45
313 40 46
314 41 4
315 41 8
316 41 9
317 41 10
318 41 29
319 41 30
320 41 45
321 41 46
322 41 49
323 41 70
324 42 1
325 42 17
326 42 21
327 42 22
328 42 25
329 42 36
330 42 38
331 42 46
332 42 56
333 42 60
334 43 34
335 43 40
336 43 45
337 43 50
338 43 59
339 43 62
340 44 8
341 44 20
342 44 26
343 44 34
344 44 35
345 44 66
346 45 4
347 45 18
348 45 22
349 45 52
350 45 69
351 45 70
352 46 14
353 46 16
354 46 22
355 46 53
356 46 64
357 46 69
358 47 2
359 47 8
360 47 14
361 47 21
362 47 27
363 47 31
364 47 38
365 47 44
366 48 17
367 48 18
368 48 19
369 48 31
370 48 32
371 48 53
372 48 57
373 48 68
374 49 1
375 49 11
376 49 31
377 49 34
378 49 46
379 49 56
380 49 59
381 49 64
382 49 67
383 50 18
384 50 34
385 50 42
386 50 61
387 50 66
388 50 70
389 51 1
390 51 2
391 51 14
392 51 38
393 51 40
394 51 43
395 51 51
396 51 58
397 52 10
398 52 22
399 52 25
400 52 27
401 52 39
402 52 44
403 52 46
404 52 53
405 52 65
406 53 25
407 53 28
408 53 33
409 53 67
410 54 10
411 54 16
412 54 19
413 54 31
414 54 36
415 54 47
416 54 51
417 54 53
418 54 58
419 55 11
420 55 19
421 55 21
422 55 26
423 55 42
424 56 10
425 56 13
426 56 28
427 56 31
428 56 36
429 56 38
430 56 48
431 56 62
432 56 65
433 57 2
434 57 17
435 57 34
436 57 48
437 57 69
438 58 16
439 58 21
440 58 25
441 58 44
442 58 47
443 59 32
444 59 34
445 59 35
446 59 39
447 59 47
448 59 55
449 59 57
450 59 66
451 59 68
452 60 7
453 60 13
454 60 18
455 60 23
456 60 30
457 60 31
458 60 48
459 60 49
460 60 50
461 60 60
462 60 69
463 61 0
464 61 7
465 61 20
466 61 29
467 61 51
468 61 54
469 61 58
470 61 61
471 61 62
472 61 64
473 61 67
474 62 1
475 62 4
476 62 13
477 62 18
478 62 21
479 62 44
480 62 46
481 62 48
482 62 50
483 63 4
484 63 12
485 63 21
486 63 22
487 63 29
488 63 38
489 63 46
490 63 59
491 63 65
492 64 0
493 64 12
494 64 14
495 64 16
496 64 19
497 64 55
498 64 68
499 64 69
