27 17 64
0 0 0
1 0 15
2 1 5
3 1 16
4 2 0
5 2 2
6 2 9
7 2 10
8 3 1
9 3 16
10 4 6
11 4 13
12 5 2
13 5 5
14 5 6
15 5 7
16 6 13
17 7 0
18 7 5
19 7 12
20 8 3
21 9 5
22 9 14
23 9 15
24 10 5
25 10 7
26 11 9
27 11 11
28 11 15
29 12 6
30 12 11
31 13 7
32 14 3
33 14 8
34 14 15
35 15 2
36 15 4
37 15 5
38 15 7
39 15 11
40 16 0
41 16 1
42 16 10
43 17 4
44 17 6
45 17 8
46 17 10
47 19 4
48 19 5
49 20 3
50 20 8
51 22 3
52 22 13
53 22 16
54 23 1
55 23 6
56 23 13
57 23 14
58 23 16
59 25 4
60 25 7
61 25 15
62 26 4
63 26 6
