100 100 623
0 0 43
1 0 69
2 0 82
3 0 94
4 0 97
5 1 22
6 1 55
7 1 56
8 1 66
9 1 67
10 1 75
11 2 3
12 2 5
13 2 6
14 2 53
15 2 54
16 2 65
17 2 81
18 3 12
19 3 20
20 3 27
21 3 34
22 3 49
23 3 67
24 3 77
25 4 49
26 4 59
27 4 69
28 4 71
29 4 87
30 4 90
31 5 7
32 5 15
33 5 21
34 5 22
35 5 30
36 5 34
37 5 46
38 5 47
39 5 53
40 5 72
41 6 11
42 6 24
43 6 30
44 6 33
45 6 39
46 6 40
47 6 42
48 6 44
49 6 51
50 6 57
51 6 76
52 6 78
53 6 82
54 6 85
55 6 89
56 7 29
57 7 43
58 7 91
59 7 94
60 7 99
61 8 6
62 8 12
63 8 84
64 8 93
65 9 6
66 9 52
67 9 75
68 9 99
69 10 42
70 10 45
71 10 50
72 10 52
73 10 61
74 10 63
75 10 99
76 11 2
77 11 11
78 11 13
79 11 23
80 11 30
81 11 40
82 11 44
83 11 53
84 11 76
85 12 9
86 12 21
87 12 37
88 12 51
89 12 54
90 12 58
91 12 59
92 12 71
93 12 72
94 12 88
95 12 91
96 13 4
97 13 32
98 13 36
99 13 52
100 13 81
101 13 88
102 14 1
103 14 19
104 14 41
105 14 44
106 14 46
107 14 50
108 14 69
109 14 93
110 15 11
111 15 15
112 15 20
113 15 22
114 15 36
115 15 84
116 16 45
117 16 52
118 16 63
119 16 76
120 16 78
121 16 84
122 16 89
123 16 96
124 17 8
125 17 27
126 17 40
127 17 79
128 17 86
129 18 7
130 18 12
131 18 15
132 18 25
133 18 39
134 18 62
135 18 73
136 18 85
137 19 8
138 19 13
139 19 36
140 19 37
141 19 71
142 19 78
143 19 98
144 20 5
145 20 22
146 21 13
147 21 29
148 21 37
149 21 49
150 21 67
151 21 77
152 21 94
153 22 20
154 22 26
155 22 27
156 22 50
157 22 64
158 22 69
159 22 96
160 23 17
161 23 45
162 23 52
163 23 64
164 23 83
165 23 92
166 24 19
167 24 25
168 24 40
169 24 60
170 24 85
171 24 95
172 25 10
173 25 16
174 25 19
175 25 24
176 25 28
177 25 29
178 25 46
179 25 75
180 25 88
181 25 91
182 26 27
183 26 58
184 26 61
185 26 65
186 26 80
187 26 81
188 27 5
189 28 10
190 28 41
191 28 64
192 29 0
193 29 8
194 29 24
195 29 48
196 29 52
197 29 61
198 29 78
199 30 23
200 30 34
201 30 37
202 30 59
203 30 68
204 30 80
205 30 81
206 30 87
207 31 6
208 31 8
209 31 51
210 31 55
211 31 57
212 31 60
213 31 83
214 31 95
215 31 96
216 32 32
217 32 36
218 32 55
219 32 58
220 32 59
221 32 62
222 32 68
223 33 14
224 33 15
225 33 34
226 33 38
227 33 79
228 33 88
229 33 91
230 33 97
231 33 98
232 34 4
233 34 6
234 34 20
235 34 29
236 34 34
237 34 42
238 34 72
239 34 73
240 34 81
241 34 88
242 34 91
243 35 17
244 35 25
245 35 27
246 35 32
247 35 36
248 35 74
249 35 77
250 35 95
251 36 2
252 36 11
253 36 19
254 36 27
255 36 38
256 36 50
257 36 54
258 36 60
259 36 69
260 36 94
261 36 99
262 37 17
263 37 34
264 37 38
265 37 53
266 37 57
267 37 80
268 37 83
269 38 18
270 38 28
271 38 61
272 38 82
273 39 11
274 39 41
275 39 64
276 39 82
277 40 27
278 40 38
279 40 50
280 40 68
281 40 70
282 40 98
283 41 2
284 41 6
285 41 11
286 41 67
287 41 71
288 41 72
289 42 14
290 42 19
291 42 38
292 42 54
293 43 6
294 43 51
295 43 65
296 43 82
297 44 7
298 44 33
299 44 42
300 44 47
301 44 77
302 45 35
303 45 46
304 45 86
305 45 95
306 46 19
307 46 47
308 47 6
309 47 20
310 47 52
311 47 63
312 47 93
313 48 8
314 48 9
315 48 13
316 48 18
317 48 66
318 48 69
319 48 97
320 49 20
321 49 51
322 49 71
323 49 79
324 49 84
325 49 87
326 50 9
327 50 50
328 50 79
329 50 85
330 51 22
331 51 31
332 51 32
333 51 37
334 51 51
335 51 65
336 51 71
337 51 84
338 51 87
339 52 8
340 52 28
341 52 76
342 52 82
343 52 86
344 53 20
345 53 34
346 53 52
347 53 59
348 53 60
349 53 64
350 53 78
351 53 98
352 54 7
353 54 41
354 54 50
355 54 58
356 54 81
357 54 88
358 54 92
359 55 13
360 55 21
361 55 44
362 55 55
363 56 5
364 56 31
365 56 35
366 56 44
367 56 53
368 56 66
369 56 80
370 56 82
371 56 92
372 57 22
373 57 58
374 57 71
375 57 76
376 57 95
377 57 98
378 58 52
379 58 84
380 59 7
381 59 31
382 59 52
383 59 68
384 59 82
385 60 63
386 60 81
387 60 89
388 61 35
389 61 44
390 61 46
391 61 56
392 61 88
393 61 97
394 62 12
395 62 16
396 62 49
397 62 52
398 62 70
399 62 74
400 62 78
401 63 1
402 63 3
403 63 53
404 63 64
405 63 71
406 63 92
407 64 18
408 64 20
409 64 35
410 64 69
411 65 1
412 65 5
413 65 9
414 65 53
415 65 68
416 65 71
417 66 7
418 66 14
419 66 15
420 66 40
421 66 88
422 67 13
423 67 43
424 67 48
425 67 59
426 67 64
427 67 66
428 67 89
429 67 92
430 67 94
431 68 5
432 68 29
433 68 78
434 69 1
435 69 6
436 69 26
437 69 34
438 69 46
439 69 53
440 69 70
441 69 73
442 69 77
443 70 25
444 70 40
445 70 58
446 70 65
447 71 13
448 71 23
449 71 32
450 71 88
451 72 12
452 72 22
453 72 60
454 72 69
455 72 93
456 73 2
457 73 4
458 73 15
459 73 46
460 73 60
461 73 71
462 73 77
463 73 93
464 74 34
465 74 47
466 74 73
467 74 74
468 74 87
469 75 5
470 75 6
471 75 20
472 75 29
473 75 33
474 75 40
475 75 69
476 75 99
477 76 47
478 76 85
479 76 98
480 77 12
481 77 13
482 77 25
483 77 82
484 77 85
485 77 89
486 78 9
487 78 11
488 78 32
489 78 46
490 78 62
491 78 65
492 78 78
493 78 89
494 79 5
495 79 31
496 79 39
497 79 68
498 79 96
499 80 19
500 80 21
501 80 62
502 80 67
503 80 73
504 80 84
505 81 12
506 81 29
507 81 34
508 81 42
509 82 38
510 82 45
511 82 49
512 82 71
513 82 75
514 82 77
515 82 86
516 82 92
517 82 99
518 83 20
519 83 25
520 83 55
521 83 61
522 83 79
523 83 93
524 84 8
525 84 14
526 84 24
527 84 49
528 84 56
529 84 65
530 84 74
531 85 7
532 85 21
533 85 49
534 85 54
535 85 70
536 85 87
537 85 93
538 86 2
539 86 14
540 86 17
541 86 35
542 86 45
543 86 48
544 86 93
545 87 21
546 87 24
547 87 28
548 87 32
549 87 35
550 87 53
551 87 54
552 87 77
553 87 78
554 87 79
555 87 89
556 87 98
557 88 25
558 88 35
559 88 52
560 88 54
561 88 68
562 88 72
563 88 80
564 88 87
565 88 88
566 89 10
567 89 15
568 89 64
569 89 72
570 89 88
571 89 93
572 90 14
573 90 25
574 90 53
575 90 62
576 90 66
577 90 68
578 90 81
579 91 5
580 91 6
581 91 27
582 91 35
583 91 50
584 91 53
585 91 79
586 92 3
587 92 29
588 92 36
589 92 81
590 92 85
591 93 13
592 93 14
593 93 40
594 93 82
595 93 85
596 94 22
597 94 38
598 94 39
599 94 48
600 94 64
601 94 71
602 94 73
603 94 83
604 95 47
605 96 16
606 96 19
607 96 26
608 96 55
609 96 99
610 97 48
611 97 49
612 97 66
613 97 68
614 97 76
615 98 36
616 99 2
617 99 44
618 99 48
619 99 50
620 99 56
621 99 66
622 99 94
