15 15 100
0 0 0
1 0 8
2 0 12
3 1 0
4 1 3
5 1 6
6 2 0
7 2 2
8 2 7
9 2 9
10 2 11
11 2 12
12 2 13
13 3 2
14 3 3
15 3 5
16 3 7
17 3 8
18 3 10
19 4 0
20 4 3
21 4 5
22 4 8
23 4 11
24 4 12
25 4 13
26 4 14
27 5 3
28 5 6
29 5 7
30 5 8
31 5 10
32 5 11
33 5 14
34 6 1
35 6 2
36 6 4
37 6 8
38 6 13
39 6 14
40 7 2
41 7 3
42 7 5
43 7 6
44 7 9
45 7 10
46 8 0
47 8 2
48 8 4
49 8 5
50 8 8
51 8 10
52 8 11
53 8 13
54 9 0
55 9 1
56 9 4
57 9 6
58 9 7
59 9 8
60 9 9
61 9 10
62 9 11
63 9 12
64 9 13
65 9 14
66 10 0
67 10 1
68 10 5
69 10 6
70 10 7
71 10 8
72 10 13
73 11 3
74 11 8
75 11 10
76 11 11
77 11 14
78 12 0
79 12 3
80 12 4
81 12 8
82 12 9
83 12 13
84 12 14
85 13 1
86 13 3
87 13 6
88 13 8
89 13 9
90 13 11
91 13 12
92 13 14
93 14 1
94 14 3
95 14 4
96 14 5
97 14 8
98 14 9
99 14 10
