100 90
88 20 99
89 20 88
81 13 11
44 40 9
29 99 11
23 11 9
84 29 99
51 67 40
33 95 99
90 9 88
25 89 67
22 9 90
92 84 22
16 29 81
28 90 99
36 33 40
39 92 13
60 20 16
14 44 25
53 11 44
1 16 25
69 29 22
79 39 67
27 99 25
63 67 40
98 40 25
100 25 67
45 14 11
31 95 79
76 92 16
38 51 84
83 89 88
72 92 69
7 28 13
68 40 98
12 16 1
70 9 53
74 60 20
4 22 36
35 89 90
5 27 83
49 40 90
77 68 60
91 7 76
50 69 76
6 29 100
59 68 70
8 4 1
32 39 33
61 89 84
97 1 25
2 36 68
65 92 68
80 4 87
85 1 70
48 45 51
42 81 80
3 70 12
24 44 53
17 48 98
18 98 6
26 45 14
62 27 67
34 67 77
58 14 2
56 3 16
75 4 65
46 35 11
73 34 13
78 34 44
52 5 38
71 85 5
21 27 39
66 44 45
93 32 61
43 22 12
30 83 98
19 73 50
47 80 63
41 21 35
54 29 3
10 50 60
64 85 81
55 50 66
86 60 81
96 58 54
57 93 20
37 56 20
94 62 3
15 99 43
20
67 95
67 82
9 15
95 90
95 56
82 3
82 41
99 88
99 69
99 97
23 81
23 27
23 5
84 31
33 6
33 18
90 4
16 86
36 28
39 13
