300 292
15 126 252
130 126 15
109 126 130
216 126 109
26 126 216
52 126 26
238 126 52
280 126 238
31 126 280
141 126 31
227 126 141
183 126 227
1 126 183
201 126 1
89 126 201
11 126 89
217 126 11
178 126 217
94 126 178
120 126 94
57 126 120
142 126 57
55 126 142
98 126 55
194 126 98
225 126 194
211 126 225
226 126 211
93 126 226
210 126 93
255 126 210
285 126 255
131 126 285
68 126 131
182 126 68
222 126 182
296 126 222
5 126 296
200 126 5
135 126 200
274 126 135
107 126 274
22 126 107
180 126 22
251 126 180
246 126 251
276 126 246
278 126 276
268 126 278
97 126 268
104 126 97
136 126 104
63 126 136
176 126 63
88 126 176
155 126 88
81 126 155
235 126 81
38 126 235
257 126 38
49 126 257
292 126 49
85 126 292
283 126 85
36 126 283
232 126 36
154 126 232
110 126 154
240 126 110
30 126 240
37 126 30
256 126 37
71 126 256
192 126 71
195 126 192
230 126 195
221 126 230
58 126 221
96 126 58
105 126 96
258 126 105
197 126 258
67 126 197
287 126 67
83 126 287
35 126 83
9 126 35
92 126 9
6 126 92
116 126 6
161 126 116
14 126 161
103 126 14
213 126 103
234 126 213
267 126 234
84 126 267
254 126 84
193 126 254
3 126 193
209 126 3
236 126 209
74 126 236
75 126 74
128 126 75
202 126 128
196 126 202
117 126 196
228 126 117
25 126 228
171 126 25
101 126 171
260 126 101
271 126 260
19 126 271
297 126 19
275 126 297
286 126 275
203 126 286
43 126 203
158 126 43
253 126 158
173 126 253
170 126 173
76 126 170
229 126 76
247 126 229
266 126 247
27 126 266
159 126 27
138 126 159
231 126 138
199 126 231
70 126 199
69 126 70
169 126 69
241 126 169
39 126 241
53 126 39
91 126 53
269 126 91
80 126 269
220 126 80
189 126 220
204 126 189
17 126 204
179 126 17
300 126 179
156 126 300
125 126 156
168 126 125
163 126 168
160 126 163
205 126 160
32 126 205
143 126 32
244 126 143
61 126 244
151 126 61
119 126 151
263 126 119
150 126 263
4 126 150
188 126 4
34 126 188
165 126 34
284 126 165
277 126 284
2 126 277
174 126 2
133 126 174
273 126 133
21 126 273
122 126 21
132 126 122
113 126 132
87 126 113
66 126 87
262 126 66
77 126 262
214 126 77
137 126 214
239 126 137
265 126 239
48 126 265
139 126 48
289 126 139
47 126 289
127 126 47
157 126 127
28 126 157
118 126 28
86 126 118
290 126 86
295 126 290
190 126 295
233 126 190
23 126 233
123 126 23
62 126 123
129 205 273
166 138 266
172 120 151
114 104 97
282 211 156
45 213 17
215 225 200
162 39 170
293 236 88
218 26 123
294 266 221
291 240 271
181 155 232
299 182 105
261 200 255
90 294 179
224 119 85
33 285 266
108 17 179
148 256 141
40 267 116
243 280 108
249 20 94
237 294 17
115 282 49
177 276 154
16 230 143
164 221 68
51 160 249
64 3 290
18 2 119
60 151 155
73 103 89
59 282 15
288 127 237
145 28 52
259 236 240
147 33 154
198 182 51
185 160 21
281 297 263
56 211 71
208 71 67
184 216 171
187 45 226
50 17 294
175 177 73
245 293 224
72 234 51
42 218 253
41 163 260
167 47 118
152 136 244
82 274 92
250 5 195
112 123 116
44 147 201
264 112 282
206 238 251
153 177 291
124 286 214
111 161 18
146 58 270
144 41 294
272 107 260
12 70 21
149 91 73
79 8 220
65 280 247
24 224 180
219 254 290
102 130 185
121 236 109
29 8 173
78 230 33
106 70 92
223 94 151
242 277 97
186 164 281
248 255 147
10 86 192
7 86 88
134 161 15
100 271 74
95 288 71
54 178 76
99 283 75
191 128 256
298 71 189
13 67 116
279 270 225
212 196 291
2700
20 201
20 49
20 221
20 75
20 117
20 231
20 199
20 32
20 263
20 215
20 42
8 8
8 182
8 97
8 230
8 58
8 67
8 234
8 286
8 231
8 160
8 87
8 118
8 264
207 252
207 68
207 105
207 14
207 168
207 163
207 244
207 62
207 153
207 272
207 106
140 68
140 136
140 127
140 175
140 13
270 252
270 57
270 210
270 268
270 96
270 228
46 227
46 255
46 296
46 53
46 188
46 273
46 184
46 175
46 186
126 226
126 155
126 192
126 3
126 243
126 167
126 279
252 178
252 84
252 51
15 140
15 94
15 136
15 67
15 158
15 21
15 291
15 288
15 191
130 140
130 126
130 11
130 22
130 136
130 75
130 260
130 286
130 263
130 150
130 265
130 51
130 50
130 65
109 287
109 241
109 119
216 89
216 93
216 97
216 63
216 181
216 42
216 146
216 223
216 242
26 238
26 292
26 192
26 275
26 266
26 27
26 218
26 111
52 49
52 67
52 25
52 286
238 31
238 141
238 30
238 170
238 299
238 184
238 29
280 251
280 257
280 14
280 101
280 271
280 282
280 249
280 145
280 153
280 219
280 54
280 99
31 161
31 80
31 137
31 245
31 250
31 12
141 94
141 276
141 30
141 287
141 171
141 158
141 269
141 80
141 262
141 137
141 299
141 108
141 243
141 164
141 41
141 82
141 298
227 225
227 276
227 110
227 193
227 3
227 209
227 74
227 101
227 269
227 86
227 60
227 50
227 13
183 52
183 94
183 268
183 128
183 19
183 170
183 179
183 188
183 282
183 181
183 108
183 106
183 186
1 15
1 226
1 97
1 256
1 258
1 67
1 103
1 193
1 75
1 260
1 138
1 241
1 239
1 167
1 250
1 219
201 207
201 217
201 37
201 256
201 128
201 25
201 231
201 244
201 132
201 295
201 64
201 259
201 198
201 78
89 63
89 30
89 37
89 195
89 197
89 254
89 158
89 166
89 33
89 272
89 134
11 201
11 5
11 200
11 107
11 155
11 235
11 36
11 53
11 272
11 106
11 191
217 98
217 226
217 67
217 169
217 21
217 157
217 62
217 112
178 183
178 98
178 160
178 177
178 56
94 20
94 194
94 211
94 88
94 232
94 71
94 92
94 70
94 151
94 114
94 33
94 72
94 298
120 217
120 38
120 36
120 92
120 179
120 23
120 166
120 114
120 291
120 181
120 145
57 216
57 292
57 30
57 230
57 197
57 161
57 253
57 231
57 2
57 290
57 181
57 64
57 288
57 175
57 78
142 20
142 207
142 98
142 22
142 136
142 287
142 2
142 137
142 290
142 72
142 65
142 219
55 26
55 5
55 110
55 189
55 32
55 289
98 238
98 211
98 176
98 83
98 14
98 275
98 70
98 156
98 261
98 250
98 44
98 223
194 278
194 30
194 75
194 297
194 300
194 289
194 181
194 90
194 41
225 22
225 251
225 236
225 2
225 47
225 118
225 212
211 75
211 43
211 151
211 165
211 132
211 118
211 249
211 281
211 100
226 20
226 130
226 285
226 251
226 267
226 84
226 158
226 273
226 166
226 249
226 59
226 152
93 225
93 240
93 96
93 161
93 168
93 133
93 289
93 282
93 245
93 99
210 8
210 15
210 180
210 268
210 136
210 67
210 25
210 43
210 160
210 122
255 57
255 98
255 194
255 27
255 53
255 86
255 224
255 24
285 139
285 250
285 111
285 279
131 260
131 173
131 273
131 190
131 299
131 16
131 264
131 79
68 31
68 180
68 75
68 214
68 190
68 23
68 121
182 126
182 1
182 292
182 287
182 103
182 236
182 27
182 273
182 87
182 95
222 265
222 139
222 190
222 65
222 242
222 99
222 279
296 222
296 276
296 297
296 133
296 146
296 219
296 134
5 227
5 6
5 74
5 138
5 21
5 62
5 73
5 242
5 54
200 142
200 240
200 105
200 161
200 286
200 214
200 290
200 16
200 51
135 110
135 213
135 99
135 191
274 180
274 71
274 96
274 161
274 231
274 300
274 2
274 262
274 157
274 177
274 147
107 31
107 22
107 30
107 209
107 228
107 19
107 118
107 45
107 106
107 191
22 46
22 255
22 251
22 170
22 273
22 262
22 148
22 78
180 8
180 201
180 176
180 196
180 160
180 152
180 106
251 94
251 104
251 155
251 170
251 76
251 127
251 249
251 186
246 126
246 93
246 63
246 192
246 230
246 286
246 241
246 160
246 2
246 262
246 290
246 166
246 172
246 164
246 146
246 149
276 180
276 195
276 84
276 101
276 275
276 2
276 214
276 299
276 224
276 184
276 175
278 207
278 142
278 88
278 258
278 236
278 275
278 69
278 61
278 73
278 152
268 227
268 14
268 203
268 27
268 40
268 18
97 52
97 136
97 155
97 154
97 221
97 213
97 84
97 228
97 199
97 262
97 208
97 191
104 270
104 287
104 25
104 275
104 17
104 40
104 249
104 24
136 141
136 240
136 101
136 244
136 133
136 122
136 62
136 218
136 33
136 145
136 54
63 8
63 216
63 89
63 68
63 278
63 49
63 75
63 196
63 229
63 39
63 114
63 294
63 177
63 146
63 99
176 1
176 284
176 277
176 118
176 290
176 282
176 187
176 175
176 186
88 110
88 256
88 171
88 189
88 4
88 277
88 273
88 239
88 172
155 46
155 141
155 226
155 195
155 67
155 61
155 188
155 214
155 233
155 281
155 250
155 279
81 270
81 216
81 246
81 213
81 228
81 138
81 17
81 177
81 111
81 298
235 5
235 278
235 104
235 92
235 260
235 143
235 150
235 2
235 149
38 26
38 88
38 292
38 37
38 96
38 244
38 47
257 49
257 229
257 45
257 90
257 145
257 281
49 57
49 93
49 257
49 110
49 103
49 286
49 60
49 153
49 144
292 207
292 52
292 97
292 235
292 37
292 159
292 163
292 205
292 51
292 12
85 8
85 252
85 55
85 225
85 289
85 198
85 41
85 250
85 149
85 99
283 252
283 130
283 103
283 193
283 199
283 284
283 124
283 95
36 130
36 182
36 116
36 43
36 170
36 241
36 77
36 249
36 248
232 140
232 255
232 135
232 3
232 114
232 282
154 88
154 228
154 91
154 156
154 164
110 287
110 117
110 151
110 215
110 261
240 209
240 275
240 132
240 233
240 129
240 245
240 152
240 29
30 238
30 296
30 136
30 81
30 287
30 69
30 59
30 198
30 50
30 79
37 160
37 188
37 277
37 132
37 59
37 281
37 10
256 278
256 174
256 129
256 60
256 59
256 72
256 12
256 65
71 238
71 257
71 49
71 6
71 209
71 286
71 205
71 206
71 54
192 107
192 268
192 136
192 193
192 4
192 157
192 224
192 187
192 146
192 99
195 30
195 221
195 84
195 19
195 76
195 147
195 65
230 226
230 285
230 234
230 187
230 78
221 252
221 26
221 201
221 5
221 235
221 195
221 92
221 263
221 181
221 245
58 128
58 158
58 143
58 293
58 299
96 26
96 280
96 98
96 225
96 278
96 221
96 84
96 224
96 115
96 10
105 68
105 276
105 110
105 30
105 9
105 171
105 17
105 125
105 162
258 126
258 22
258 110
258 221
258 159
258 199
258 39
258 263
258 137
258 118
258 124
197 141
197 94
197 286
197 163
197 160
197 87
197 215
197 100
67 8
67 252
67 109
67 11
67 22
67 97
67 254
67 70
67 163
67 277
67 82
67 106
287 283
287 67
287 287
287 6
287 209
287 165
287 273
287 185
287 152
287 44
287 121
287 13
83 270
83 216
83 98
83 255
83 107
83 6
83 171
83 233
83 162
35 15
35 276
35 268
35 58
35 116
35 3
35 173
35 266
35 138
35 70
35 189
35 295
35 106
9 252
9 85
9 67
9 286
9 189
9 205
9 262
9 282
9 33
9 40
9 281
92 11
92 110
92 197
92 101
92 229
92 53
92 156
92 163
92 143
92 298
6 211
6 93
6 155
6 67
6 179
6 160
6 23
6 45
6 115
6 184
116 155
116 292
116 230
116 14
116 269
116 45
116 162
116 121
116 242
161 201
161 93
161 222
161 251
161 96
161 35
161 84
161 3
161 209
161 27
161 199
161 10
14 222
14 200
14 81
14 283
14 195
14 271
14 297
14 263
14 188
14 174
14 127
14 73
14 152
103 201
103 142
103 210
103 131
103 88
103 30
103 105
103 19
103 170
103 174
103 157
103 233
103 111
103 298
213 98
213 38
213 85
213 127
213 86
213 299
213 40
213 249
213 187
213 219
234 280
234 68
234 257
234 58
234 161
234 275
234 43
234 91
234 32
234 174
234 113
234 198
234 250
267 225
267 246
267 35
267 78
84 207
84 270
84 178
84 225
84 158
84 241
84 151
84 129
84 191
254 57
254 240
254 86
254 185
254 219
254 248
254 99
193 255
193 192
193 159
193 77
193 123
3 207
3 141
3 225
3 245
209 201
209 36
209 160
209 244
209 64
236 46
236 126
236 135
236 107
236 81
236 235
236 67
236 91
236 269
236 263
236 34
236 243
236 59
236 184
74 238
74 6
74 196
74 297
74 231
74 218
74 181
74 115
74 264
74 144
74 272
74 12
74 106
74 134
75 280
75 236
75 196
75 143
75 151
75 47
75 114
75 45
75 41
75 112
75 264
128 81
128 37
128 203
128 80
128 163
128 151
128 127
128 282
128 79
128 223
128 99
202 126
202 194
202 85
202 195
202 105
202 196
202 117
202 167
196 93
196 71
196 58
196 275
196 64
196 250
196 44
117 52
117 210
117 131
117 85
117 71
117 213
117 193
117 209
117 128
117 173
117 231
117 151
117 165
117 295
117 40
117 16
117 146
117 10
228 140
228 268
228 38
228 171
228 39
228 87
228 73
228 175
25 55
25 236
25 196
25 269
25 125
25 150
25 250
171 88
171 83
171 159
171 80
171 205
171 188
171 294
171 224
171 56
101 142
101 107
101 231
101 188
101 132
101 47
101 281
101 187
101 79
101 102
101 99
260 207
260 210
260 5
260 116
260 236
260 21
260 137
260 265
260 289
260 157
260 108
260 106
271 136
271 161
271 202
271 165
271 162
271 108
271 288
271 175
271 42
271 144
19 227
19 285
19 83
19 193
19 300
19 156
19 147
19 152
19 12
297 270
297 103
297 150
297 239
297 233
297 288
297 245
297 250
275 98
275 182
275 180
275 258
275 138
275 269
275 151
275 289
275 208
275 102
286 154
286 234
286 101
286 244
286 139
286 60
203 31
203 49
203 287
203 220
203 125
43 270
43 227
43 98
43 285
43 192
43 267
43 260
43 269
43 80
43 144
43 99
158 251
158 230
158 174
158 123
158 45
158 108
158 177
158 64
158 145
158 167
158 65
158 13
253 252
253 109
253 227
253 68
253 83
253 196
253 253
253 77
253 282
173 252
173 114
173 102
170 98
170 197
170 169
170 122
170 66
170 157
170 215
170 108
170 50
76 68
76 110
76 43
76 156
76 21
76 47
76 157
76 12
229 43
229 233
229 51
247 252
247 182
247 200
247 287
247 128
247 69
247 168
247 295
247 291
247 279
266 280
266 67
266 169
266 215
266 33
27 22
27 230
27 83
27 156
27 265
159 55
159 283
159 154
159 168
159 122
159 118
159 293
159 33
159 198
159 95
138 216
138 57
138 131
138 268
138 103
138 172
138 79
231 207
231 182
231 105
231 219
231 54
231 298
199 255
199 38
199 9
199 19
199 122
199 224
199 108
199 177
199 288
70 235
70 232
70 209
70 228
70 158
69 194
69 161
69 39
69 143
69 122
69 289
69 181
69 82
169 270
169 11
169 274
169 63
169 36
169 197
169 132
169 33
169 115
169 177
169 56
169 44
169 124
169 29
241 46
241 15
241 110
241 192
241 230
241 189
241 215
241 40
241 99
39 126
39 141
39 98
39 251
39 96
39 84
39 74
39 143
39 282
39 245
39 272
53 257
53 35
53 193
53 117
53 156
53 119
53 289
53 108
53 185
53 82
91 296
91 256
91 35
91 43
91 119
91 250
91 272
91 79
269 15
269 11
269 55
269 19
269 253
269 143
269 273
269 113
269 190
269 224
269 259
269 281
269 24
269 219
269 212
80 140
80 268
80 14
80 286
80 91
80 166
80 24
80 298
220 280
220 217
220 200
220 135
220 43
220 158
220 156
220 40
189 270
189 252
189 285
189 131
189 246
189 271
189 229
189 169
189 48
189 86
189 45
189 294
189 249
189 245
204 120
204 210
204 67
204 92
204 266
204 23
204 42
204 250
17 226
17 93
17 81
17 35
17 92
17 14
17 295
17 282
17 291
17 41
17 250
17 44
17 212
179 8
179 96
179 209
179 189
179 188
179 111
179 146
300 169
300 273
300 47
300 62
300 224
300 59
300 50
300 72
300 24
300 29
156 155
156 49
156 197
156 67
156 287
156 247
156 220
156 137
156 40
156 146
156 10
125 31
125 217
125 170
125 205
125 289
168 200
168 268
168 176
168 37
168 90
163 22
163 110
163 35
163 234
163 117
163 170
163 169
163 151
163 295
163 64
163 102
160 154
160 58
160 3
160 265
160 147
160 134
205 15
205 292
205 3
205 253
205 229
205 48
205 293
205 261
205 78
32 89
32 194
32 155
32 83
32 125
32 42
32 29
143 126
143 67
143 151
143 233
143 108
143 40
244 20
244 238
244 141
244 142
244 137
61 3
61 113
61 123
61 248
151 57
151 98
151 222
151 154
151 37
151 231
151 129
151 172
151 148
151 146
119 19
119 294
119 40
119 288
119 152
119 250
119 112
119 78
263 182
263 96
263 35
263 14
263 53
263 262
263 100
263 13
150 270
150 36
150 150
150 288
150 223
4 97
4 138
4 169
4 143
4 265
4 290
4 114
4 45
4 148
4 245
4 206
4 100
188 55
188 71
188 228
188 269
188 204
188 77
188 79
34 226
34 278
34 257
34 105
34 80
34 137
34 190
34 218
34 243
34 82
165 246
165 276
165 37
165 6
165 75
165 113
165 129
165 185
165 41
165 99
284 252
284 81
284 85
284 37
284 116
284 103
284 171
284 165
284 295
284 148
284 259
284 281
284 100
277 227
277 222
277 292
277 232
277 69
277 189
277 17
277 90
277 243
277 185
277 250
277 298
2 238
2 280
2 35
2 117
2 69
2 291
174 270
174 238
174 31
174 76
174 284
174 48
174 12
133 297
133 174
273 57
273 222
273 110
273 193
273 117
273 156
273 174
273 190
273 237
273 79
21 55
21 93
21 296
21 240
21 84
21 159
122 20
122 211
122 180
122 75
122 112
132 46
132 94
132 131
132 296
132 81
132 38
132 30
132 204
132 151
132 4
132 47
132 86
132 166
113 92
113 161
113 39
113 48
87 280
87 201
87 104
87 136
87 9
87 101
87 19
87 286
87 43
87 159
87 157
66 285
66 104
66 257
66 143
66 277
66 174
262 182
262 155
262 158
262 69
262 241
262 263
262 56
262 167
262 206
77 1
77 35
77 103
77 275
77 241
77 17
77 47
77 282
77 198
77 281
214 97
214 92
214 234
214 260
214 253
214 27
214 119
214 118
214 45
214 291
137 285
137 63
137 75
137 17
137 300
137 137
137 190
137 299
137 185
137 167
239 57
239 246
239 9
239 171
239 91
239 262
239 99
265 251
265 38
265 85
265 231
265 151
265 73
265 198
265 184
48 142
48 278
48 25
48 159
48 2
48 298
139 140
139 55
139 255
139 81
139 37
139 267
139 173
139 266
139 300
139 133
139 90
139 164
139 208
139 112
139 121
289 182
289 274
289 37
289 53
289 151
289 162
289 164
289 64
289 175
289 206
289 186
289 248
47 15
47 183
47 104
47 88
47 195
47 213
47 267
47 266
47 189
47 284
47 299
47 187
127 126
127 210
127 5
127 135
127 97
127 81
127 49
127 137
127 239
127 28
127 233
127 181
157 89
157 84
157 254
157 48
157 108
157 78
157 95
28 55
28 296
28 103
28 269
28 137
28 265
28 118
28 18
28 208
28 82
28 134
118 231
118 47
118 29
86 130
86 98
86 180
86 276
86 268
86 9
86 171
86 266
86 300
86 156
86 51
86 72
86 250
290 255
290 105
290 196
290 69
290 162
290 198
290 250
290 29
295 280
295 138
295 204
295 165
295 21
295 157
295 149
190 292
190 128
190 159
190 17
190 50
233 46
233 297
233 151
233 77
233 137
233 86
233 261
233 13
23 209
23 25
23 297
23 87
23 214
23 139
23 157
23 44
123 84
123 202
123 275
123 138
123 172
123 45
123 237
123 242
62 15
62 135
62 262
62 157
62 90
62 121
62 191
129 252
129 285
129 88
129 38
129 105
129 241
129 261
129 259
166 1
166 89
166 94
166 71
166 195
166 62
166 162
172 225
172 257
172 49
172 151
172 172
172 249
172 219
172 191
114 52
114 221
114 116
114 69
114 220
114 17
114 16
114 184
114 50
114 223
114 134
114 298
282 46
282 68
282 92
282 234
282 297
282 239
45 257
45 267
45 247
45 122
45 233
45 245
45 65
45 106
215 207
215 52
215 22
215 125
215 188
215 118
215 86
215 190
215 218
215 243
215 106
162 120
162 194
162 255
162 232
162 173
162 122
162 33
162 148
162 249
162 65
162 279
293 136
293 110
293 42
293 264
293 206
293 146
293 242
293 279
218 15
218 183
218 221
218 103
218 196
218 241
218 162
294 109
294 296
294 74
294 231
294 133
294 139
294 62
294 249
294 288
294 175
294 95
291 225
291 240
291 58
291 96
291 213
291 173
291 199
291 62
291 288
181 46
181 201
181 104
181 256
181 231
181 179
181 123
181 45
181 261
181 50
181 245
181 24
299 271
299 233
299 146
299 79
299 99
261 274
261 96
261 236
261 260
261 300
261 61
261 119
261 4
261 277
261 212
90 120
90 230
90 105
90 197
90 297
90 239
90 198
90 79
90 24
90 29
90 191
224 81
224 192
224 169
224 162
224 291
224 16
224 281
224 124
33 252
33 194
33 296
33 92
33 160
33 273
33 95
108 270
108 46
108 240
108 188
108 13
148 268
148 6
148 23
148 64
40 257
40 49
40 267
40 101
40 48
40 293
243 296
243 63
243 257
243 49
243 27
243 160
243 32
243 122
243 127
243 23
243 41
243 219
243 100
249 140
249 55
249 200
249 58
249 35
249 275
249 247
249 265
249 127
249 108
249 152
249 106
249 10
237 274
237 9
237 236
237 277
237 48
237 295
237 233
237 13
115 235
115 83
115 173
115 143
115 273
115 127
115 108
177 83
177 254
177 158
177 138
177 32
177 157
177 291
177 7
177 191
16 278
16 154
16 71
16 258
16 241
16 165
16 62
16 215
16 291
16 147
164 176
164 193
164 241
164 80
164 32
164 174
164 127
164 215
164 51
164 167
164 152
164 79
51 98
51 105
51 83
51 233
51 208
51 250
51 100
64 182
64 268
64 30
64 254
64 286
64 34
64 185
64 111
64 54
18 270
18 158
18 173
18 132
18 233
18 215
18 90
18 79
18 99
60 210
60 182
60 200
60 274
60 292
60 85
60 199
60 2
60 66
60 47
60 18
60 208
60 272
73 20
73 52
73 55
73 210
73 85
73 161
73 19
73 164
73 153
73 212
59 20
59 201
59 68
59 274
59 107
59 138
59 199
59 241
59 300
59 205
59 34
59 282
59 185
59 56
288 178
288 5
288 14
288 125
288 262
288 218
288 242
145 257
145 275
145 277
145 62
145 12
145 298
259 8
259 207
259 226
259 230
259 260
259 286
259 199
259 168
259 61
259 21
259 175
259 65
147 96
147 75
147 139
147 86
147 291
147 272
198 46
198 15
198 1
198 94
198 276
198 292
198 209
198 169
198 189
198 242
198 134
185 276
185 96
185 43
185 220
185 65
185 7
281 46
281 126
281 15
281 183
281 57
281 116
281 286
281 23
281 172
281 243
281 223
281 13
56 270
56 130
56 226
56 221
56 258
56 213
56 254
56 101
56 76
56 82
56 102
56 134
208 197
208 203
208 156
208 2
208 259
208 50
208 245
208 124
208 272
184 286
184 175
184 146
187 246
187 75
187 170
187 189
187 143
187 245
187 99
50 217
50 103
50 203
50 43
50 27
50 138
50 284
50 289
50 290
50 167
50 7
175 128
175 158
175 132
175 181
175 153
175 54
245 20
245 15
245 52
245 238
245 227
245 89
245 276
245 105
245 203
245 158
245 114
245 147
245 50
245 42
245 264
72 136
72 235
72 292
72 3
72 241
72 60
72 198
72 281
72 208
72 206
72 29
42 210
42 180
42 283
42 37
42 71
42 117
42 260
42 300
42 160
42 59
42 12
42 134
42 212
41 275
41 17
41 133
41 16
41 191
167 283
167 193
167 209
167 169
167 122
167 60
167 208
167 153
167 219
167 248
167 95
152 46
152 278
152 85
152 103
152 213
152 169
152 119
152 47
152 172
152 51
152 18
152 245
152 167
152 106
152 191
82 253
82 80
82 66
82 33
82 40
82 18
250 93
250 210
250 276
250 278
250 105
250 103
250 75
250 271
250 159
250 138
250 80
250 17
250 151
250 4
250 289
250 295
250 198
250 10
112 292
112 197
112 28
112 294
112 181
112 16
112 64
112 175
112 152
112 29
44 207
44 201
44 22
44 292
44 154
44 213
44 43
44 169
44 143
44 295
44 62
44 243
44 51
44 73
44 72
44 242
264 140
264 142
264 211
264 246
264 51
264 124
264 79
206 109
206 94
206 182
206 235
206 221
206 197
206 204
206 272
153 201
153 202
153 112
153 78
124 252
124 109
124 296
124 247
124 269
124 160
124 188
124 249
124 73
111 207
111 168
111 290
111 23
111 102
111 7
146 211
146 226
146 9
146 3
146 228
146 76
146 169
146 21
146 127
146 164
146 100
144 246
144 43
144 282
144 162
144 208
144 42
272 255
272 68
272 192
272 77
272 51
272 56
272 242
272 191
12 15
12 211
12 136
12 258
12 247
12 53
12 133
12 114
12 224
12 187
12 153
149 126
149 161
149 220
149 4
149 34
149 122
149 249
149 42
149 44
149 111
79 38
79 193
79 19
79 168
79 119
65 94
65 71
65 195
65 9
65 228
65 260
65 179
65 156
65 150
65 122
65 129
65 42
65 298
24 207
24 128
24 202
24 205
24 118
24 299
24 112
24 144
219 227
219 226
219 230
219 158
219 159
219 220
219 47
219 56
102 283
102 9
102 213
102 209
102 74
102 75
102 228
102 53
102 295
102 215
102 65
102 191
121 195
121 197
121 9
121 92
121 260
121 17
121 118
121 153
29 142
29 209
29 4
29 33
29 175
29 44
29 153
78 55
78 154
78 256
78 267
78 75
78 204
78 168
78 32
78 118
78 82
106 216
106 11
106 283
106 267
106 40
106 152
223 201
223 63
223 4
242 280
242 104
242 163
242 282
242 33
242 148
242 185
242 272
242 10
186 8
186 120
186 296
186 6
186 267
186 209
186 19
186 127
186 145
186 42
186 223
248 274
248 14
248 101
248 275
248 244
248 86
248 249
248 60
248 144
248 279
10 254
10 119
10 295
10 162
10 65
10 7
7 201
7 55
7 297
7 64
7 144
134 234
134 19
134 122
134 233
134 282
134 134
100 200
100 136
100 71
100 169
100 204
100 174
100 72
95 211
95 278
95 268
95 292
95 37
95 92
95 27
95 231
95 61
95 237
95 245
95 186
95 298
54 268
54 81
54 67
54 266
54 123
54 299
54 177
54 51
54 73
54 10
99 155
99 38
99 49
99 14
99 3
99 203
99 291
99 288
99 198
99 184
99 65
191 280
191 199
191 122
191 295
191 72
191 112
191 99
298 22
298 257
298 58
298 75
298 260
298 76
298 70
298 244
298 151
298 145
298 208
298 42
298 146
13 216
13 93
13 209
13 171
13 170
13 143
13 151
13 48
13 249
13 167
13 264
13 242
279 201
279 81
279 228
279 241
279 220
279 61
279 28
279 129
279 164
279 41
279 78
212 158
212 231
212 243
212 185
212 42
94 6
97 235
45 24
175 157
243 3
