300 294
60 114 258
209 114 60
240 114 209
139 114 240
183 114 139
33 114 183
156 114 33
188 114 156
120 114 188
208 114 120
267 114 208
76 114 267
142 114 76
18 114 142
166 114 18
108 114 166
58 114 108
191 114 58
24 114 191
284 114 24
180 114 284
90 114 180
109 114 90
149 114 109
96 114 149
197 114 96
102 114 197
232 114 102
134 114 232
72 114 134
226 114 72
238 114 226
88 114 238
32 114 88
25 114 32
218 114 25
1 114 218
254 114 1
210 114 254
227 114 210
107 114 227
250 114 107
292 114 250
73 114 292
293 114 73
207 114 293
17 114 207
95 114 17
55 114 95
64 114 55
49 114 64
193 114 49
48 114 193
130 114 48
190 114 130
101 114 190
26 114 101
202 114 26
82 114 202
266 114 82
186 114 266
228 114 186
153 114 228
192 114 153
105 114 192
41 114 105
169 114 41
271 114 169
44 114 271
28 114 44
57 114 28
173 114 57
291 114 173
242 114 291
61 114 242
113 114 61
110 114 113
165 114 110
160 114 165
275 114 160
262 114 275
123 114 262
45 114 123
244 114 45
212 114 244
31 114 212
288 114 31
99 114 288
52 114 99
150 114 52
11 114 150
137 114 11
92 114 137
2 114 92
13 114 2
200 114 13
196 114 200
177 114 196
54 114 177
46 114 54
85 61 226
257 99 190
78 52 149
224 177 46
168 183 226
62 2 113
30 2 169
131 95 18
144 156 64
16 240 85
223 227 78
297 257 60
146 49 76
121 58 73
247 121 123
256 96 105
172 109 31
264 186 247
299 92 41
279 121 257
185 82 292
122 299 57
135 279 57
29 177 11
270 150 160
68 202 266
163 224 52
245 142 150
21 256 190
280 163 88
119 105 149
141 109 110
115 105 48
273 16 169
132 180 134
59 192 61
65 238 48
79 197 58
157 24 2
159 16 119
42 58 1
225 13 262
211 135 79
63 59 21
53 95 79
300 59 242
148 95 123
214 139 204
87 266 257
35 25 224
51 270 292
235 168 273
259 107 169
231 79 72
37 250 76
162 25 101
89 41 273
147 26 264
23 292 242
22 92 85
43 52 134
47 266 284
71 214 23
69 141 89
246 244 32
298 173 87
140 257 291
167 173 96
282 264 168
220 191 46
81 21 168
66 226 31
155 66 87
10 160 282
136 228 293
286 2 52
294 150 101
260 288 254
74 168 153
70 271 69
171 17 245
296 25 65
184 157 1
124 37 82
283 184 227
199 218 61
100 72 55
39 210 235
4 231 172
213 209 43
187 18 96
265 280 273
230 119 238
152 267 123
285 90 58
98 101 188
97 227 214
126 2 43
154 183 280
161 30 296
289 230 57
179 296 43
195 131 139
86 58 13
234 292 37
274 59 168
7 299 282
40 41 89
178 74 150
182 40 46
5 199 119
255 245 156
276 119 180
112 273 2
104 299 44
67 171 11
36 123 32
91 171 132
277 37 280
34 226 195
50 43 146
287 256 200
116 82 54
77 11 280
205 99 46
201 155 108
103 201 214
6 271 262
198 1 107
175 48 63
233 267 34
80 73 47
249 78 39
8 279 233
75 51 76
176 76 89
106 166 232
278 161 258
133 180 24
206 255 190
215 270 34
125 235 97
217 36 256
84 53 196
170 62 133
263 25 73
261 114 60
203 257 217
252 288 279
272 36 165
94 282 57
268 90 169
158 203 163
269 50 217
241 109 182
128 156 199
222 119 244
281 242 214
295 246 150
219 190 154
237 218 32
143 43 257
251 185 207
194 223 76
151 244 128
290 144 228
248 227 79
189 269 160
56 254 240
164 120 246
138 141 234
145 226 71
12 140 4
236 177 286
243 87 238
111 78 137
253 189 36
129 233 92
83 130 99
127 287 244
3 168 126
14 110 183
19 139 259
181 88 22
15 91 164
239 292 164
38 17 147
117 40 236
93 65 145
229 110 111
221 60 34
9 35 280
27 296 237
20 238 191
10800
174 183
174 267
174 76
174 284
174 90
174 102
174 218
174 1
174 49
174 130
174 101
174 26
174 99
174 2
174 13
174 62
174 144
174 141
174 71
174 220
174 10
174 260
174 171
174 296
174 283
174 265
174 161
174 86
174 182
174 255
174 103
174 125
174 84
174 281
174 138
174 15
204 118
204 149
204 232
204 238
204 218
204 210
204 17
204 190
204 101
204 82
204 52
204 11
204 177
204 54
204 78
204 264
204 135
204 280
204 214
204 37
204 147
204 22
204 155
204 171
204 296
204 289
204 175
204 125
204 269
204 237
204 290
204 56
204 145
204 27
118 216
118 33
118 24
118 90
118 250
118 95
118 160
118 52
118 11
118 2
118 54
118 30
118 144
118 16
118 247
118 264
118 279
118 29
118 270
118 157
118 37
118 147
118 22
118 136
118 171
118 199
118 152
118 161
118 50
118 205
118 233
118 176
118 206
118 272
118 145
118 20
216 240
216 24
216 134
216 228
216 44
216 288
216 137
216 87
216 23
216 246
216 10
216 213
216 104
216 36
216 91
216 249
216 229
114 120
114 72
114 107
114 130
114 228
114 173
114 291
114 123
114 244
114 52
114 2
114 54
114 16
114 121
114 122
114 163
114 245
114 280
114 79
114 148
114 214
114 37
114 162
114 71
114 69
114 220
114 81
114 100
114 39
114 213
114 152
114 182
114 77
114 133
114 158
114 111
114 181
114 9
258 142
258 102
258 238
258 250
258 26
258 153
258 165
258 45
258 212
258 31
258 137
258 92
258 200
258 224
258 16
258 280
258 42
258 300
258 89
258 155
258 294
258 184
258 124
258 283
258 187
258 104
258 277
258 287
258 198
258 175
258 233
258 263
258 94
258 164
258 12
258 129
258 15
60 216
60 114
60 33
60 120
60 18
60 149
60 102
60 238
60 88
60 25
60 107
60 82
60 113
60 31
60 99
60 200
60 85
60 62
60 30
60 144
60 264
60 53
60 300
60 214
60 47
60 171
60 100
60 213
60 98
60 97
60 112
60 215
60 272
60 237
60 251
60 151
209 188
209 120
209 108
209 232
209 134
209 226
209 238
209 250
209 55
209 130
209 61
209 31
209 11
209 54
209 21
209 280
209 65
209 87
209 35
209 140
209 155
209 136
209 286
209 294
209 40
209 178
209 112
209 6
209 233
209 176
209 106
209 203
209 219
209 151
209 189
209 27
240 60
240 209
240 183
240 156
240 180
240 32
240 218
240 254
240 227
240 250
240 49
240 26
240 105
240 28
240 288
240 11
240 168
240 247
240 185
240 68
240 245
240 141
240 214
240 87
240 89
240 147
240 298
240 282
240 136
240 296
240 124
240 234
240 255
240 189
240 12
240 236
240 111
240 253
240 127
139 191
139 96
139 232
139 218
139 55
139 26
139 186
139 44
139 291
139 242
139 46
139 224
139 297
139 121
139 299
139 163
139 119
139 141
139 157
139 63
139 300
139 298
139 230
139 274
139 178
139 249
139 125
139 272
139 222
139 143
139 151
139 189
139 243
139 253
183 142
183 58
183 191
183 90
183 102
183 210
183 64
183 130
183 57
183 291
183 61
183 150
183 177
183 168
183 59
183 65
183 211
183 148
183 89
183 71
183 69
183 136
183 199
183 4
183 97
183 178
183 8
183 217
183 263
183 281
183 219
183 151
183 145
183 12
183 127
183 239
183 117
33 139
33 18
33 218
33 57
33 31
33 11
33 200
33 85
33 30
33 185
33 245
33 273
33 235
33 259
33 231
33 23
33 22
33 47
33 66
33 136
33 294
33 213
33 40
33 5
33 277
33 278
33 215
33 84
33 158
33 290
33 56
33 138
33 3
33 181
33 221
156 216
156 240
156 139
156 183
156 33
156 208
156 76
156 149
156 197
156 232
156 226
156 218
156 250
156 130
156 57
156 137
156 264
156 299
156 279
156 135
156 21
156 141
156 65
156 79
156 71
156 140
156 276
156 80
156 94
156 56
156 138
156 181
188 72
188 88
188 25
188 107
188 130
188 26
188 82
188 228
188 28
188 92
188 46
188 78
188 59
188 157
188 214
188 147
188 298
188 296
188 39
188 4
188 187
188 179
188 182
188 249
188 215
188 203
188 281
188 251
188 290
188 145
188 12
188 19
188 239
188 9
120 208
120 18
120 58
120 90
120 32
120 25
120 254
120 26
120 266
120 169
120 271
120 31
120 288
120 150
120 2
120 78
120 30
120 16
120 300
120 148
120 147
120 71
120 69
120 39
120 230
120 285
120 103
120 80
120 75
120 203
120 128
120 219
120 181
120 15
208 114
208 33
208 156
208 267
208 96
208 232
208 134
208 72
208 88
208 1
208 250
208 207
208 55
208 49
208 190
208 275
208 262
208 168
208 30
208 256
208 280
208 132
208 42
208 51
208 220
208 155
208 10
208 67
208 77
208 84
208 281
208 143
208 151
208 12
208 14
267 204
267 114
267 183
267 156
267 120
267 76
267 210
267 250
267 101
267 26
267 61
267 165
267 137
267 85
267 146
267 172
267 264
267 163
267 63
267 162
267 147
267 140
267 296
267 184
267 285
267 126
267 289
267 6
267 272
267 219
267 164
267 145
267 117
267 20
76 183
76 166
76 207
76 17
76 55
76 41
76 160
76 244
76 31
76 92
76 85
76 279
76 245
76 42
76 63
76 23
76 43
76 140
76 171
76 199
76 97
76 255
76 112
76 67
76 201
76 176
76 217
76 263
76 268
76 290
76 138
142 209
142 149
142 96
142 250
142 64
142 49
142 130
142 186
142 105
142 275
142 137
142 2
142 200
142 85
142 141
142 65
142 159
142 211
142 69
142 140
142 286
142 294
142 283
142 187
142 265
142 154
142 86
142 5
142 91
142 198
142 80
142 106
142 261
142 219
142 194
142 164
142 138
142 221
18 174
18 33
18 76
18 58
18 180
18 134
18 226
18 32
18 1
18 254
18 107
18 95
18 130
18 190
18 202
18 82
18 41
18 244
18 31
18 137
18 200
18 62
18 16
18 122
18 270
18 21
18 273
18 89
18 22
18 220
18 283
18 195
18 277
18 287
18 176
18 215
18 125
18 203
18 219
18 194
18 290
18 145
166 258
166 120
166 24
166 90
166 88
166 55
166 186
166 173
166 61
166 165
166 196
166 78
166 256
166 172
166 29
166 21
166 141
166 231
166 37
166 69
166 81
166 98
166 126
166 178
166 276
166 112
166 203
166 269
166 164
166 243
166 229
166 9
108 258
108 209
108 240
108 142
108 284
108 109
108 232
108 254
108 107
108 101
108 202
108 41
108 275
108 99
108 137
108 196
108 54
108 131
108 159
108 35
108 296
108 152
108 179
108 5
108 104
108 233
108 249
108 170
108 94
108 128
108 164
108 243
108 127
108 15
108 117
108 93
108 229
108 27
58 174
58 139
58 76
58 18
58 180
58 96
58 226
58 32
58 292
58 73
58 207
58 55
58 48
58 44
58 57
58 113
58 123
58 212
58 78
58 168
58 131
58 135
58 280
58 65
58 157
58 159
58 148
58 259
58 37
58 282
58 220
58 66
58 136
58 4
58 230
58 276
58 277
58 201
58 175
58 8
58 252
58 272
58 143
58 151
58 12
58 111
58 19
58 117
191 204
191 60
191 139
191 183
191 166
191 90
191 96
191 134
191 88
191 1
191 293
191 275
191 244
191 212
191 52
191 150
191 200
191 46
191 299
191 245
191 119
191 273
191 147
191 71
191 155
191 70
191 296
191 187
191 126
191 179
191 255
191 34
191 269
191 295
191 143
191 151
191 181
191 93
191 20
24 174
24 240
24 139
24 208
24 180
24 96
24 134
24 107
24 95
24 49
24 153
24 110
24 212
24 54
24 85
24 247
24 29
24 270
24 79
24 159
24 148
24 214
24 51
24 37
24 81
24 296
24 283
24 289
24 234
24 112
24 175
24 8
24 263
24 189
24 56
24 19
284 216
284 33
284 24
284 149
284 238
284 218
284 26
284 28
284 110
284 288
284 11
284 92
284 16
284 279
284 157
284 159
284 35
284 22
284 136
284 294
284 161
284 289
284 86
284 274
284 7
284 5
284 36
284 34
284 287
284 205
284 75
284 219
284 138
284 12
284 243
284 38
180 216
180 209
180 240
180 139
180 183
180 156
180 284
180 96
180 218
180 250
180 292
180 207
180 17
180 44
180 113
180 110
180 52
180 200
180 223
180 172
180 279
180 122
180 280
180 65
180 79
180 157
180 235
180 231
180 37
180 286
180 74
180 70
180 184
180 39
180 265
180 230
180 152
180 179
180 40
180 276
180 116
180 206
180 268
180 117
90 183
90 208
90 197
90 25
90 227
90 73
90 55
90 82
90 2
90 62
90 131
90 135
90 79
90 211
90 53
90 167
90 282
90 124
90 213
90 112
90 249
90 128
90 143
90 251
90 290
90 253
90 15
90 221
109 118
109 139
109 33
109 197
109 226
109 254
109 190
109 110
109 160
109 262
109 150
109 196
109 85
109 78
109 280
109 141
109 51
109 259
109 231
109 246
109 286
109 70
109 199
109 98
109 154
109 195
109 274
109 103
109 106
109 261
109 269
149 114
149 240
149 267
149 76
149 180
149 149
149 113
149 13
149 177
149 257
149 256
149 172
149 245
149 119
149 159
149 235
149 282
149 220
149 10
149 285
149 182
149 277
149 77
149 106
149 84
149 203
149 94
149 158
149 128
149 281
149 14
149 93
149 221
96 183
96 188
96 120
96 284
96 180
96 90
96 96
96 210
96 73
96 207
96 17
96 55
96 271
96 31
96 150
96 11
96 92
96 2
96 196
96 54
96 30
96 223
96 297
96 264
96 273
96 132
96 69
96 155
96 100
96 4
96 98
96 277
96 116
96 80
96 219
96 251
96 194
96 138
96 12
96 236
96 243
96 111
96 117
197 240
197 188
197 18
197 24
197 25
197 55
197 266
197 105
197 44
197 11
197 200
197 30
197 135
197 132
197 42
197 235
197 246
197 220
197 199
197 152
197 161
197 287
197 116
197 103
197 80
197 278
197 263
197 128
197 3
197 181
102 174
102 118
102 33
102 156
102 188
102 208
102 76
102 108
102 102
102 254
102 73
102 49
102 48
102 266
102 228
102 291
102 242
102 160
102 52
102 54
102 121
102 247
102 256
102 299
102 141
102 115
102 42
102 211
102 300
102 71
102 246
102 10
102 124
102 213
102 152
102 126
102 161
102 289
102 182
102 277
102 116
102 198
102 175
102 249
102 206
102 263
102 241
102 251
102 290
102 12
102 111
102 15
102 117
102 20
232 216
232 188
232 267
232 18
232 58
232 88
232 1
232 250
232 82
232 169
232 271
232 262
232 212
232 11
232 92
232 177
232 30
232 146
232 280
232 119
232 87
232 147
232 69
232 298
232 140
232 81
232 124
232 152
232 98
232 112
232 198
232 175
232 261
232 203
232 252
232 269
232 194
232 243
232 129
232 3
232 19
232 239
232 117
232 27
134 18
134 180
134 107
134 73
134 48
134 202
134 173
134 61
134 288
134 196
134 297
134 264
134 279
134 68
134 119
134 259
134 43
134 167
134 66
134 286
134 39
134 289
134 104
134 67
134 277
134 116
134 201
134 80
134 106
134 217
134 252
134 272
134 94
134 269
134 290
134 117
134 27
134 20
72 216
72 258
72 60
72 209
72 188
72 120
72 88
72 254
72 55
72 49
72 130
72 190
72 165
72 275
72 31
72 257
72 224
72 62
72 30
72 131
72 297
72 121
72 172
72 185
72 157
72 231
72 140
72 10
72 70
72 296
72 184
72 283
72 100
72 97
72 195
72 255
72 91
72 50
72 287
72 6
72 84
72 158
72 269
72 253
72 127
72 181
226 258
226 139
226 33
226 120
226 24
226 284
226 109
226 228
226 41
226 11
226 177
226 224
226 121
226 256
226 163
226 115
226 273
226 159
226 53
226 300
226 214
226 35
226 51
226 231
226 162
226 104
226 50
226 206
226 272
226 128
226 281
226 219
226 151
226 12
226 111
226 27
238 240
238 120
238 149
238 25
238 250
238 130
238 190
238 186
238 169
238 160
238 92
238 131
238 172
238 59
238 157
238 87
238 235
238 22
238 167
238 220
238 81
238 294
238 296
238 112
238 233
238 203
238 158
238 222
238 248
238 56
238 181
88 258
88 284
88 102
88 250
88 48
88 26
88 110
88 275
88 99
88 52
88 2
88 62
88 223
88 146
88 121
88 185
88 68
88 115
88 214
88 147
88 47
88 246
88 66
88 199
88 265
88 98
88 234
88 252
88 272
88 94
88 143
88 251
88 239
32 60
32 209
32 240
32 139
32 183
32 18
32 191
32 180
32 149
32 134
32 254
32 292
32 224
32 223
32 146
32 280
32 119
32 79
32 159
32 300
32 147
32 22
32 71
32 282
32 136
32 283
32 152
32 7
32 34
32 201
32 6
32 233
32 215
32 252
32 243
32 253
32 14
32 93
32 27
25 209
25 166
25 102
25 130
25 26
25 271
25 165
25 244
25 31
25 52
25 92
25 54
25 85
25 256
25 299
25 122
25 68
25 273
25 59
25 225
25 214
25 51
25 23
25 136
25 74
25 274
25 34
25 241
25 164
25 38
218 240
218 156
218 90
218 25
218 207
218 186
218 41
218 28
218 165
218 99
218 137
218 54
218 144
218 68
218 141
218 51
218 89
218 43
218 140
218 10
218 97
218 161
218 195
218 5
218 36
218 34
218 116
218 233
218 8
218 217
218 269
218 219
218 164
218 12
218 129
1 216
1 183
1 156
1 208
1 73
1 95
1 55
1 101
1 82
1 186
1 192
1 105
1 291
1 31
1 288
1 11
1 78
1 30
1 131
1 146
1 247
1 279
1 68
1 245
1 280
1 141
1 79
1 300
1 235
1 231
1 298
1 140
1 282
1 220
1 155
1 74
1 234
1 40
1 255
1 277
1 34
1 77
1 278
1 215
1 84
1 263
1 295
1 164
1 243
1 129
1 83
1 181
1 239
254 258
254 33
254 267
254 109
254 227
254 207
254 64
254 82
254 41
254 271
254 110
254 92
254 2
254 85
254 168
254 122
254 245
254 280
254 132
254 65
254 159
254 211
254 53
254 147
254 22
254 47
254 298
254 136
254 213
254 86
254 104
254 36
254 77
254 201
254 125
254 237
254 290
254 129
254 19
210 60
210 139
210 58
210 102
210 32
210 254
210 227
210 61
210 123
210 11
210 273
210 63
210 162
210 23
210 69
210 246
210 70
210 184
210 265
210 161
210 289
210 5
210 112
210 75
210 278
210 133
210 84
210 263
210 252
210 241
210 128
210 281
210 219
210 243
210 38
227 109
227 197
227 88
227 210
227 293
227 153
227 192
227 110
227 11
227 2
227 54
227 257
227 78
227 299
227 163
227 21
227 280
227 235
227 47
227 155
227 296
227 4
227 152
227 154
227 182
227 255
227 34
227 203
227 128
227 222
227 219
227 237
227 56
227 236
227 239
107 102
107 72
107 55
107 26
107 266
107 45
107 78
107 297
107 256
107 122
107 141
107 157
107 42
107 87
107 35
107 231
107 155
107 294
107 70
107 100
107 4
107 187
107 285
107 195
107 86
107 234
107 277
107 278
107 269
107 237
107 151
107 253
107 3
107 27
250 204
250 118
250 183
250 58
250 24
250 180
250 96
250 32
250 218
250 293
250 17
250 193
250 190
250 192
250 105
250 271
250 113
250 123
250 244
250 212
250 288
250 54
250 62
250 264
250 279
250 29
250 115
250 132
250 53
250 148
250 35
250 70
250 285
250 86
250 234
250 274
250 94
250 3
292 118
292 267
292 142
292 166
292 24
292 109
292 32
292 254
292 107
292 64
292 44
292 160
292 177
292 146
292 256
292 65
292 148
292 51
292 259
292 167
292 184
292 161
292 255
292 116
292 6
292 249
292 8
292 176
292 133
292 84
292 261
292 94
292 248
292 236
292 19
292 221
73 118
73 166
73 284
73 25
73 41
73 57
73 61
73 160
73 244
73 92
73 85
73 172
73 79
73 211
73 231
73 147
73 23
73 71
73 10
73 70
73 86
73 234
73 104
73 277
73 34
73 201
73 80
73 176
73 145
73 111
73 83
73 27
293 208
293 76
293 108
293 180
293 102
293 238
293 210
293 292
293 48
293 44
293 165
293 160
293 31
293 177
293 224
293 30
293 135
293 21
293 225
293 53
293 147
293 23
293 100
293 39
293 4
293 154
293 274
293 178
293 201
293 278
293 133
293 125
293 268
293 222
293 237
293 151
207 191
207 109
207 107
207 55
207 101
207 202
207 160
207 275
207 244
207 200
207 224
207 172
207 245
207 119
207 65
207 211
207 300
207 148
207 35
207 71
207 296
207 199
207 187
207 7
207 182
207 34
207 287
207 175
207 133
207 263
207 203
207 269
207 237
207 19
17 120
17 108
17 109
17 96
17 107
17 49
17 82
17 186
17 41
17 113
17 165
17 52
17 137
17 177
17 54
17 297
17 264
17 21
17 159
17 42
17 51
17 220
17 286
17 260
17 283
17 277
17 8
17 217
17 252
17 241
17 290
17 145
17 38
17 229
95 118
95 60
95 207
95 64
95 190
95 101
95 153
95 173
95 291
95 262
95 196
95 224
95 30
95 135
95 141
95 59
95 148
95 81
95 286
95 171
95 124
95 285
95 154
95 289
95 40
95 255
95 276
95 77
95 6
95 198
95 80
95 278
95 268
95 269
95 143
95 243
95 111
95 15
95 20
55 208
55 108
55 24
55 232
55 292
55 17
55 55
55 190
55 101
55 169
55 271
55 31
55 11
55 92
55 2
55 257
55 299
55 273
55 65
55 300
55 259
55 231
55 162
55 89
55 22
55 71
55 282
55 294
55 126
55 274
55 112
55 91
55 249
55 143
55 181
64 174
64 114
64 240
64 33
64 24
64 96
64 25
64 107
64 250
64 130
64 82
64 186
64 113
64 262
64 288
64 177
64 54
64 146
64 162
64 246
64 220
64 171
64 124
64 187
64 97
64 289
64 195
64 255
64 277
64 34
64 201
64 103
64 133
64 206
64 237
64 236
64 3
64 19
64 229
49 216
49 258
49 183
49 197
49 218
49 227
49 82
49 153
49 110
49 31
49 172
49 21
49 115
49 159
49 211
49 53
49 35
49 231
49 89
49 282
49 220
49 81
49 136
49 260
49 199
49 179
49 195
49 287
49 278
49 215
49 125
49 170
49 94
49 269
49 222
49 219
49 251
49 27
193 118
193 114
193 183
193 191
193 232
193 192
193 61
193 244
193 288
193 200
193 224
193 168
193 172
193 135
193 280
193 159
193 35
193 259
193 37
193 140
193 220
193 81
193 74
193 39
193 4
193 98
193 50
193 233
193 133
193 84
193 251
193 56
193 83
193 93
48 174
48 156
48 120
48 76
48 166
48 108
48 24
48 218
48 1
48 55
48 48
48 113
48 244
48 92
48 200
48 299
48 279
48 185
48 79
48 148
48 231
48 22
48 47
48 282
48 286
48 152
48 234
48 178
48 50
48 287
48 198
48 75
48 272
48 151
48 248
48 145
48 243
48 19
48 229
130 174
130 240
130 188
130 120
130 284
130 180
130 149
130 232
130 226
130 88
130 250
130 26
130 173
130 242
130 160
130 244
130 212
130 11
130 13
130 196
130 46
130 85
130 224
130 62
130 299
130 141
130 273
130 23
130 286
130 283
130 187
130 154
130 161
130 179
130 234
130 5
130 205
130 217
130 143
130 239
130 9
190 204
190 114
190 120
190 134
190 72
190 254
190 250
190 73
190 95
190 130
190 41
190 44
190 244
190 299
190 245
190 59
190 63
190 53
190 35
190 51
190 162
190 89
190 23
190 47
190 154
190 249
190 252
190 158
190 128
190 143
190 138
190 127
190 38
190 20
101 139
101 188
101 142
101 180
101 218
101 210
101 95
101 82
101 186
101 153
101 291
101 110
101 262
101 31
101 62
101 223
101 247
101 63
101 53
101 214
101 89
101 286
101 74
101 171
101 296
101 39
101 4
101 187
101 274
101 7
101 182
101 112
101 278
101 84
101 170
101 252
101 128
101 145
101 111
101 181
101 38
101 221
26 183
26 134
26 88
26 250
26 202
26 186
26 105
26 61
26 160
26 123
26 212
26 150
26 257
26 168
26 223
26 121
26 172
26 21
26 225
26 51
26 235
26 37
26 155
26 260
26 70
26 100
26 265
26 234
26 182
26 104
26 175
26 249
26 133
26 170
26 222
26 219
26 111
26 253
26 27
202 204
202 240
202 156
202 267
202 232
202 218
202 49
202 82
202 44
202 61
202 224
202 168
202 16
202 279
202 245
202 119
202 214
202 43
202 294
202 260
202 50
202 116
202 77
202 203
202 268
202 269
202 83
202 93
82 174
82 204
82 142
82 191
82 25
82 210
82 107
82 64
82 101
82 228
82 153
82 57
82 291
82 244
82 11
82 78
82 168
82 62
82 247
82 159
82 42
82 53
82 35
82 231
82 140
82 282
82 220
82 124
82 154
82 179
82 5
82 276
82 277
82 8
82 75
82 170
82 261
82 203
82 295
82 194
82 93
82 221
266 191
266 284
266 72
266 218
266 254
266 250
266 190
266 26
266 271
266 123
266 30
266 172
266 135
266 141
266 132
266 79
266 42
266 63
266 300
266 87
266 37
266 167
266 100
266 126
266 289
266 34
266 50
266 249
266 176
266 281
266 189
186 258
186 60
186 32
186 107
186 207
186 130
186 266
186 173
186 2
186 200
186 257
186 224
186 131
186 144
186 53
186 300
186 231
186 89
186 294
186 70
186 213
186 285
186 161
186 274
186 255
186 276
186 287
186 233
186 176
186 241
186 251
186 290
186 248
186 138
186 181
186 9
228 174
228 209
228 226
228 228
228 169
228 291
228 165
228 123
228 46
228 78
228 224
228 168
228 256
228 279
228 214
228 37
228 260
228 86
228 178
228 5
228 277
228 205
228 6
228 249
228 75
228 84
228 143
228 248
228 129
228 83
228 19
228 239
228 93
228 221
228 20
153 118
153 188
153 18
153 58
153 232
153 218
153 227
153 207
153 190
153 266
153 271
153 291
153 165
153 275
153 262
153 212
153 52
153 11
153 46
153 257
153 223
153 264
153 159
153 214
153 235
153 89
153 69
153 171
153 199
153 152
153 98
153 255
153 67
153 233
153 176
153 215
153 241
153 194
153 151
153 3
153 14
153 229
192 267
192 284
192 90
192 95
192 266
192 105
192 61
192 113
192 244
192 46
192 78
192 121
192 135
192 270
192 59
192 35
192 147
192 167
192 220
192 10
192 91
192 233
192 219
192 56
192 243
192 38
192 117
192 93
192 221
192 9
105 114
105 156
105 188
105 76
105 108
105 134
105 207
105 266
105 186
105 57
105 13
105 224
105 297
105 279
105 270
105 59
105 63
105 53
105 35
105 259
105 89
105 298
105 167
105 66
105 294
105 171
105 124
105 199
105 213
105 152
105 285
105 97
105 179
105 86
105 178
105 287
105 116
105 205
105 8
105 215
105 170
105 263
105 269
105 143
105 251
105 145
105 243
105 3
105 239
41 258
41 209
41 240
41 188
41 109
41 96
41 232
41 226
41 210
41 49
41 266
41 105
41 44
41 291
41 45
41 99
41 200
41 196
41 177
41 168
41 185
41 135
41 23
41 282
41 294
41 100
41 179
41 182
41 34
41 263
41 261
41 138
41 253
169 216
169 208
169 18
169 102
169 25
169 1
169 44
169 57
169 291
169 113
169 262
169 247
169 148
169 140
169 220
169 213
169 187
169 276
169 91
169 205
169 6
169 75
169 203
169 237
169 56
169 243
169 93
271 174
271 114
271 60
271 188
271 208
271 96
271 134
271 72
271 227
271 292
271 26
271 173
271 123
271 288
271 52
271 196
271 85
271 224
271 62
271 16
271 223
271 247
271 68
271 119
271 79
271 159
271 211
271 259
271 147
271 246
271 136
271 265
271 285
271 161
271 91
271 205
271 206
271 263
271 158
271 269
271 251
271 248
271 127
271 93
44 24
44 197
44 72
44 73
44 207
44 48
44 228
44 61
44 110
44 137
44 146
44 135
44 68
44 163
44 87
44 89
44 213
44 255
44 276
44 277
44 34
44 287
44 6
44 75
44 176
44 215
44 272
44 56
44 138
44 12
44 19
44 229
44 27
28 258
28 76
28 96
28 102
28 226
28 25
28 227
28 107
28 293
28 242
28 257
28 78
28 172
28 122
28 280
28 65
28 35
28 22
28 47
28 70
28 296
28 40
28 112
28 36
28 278
28 252
28 268
28 3
28 117
28 9
57 174
57 258
57 240
57 139
57 102
57 41
57 271
57 57
57 110
57 165
57 288
57 150
57 135
57 29
57 163
57 280
57 141
57 273
57 225
57 87
57 235
57 37
57 162
57 22
57 43
57 69
57 220
57 66
57 136
57 234
57 5
57 36
57 116
57 77
57 198
57 175
57 75
57 133
57 189
57 129
57 83
57 15
57 221
173 60
173 96
173 232
173 254
173 95
173 228
173 242
173 61
173 150
173 92
173 30
173 223
173 121
173 141
173 235
173 89
173 71
173 69
173 140
173 167
173 100
173 230
173 126
173 112
173 91
173 175
173 249
173 8
173 278
173 217
173 222
173 237
173 243
173 9
291 240
291 218
291 193
291 57
291 165
291 262
291 11
291 62
291 163
291 115
291 157
291 53
291 300
291 148
291 35
291 89
291 10
291 171
291 184
291 124
291 289
291 195
291 178
291 67
291 287
291 77
291 201
291 175
291 217
291 248
291 189
291 229
291 221
242 156
242 109
242 197
242 88
242 26
242 160
242 45
242 31
242 13
242 196
242 141
242 79
242 225
242 37
242 71
242 246
242 167
242 220
242 81
242 152
242 274
242 8
242 241
242 138
242 145
242 243
242 83
242 14
61 216
61 139
61 18
61 232
61 292
61 73
61 207
61 31
61 16
61 121
61 225
61 47
61 167
61 282
61 296
61 4
61 265
61 201
61 249
61 8
61 252
61 295
61 138
61 129
61 181
61 93
113 33
113 156
113 208
113 142
113 166
113 102
113 134
113 25
113 55
113 64
113 26
113 266
113 228
113 244
113 288
113 92
113 177
113 144
113 141
113 211
113 87
113 51
113 89
113 246
113 124
113 97
113 154
113 40
113 255
113 272
113 128
113 248
113 111
113 253
113 127
113 15
113 9
110 267
110 108
110 191
110 180
110 197
110 72
110 238
110 32
110 17
110 55
110 49
110 41
110 44
110 123
110 2
110 13
110 54
110 85
110 131
110 157
110 246
110 298
110 282
110 81
110 155
110 136
110 260
110 39
110 86
110 178
110 255
110 116
110 84
110 251
110 151
110 290
110 15
110 20
165 188
165 142
165 180
165 149
165 226
165 95
165 130
165 228
165 153
165 275
165 45
165 196
165 172
165 299
165 135
165 280
165 132
165 162
165 167
165 294
165 265
165 285
165 195
165 86
165 287
165 6
165 249
165 133
165 253
165 19
160 114
160 240
160 208
160 18
160 96
160 226
160 218
160 227
160 250
160 17
160 193
160 82
160 192
160 61
160 45
160 52
160 177
160 62
160 131
160 297
160 247
160 256
160 157
160 63
160 300
160 162
160 89
160 23
160 47
160 298
160 282
160 286
160 260
160 74
160 199
160 285
160 154
160 195
160 274
160 7
160 91
160 128
160 295
160 143
160 138
160 236
160 9
275 118
275 60
275 208
275 25
275 190
275 153
275 169
275 92
275 2
275 270
275 68
275 132
275 53
275 162
275 71
275 155
275 100
275 97
275 161
275 195
275 276
275 6
275 233
275 80
275 249
275 133
275 217
275 236
275 127
275 3
275 15
275 229
262 166
262 109
262 96
262 254
262 207
262 202
262 113
262 150
262 200
262 46
262 62
262 121
262 29
262 280
262 119
262 211
262 69
262 246
262 81
262 74
262 124
262 195
262 182
262 112
262 103
262 263
262 158
262 269
262 251
262 138
262 111
262 15
262 38
123 156
123 267
123 191
123 72
123 227
123 107
123 73
123 101
123 26
123 202
123 192
123 169
123 291
123 61
123 45
123 244
123 212
123 150
123 92
123 196
123 54
123 30
123 297
123 121
123 185
123 42
123 231
123 47
123 282
123 74
123 184
123 213
123 98
123 234
123 178
123 276
123 104
123 50
123 198
123 75
123 176
123 206
123 269
123 243
123 111
123 221
123 27
45 258
45 108
45 90
45 149
45 96
45 226
45 254
45 292
45 64
45 190
45 266
45 28
45 173
45 242
45 165
45 13
45 46
45 223
45 59
45 63
45 231
45 37
45 71
45 282
45 70
45 100
45 289
45 5
45 50
45 287
45 116
45 77
45 6
45 198
45 75
45 158
45 269
45 281
45 143
45 290
45 127
45 3
45 93
244 209
244 183
244 180
244 88
244 1
244 250
244 95
244 49
244 192
244 57
244 242
244 11
244 177
244 168
244 223
244 121
244 172
244 163
244 245
244 273
244 132
244 81
244 184
244 39
244 289
244 86
244 40
244 182
244 255
244 276
244 104
244 103
244 175
244 75
244 215
244 222
244 248
244 129
244 3
212 204
212 18
212 25
212 218
212 210
212 293
212 49
212 291
212 110
212 244
212 150
212 200
212 135
212 21
212 79
212 214
212 87
212 171
212 265
212 154
212 7
212 255
212 67
212 175
212 75
212 84
212 219
212 237
212 151
212 290
212 236
212 243
212 229
212 27
31 204
31 209
31 240
31 139
31 166
31 232
31 101
31 202
31 228
31 271
31 291
31 244
31 13
31 224
31 144
31 225
31 211
31 214
31 23
31 22
31 71
31 69
31 140
31 66
31 155
31 74
31 199
31 198
31 125
31 272
31 281
31 194
31 236
288 174
288 60
288 188
288 18
288 149
288 197
288 88
288 73
288 293
288 130
288 105
288 169
288 242
288 110
288 165
288 46
288 270
288 68
288 115
288 273
288 148
288 87
288 66
288 136
288 285
288 126
288 289
288 179
288 287
288 249
288 75
288 133
288 203
288 94
288 151
288 164
288 253
288 221
99 174
99 156
99 267
99 108
99 238
99 32
99 25
99 48
99 271
99 28
99 57
99 242
99 61
99 275
99 288
99 54
99 172
99 264
99 163
99 300
99 214
99 35
99 51
99 259
99 140
99 74
99 4
99 152
99 195
99 234
99 5
99 112
99 67
99 287
99 176
99 133
99 206
99 170
99 164
52 216
52 18
52 149
52 102
52 293
52 64
52 82
52 186
52 228
52 192
52 28
52 262
52 288
52 177
52 144
52 299
52 135
52 245
52 65
52 300
52 37
52 147
52 282
52 10
52 296
52 4
52 230
52 161
52 104
52 205
52 198
52 233
52 80
52 217
52 84
52 170
52 158
52 12
52 3
52 14
52 15
150 60
150 33
150 254
150 293
150 48
150 266
150 186
150 192
150 110
150 288
150 99
150 2
150 297
150 264
150 163
150 280
150 51
150 22
150 199
150 213
150 187
150 289
150 182
150 255
150 198
150 233
150 215
150 268
150 237
150 143
150 243
150 15
11 267
11 166
11 149
11 210
11 107
11 207
11 64
11 266
11 173
11 275
11 244
11 99
11 92
11 54
11 85
11 78
11 172
11 299
11 29
11 115
11 89
11 23
11 298
11 155
11 296
11 179
11 195
11 287
11 205
11 75
11 263
11 222
11 281
11 129
11 38
11 9
137 191
137 197
137 226
137 250
137 73
137 64
137 186
137 242
137 110
137 177
137 54
137 30
137 135
137 225
137 51
137 246
137 286
137 283
137 265
137 285
137 97
137 195
137 182
137 112
137 36
137 106
137 278
137 125
137 203
137 252
137 268
137 241
137 194
137 127
92 120
92 267
92 166
92 108
92 197
92 32
92 227
92 293
92 207
92 193
92 130
92 271
92 242
92 113
92 123
92 45
92 62
92 135
92 89
92 298
92 213
92 91
92 198
92 80
92 249
92 278
92 217
92 263
92 203
92 94
92 145
92 236
92 129
92 83
2 174
2 191
2 96
2 226
2 293
2 17
2 95
2 202
2 153
2 192
2 110
2 273
2 159
2 214
2 87
2 47
2 282
2 213
2 187
2 98
2 289
2 179
2 255
2 112
2 50
2 237
2 243
2 129
13 114
13 258
13 208
13 166
13 90
13 149
13 96
13 102
13 72
13 227
13 292
13 101
13 266
13 271
13 165
13 54
13 146
13 65
13 211
13 140
13 74
13 98
13 289
13 7
13 104
13 103
13 263
13 272
13 158
13 128
13 281
13 239
13 9
200 240
200 120
200 267
200 18
200 149
200 232
200 72
200 32
200 107
200 193
200 192
200 271
200 44
200 173
200 45
200 288
200 150
200 2
200 85
200 62
200 131
200 247
200 119
200 141
200 65
200 157
200 159
200 63
200 259
200 298
200 81
200 66
200 74
200 171
200 296
200 265
200 126
200 86
200 77
200 205
200 233
200 133
200 215
200 261
200 252
200 143
200 251
200 145
200 221
200 9
196 267
196 108
196 90
196 149
196 254
196 292
196 105
196 169
196 57
196 242
196 165
196 160
196 212
196 31
196 99
196 144
196 256
196 299
196 29
196 245
196 280
196 59
196 65
196 300
196 259
196 162
196 47
196 66
196 286
196 152
196 289
196 215
196 281
196 251
196 248
196 145
196 253
177 258
177 209
177 188
177 120
177 76
177 72
177 88
177 107
177 17
177 26
177 202
177 186
177 192
177 150
177 78
177 297
177 135
177 132
177 42
177 225
177 87
177 89
177 282
177 296
177 213
177 234
177 7
177 112
177 104
177 206
177 252
177 241
177 237
177 251
177 164
177 138
177 145
177 27
54 139
54 76
54 226
54 293
54 48
54 26
54 82
54 228
54 271
54 113
54 123
54 45
54 62
54 172
54 264
54 185
54 21
54 115
54 132
54 157
54 300
54 23
54 220
54 234
54 7
54 67
54 277
54 203
54 281
54 194
54 14
54 117
54 20
46 60
46 108
46 191
46 24
46 284
46 90
46 210
46 130
46 28
46 110
46 45
46 85
46 131
46 121
46 172
46 159
46 42
46 35
46 22
46 81
46 286
46 294
46 182
46 50
46 77
46 103
46 125
46 272
46 269
46 3
46 15
46 239
46 38
46 117
46 20
85 174
85 120
85 142
85 108
85 58
85 109
85 32
85 210
85 227
85 153
85 28
85 61
85 160
85 11
85 13
85 257
85 144
85 223
85 172
85 264
85 68
85 141
85 211
85 282
85 286
85 265
85 179
85 195
85 234
85 255
85 276
85 34
85 201
85 125
85 222
85 237
85 236
85 127
85 117
257 58
257 102
257 226
257 107
257 169
257 271
257 44
257 28
257 150
257 159
257 211
257 53
257 246
257 10
257 260
257 171
257 39
257 5
257 104
257 287
257 176
257 215
257 94
257 128
257 222
257 281
257 219
257 129
257 9
257 27
78 174
78 208
78 267
78 284
78 232
78 25
78 254
78 101
78 44
78 61
78 262
78 31
78 52
78 150
78 224
78 223
78 21
78 79
78 214
78 162
78 147
78 23
78 282
78 66
78 260
78 283
78 97
78 34
78 103
78 249
78 125
78 111
78 127
78 20
224 188
224 267
224 142
224 191
224 109
224 149
224 1
224 254
224 73
224 202
224 228
224 291
224 61
224 113
224 123
224 99
224 150
224 2
224 13
224 46
224 85
224 119
224 132
224 157
224 211
224 53
224 214
224 220
224 66
224 184
224 283
224 213
224 182
224 255
224 91
224 287
224 116
224 268
224 158
224 194
224 129
224 83
168 118
168 258
168 76
168 32
168 254
168 64
168 48
168 186
168 137
168 46
168 85
168 257
168 224
168 157
168 35
168 231
168 71
168 246
168 296
168 39
168 285
168 182
168 5
168 277
168 34
168 75
168 176
168 106
168 272
168 281
168 151
168 138
62 209
62 240
62 208
62 284
62 90
62 102
62 72
62 254
62 105
62 31
62 52
62 11
62 121
62 299
62 122
62 115
62 42
62 35
62 51
62 259
62 89
62 69
62 246
62 294
62 283
62 274
62 40
62 287
62 201
62 6
62 261
62 203
62 269
62 295
62 251
62 189
62 12
62 111
62 239
62 229
30 142
30 166
30 232
30 250
30 95
30 190
30 271
30 44
30 173
30 61
30 275
30 299
30 279
30 270
30 235
30 37
30 43
30 47
30 171
30 39
30 285
30 276
30 116
30 75
30 252
30 268
30 189
30 127
30 15
30 239
131 156
131 267
131 24
131 88
131 107
131 250
131 41
131 165
131 99
131 54
131 62
131 223
131 121
131 247
131 29
131 273
131 136
131 70
131 98
131 154
131 40
131 255
131 77
131 205
131 103
131 198
131 106
131 278
131 125
131 290
131 164
131 145
131 181
131 93
144 174
144 60
144 32
144 107
144 17
144 64
144 49
144 192
144 105
144 169
144 212
144 288
144 150
144 200
144 144
144 297
144 121
144 122
144 135
144 141
144 214
144 282
144 294
144 296
144 184
144 187
144 265
144 289
144 7
144 182
144 112
144 104
144 34
144 241
144 222
144 295
144 290
144 248
144 111
144 83
144 229
16 174
16 188
16 120
16 76
16 142
16 18
16 149
16 190
16 44
16 173
16 61
16 11
16 62
16 144
16 297
16 264
16 245
16 37
16 22
16 220
16 81
16 66
16 155
16 184
16 283
16 187
16 255
16 116
16 263
16 143
16 251
16 248
16 189
16 145
16 243
16 93
223 204
223 258
223 209
223 166
223 232
223 218
223 1
223 210
223 64
223 190
223 113
223 262
223 177
223 46
223 168
223 62
223 121
223 135
223 59
223 42
223 69
223 136
223 5
223 255
223 75
223 84
223 272
223 237
223 143
223 248
223 83
223 117
297 174
297 216
297 96
297 227
297 95
297 193
297 130
297 228
297 153
297 173
297 99
297 11
297 264
297 29
297 10
297 294
297 260
297 199
297 265
297 230
297 289
297 182
297 276
297 67
297 36
297 198
297 8
297 125
297 170
297 203
297 151
297 127
297 181
297 239
297 93
146 166
146 58
146 24
146 232
146 72
146 17
146 193
146 190
146 291
146 257
146 62
146 131
146 146
146 247
146 29
146 159
146 259
146 283
146 100
146 187
146 182
146 34
146 50
146 201
146 215
146 222
146 219
146 251
146 164
146 127
121 174
121 60
121 120
121 149
121 72
121 254
121 210
121 292
121 17
121 95
121 49
121 190
121 101
121 291
121 165
121 92
121 13
121 54
121 85
121 78
121 62
121 163
121 245
121 21
121 280
121 115
121 79
121 148
121 37
121 81
121 294
121 195
121 234
121 50
121 175
121 206
121 84
121 272
121 151
121 239
247 60
247 188
247 134
247 210
247 17
247 130
247 202
247 186
247 153
247 291
247 61
247 275
247 62
247 256
247 279
247 132
247 59
247 214
247 235
247 259
247 43
247 298
247 81
247 199
247 98
247 6
247 133
247 170
247 203
247 251
247 248
247 189
247 145
247 111
247 129
247 3
247 239
247 117
247 9
256 204
256 258
256 25
256 207
256 130
256 41
256 165
256 212
256 137
256 46
256 257
256 121
256 256
256 59
256 53
256 300
256 22
256 167
256 10
256 124
256 39
256 187
256 265
256 161
256 179
256 86
256 255
256 103
256 170
256 263
256 252
256 268
256 128
256 151
256 38
172 240
172 139
172 180
172 232
172 218
172 73
172 291
172 262
172 13
172 172
172 68
172 119
172 140
172 10
172 74
172 283
172 161
172 178
172 75
172 217
172 241
172 164
172 111
172 127
172 221
264 118
264 76
264 24
264 102
264 72
264 218
264 210
264 250
264 292
264 207
264 17
264 228
264 192
264 169
264 242
264 165
264 177
264 297
264 121
264 122
264 135
264 214
264 69
264 155
264 213
264 195
264 106
264 158
264 128
264 237
264 248
264 56
264 83
299 216
299 267
299 109
299 266
299 186
299 192
299 28
299 173
299 212
299 78
299 30
299 144
299 297
299 119
299 65
299 157
299 211
299 23
299 71
299 70
299 213
299 36
299 205
299 103
299 133
299 215
299 125
299 151
299 14
299 181
299 38
299 229
299 221
279 142
279 149
279 72
279 226
279 227
279 41
279 113
279 262
279 212
279 52
279 144
279 297
279 264
279 157
279 63
279 148
279 22
279 220
279 155
279 294
279 74
279 184
279 213
279 277
279 75
279 106
279 170
279 252
279 236
185 210
185 107
185 17
185 190
185 44
185 31
185 11
185 137
185 196
185 30
185 16
185 297
185 146
185 141
185 53
185 214
185 51
185 235
185 259
185 22
185 81
185 155
185 10
185 265
185 97
185 154
185 179
185 201
185 170
185 261
185 128
185 12
185 14
122 114
122 188
122 267
122 18
122 72
122 293
122 55
122 193
122 130
122 202
122 153
122 61
122 150
122 137
122 144
122 121
122 70
122 283
122 213
122 274
122 104
122 116
122 201
122 233
122 206
122 290
122 236
122 111
135 114
135 33
135 180
135 109
135 210
135 95
135 193
135 57
135 110
135 212
135 224
135 30
135 172
135 245
135 157
135 211
135 53
135 259
135 246
135 140
135 167
135 39
135 187
135 230
135 97
135 86
135 67
135 249
135 8
135 170
135 268
135 12
135 236
135 93
135 229
29 258
29 33
29 208
29 96
29 197
29 254
29 292
29 207
29 193
29 130
29 266
29 228
29 153
29 44
29 212
29 121
29 280
29 132
29 157
29 225
29 53
29 51
29 259
29 246
29 70
29 187
29 152
29 98
29 195
29 205
29 6
29 80
29 75
29 215
29 217
29 269
29 56
29 138
29 243
29 127
29 15
29 229
270 118
270 267
270 226
270 207
270 48
270 130
270 82
270 105
270 57
270 92
270 279
270 270
270 280
270 65
270 211
270 89
270 220
270 286
270 187
270 265
270 230
270 161
270 36
270 201
270 6
270 198
270 263
270 143
270 251
270 239
270 93
68 33
68 188
68 250
68 207
68 130
68 105
68 44
68 113
68 123
68 144
68 223
68 135
68 163
68 273
68 63
68 87
68 259
68 47
68 140
68 260
68 100
68 187
68 98
68 67
68 201
68 175
68 278
68 261
68 248
68 164
68 236
163 76
163 108
163 284
163 180
163 90
163 72
163 32
163 64
163 49
163 202
163 160
163 45
163 2
163 257
163 224
163 16
163 256
163 122
163 141
163 300
163 35
163 259
163 231
163 22
163 66
163 136
163 286
163 296
163 184
163 283
163 100
163 40
163 278
163 128
163 281
163 143
163 189
163 15
163 239
163 229
163 9
245 139
245 208
245 284
245 197
245 1
245 101
245 26
245 41
245 28
245 57
245 160
245 150
245 196
245 257
245 146
245 121
245 185
245 65
245 157
245 211
245 98
245 126
245 40
245 77
245 201
245 103
245 233
245 215
245 84
245 272
245 151
245 290
245 56
245 239
245 38
245 93
21 174
21 216
21 139
21 183
21 90
21 197
21 107
21 193
21 130
21 101
21 271
21 61
21 160
21 99
21 137
21 85
21 121
21 247
21 245
21 280
21 65
21 211
21 298
21 282
21 260
21 187
21 265
21 98
21 195
21 234
21 178
21 67
21 287
21 205
21 170
21 268
21 128
21 194
21 164
21 93
21 20
280 139
280 183
280 90
280 102
280 232
280 49
280 266
280 173
280 61
280 262
280 288
280 46
280 297
280 247
280 245
280 273
280 42
280 63
280 162
280 71
280 298
280 70
280 124
280 283
280 187
280 285
280 98
280 195
280 277
280 103
280 215
280 290
280 127
280 239
280 93
280 221
280 27
119 139
119 284
119 32
119 227
119 107
119 292
119 192
119 173
119 113
119 160
119 31
119 99
119 168
119 299
119 21
119 273
119 65
119 259
119 89
119 47
119 260
119 230
119 161
119 195
119 234
119 182
119 77
119 201
119 175
119 176
119 219
119 111
119 127
119 14
141 240
141 188
141 120
141 142
141 166
141 90
141 96
141 292
141 293
141 48
141 271
141 78
141 168
141 68
141 119
141 141
141 79
141 51
141 37
141 23
141 230
141 285
141 195
141 276
141 77
141 233
141 8
141 206
141 170
141 269
141 219
141 290
141 111
141 38
115 174
115 139
115 183
115 142
115 18
115 109
115 102
115 226
115 218
115 1
115 73
115 293
115 153
115 44
115 28
115 110
115 244
115 30
115 185
115 59
115 53
115 35
115 66
115 294
115 187
115 285
115 86
115 77
115 80
115 206
115 272
115 181
115 239
273 114
273 166
273 90
273 149
273 254
273 55
273 48
273 130
273 190
273 105
273 44
273 242
273 165
273 150
273 92
273 13
273 177
273 78
273 168
273 300
273 162
273 246
273 187
273 97
273 126
273 289
273 179
273 276
273 116
273 8
273 252
273 269
273 295
273 194
273 248
273 236
273 253
273 181
273 9
132 174
132 204
132 209
132 267
132 142
132 24
132 284
132 17
132 202
132 82
132 41
132 57
132 242
132 275
132 262
132 288
132 85
132 16
132 264
132 245
132 141
132 157
132 148
132 214
132 147
132 39
132 265
132 230
132 97
132 126
132 112
132 104
132 50
132 205
132 263
132 189
132 243
132 14
132 15
132 38
132 229
132 27
59 76
59 142
59 108
59 149
59 49
59 105
59 173
59 291
59 242
59 244
59 11
59 54
59 62
59 247
59 280
59 63
59 300
59 43
59 47
59 220
59 66
59 100
59 126
59 7
59 104
59 249
59 217
59 84
59 237
65 191
65 284
65 250
65 293
65 242
65 99
65 92
65 16
65 121
65 135
65 119
65 79
65 225
65 211
65 63
65 147
65 71
65 246
65 140
65 4
65 7
65 201
65 217
65 84
65 170
65 268
65 269
65 251
65 151
65 290
65 189
65 19
65 15
65 239
65 221
65 20
79 174
79 58
79 24
79 102
79 218
79 73
79 228
79 169
79 291
79 110
79 165
79 244
79 288
79 2
79 257
79 131
79 163
79 280
79 42
79 71
79 98
79 97
79 233
79 75
79 261
79 269
79 241
79 219
79 194
79 127
79 229
157 114
157 139
157 226
157 32
157 292
157 207
157 55
157 153
157 57
157 150
157 78
157 30
157 144
157 299
157 122
157 79
157 235
157 282
157 98
157 67
157 287
157 6
157 249
157 176
157 158
157 241
157 56
157 138
157 3
159 209
159 188
159 134
159 32
159 1
159 73
159 48
159 130
159 190
159 26
159 266
159 192
159 275
159 177
159 256
159 172
159 299
159 21
159 211
159 162
159 246
159 282
159 260
159 230
159 126
159 77
159 125
159 94
159 143
159 127
159 181
42 174
42 33
42 149
42 197
42 102
42 210
42 293
42 130
42 202
42 113
42 212
42 297
42 256
42 245
42 225
42 63
42 35
42 51
42 231
42 89
42 23
42 140
42 282
42 10
42 294
42 171
42 7
42 5
42 255
42 276
42 104
42 277
42 77
42 103
42 233
42 158
42 290
42 12
42 253
225 33
225 58
225 191
225 107
225 292
225 271
225 28
225 242
225 244
225 196
225 78
225 62
225 68
225 21
225 79
225 214
225 235
225 23
225 220
225 199
225 7
225 178
225 5
225 201
225 233
225 75
225 206
225 261
225 237
225 111
225 15
225 221
211 204
211 208
211 18
211 180
211 72
211 210
211 292
211 190
211 113
211 45
211 244
211 177
211 256
211 59
211 79
211 42
211 63
211 235
211 162
211 246
211 260
211 74
211 187
211 230
211 126
211 195
211 104
211 277
211 198
211 133
211 263
211 222
211 12
211 253
211 19
211 181
211 117
63 139
63 120
63 142
63 284
63 197
63 88
63 210
63 64
63 101
63 192
63 105
63 271
63 262
63 123
63 2
63 200
63 177
63 247
63 162
63 81
63 74
63 283
63 182
63 112
63 36
63 268
63 128
63 219
63 3
63 19
63 9
53 108
53 24
53 25
53 57
53 61
53 275
53 196
53 257
53 144
53 121
53 264
53 299
53 279
53 185
53 132
53 63
53 259
53 140
53 10
53 184
53 283
53 230
53 97
53 104
53 67
53 36
53 277
53 34
53 206
53 94
53 14
300 18
300 191
300 24
300 180
300 226
300 193
300 101
300 266
300 45
300 137
300 13
300 62
300 247
300 185
300 245
300 115
300 157
300 300
300 214
300 4
300 97
300 77
300 261
300 272
300 268
300 269
300 241
300 145
300 19
300 38
300 229
300 27
148 216
148 120
148 142
148 90
148 238
148 107
148 55
148 266
148 41
148 78
148 62
148 223
148 297
148 279
148 59
148 65
148 214
148 231
148 246
148 100
148 161
148 7
148 182
148 67
148 217
148 261
148 269
148 14
148 239
214 109
214 232
214 72
214 95
214 26
214 41
214 169
214 28
214 92
214 54
214 85
214 30
214 247
214 63
214 53
214 147
214 66
214 171
214 100
214 126
214 161
214 234
214 5
214 277
214 206
214 241
214 194
214 15
214 20
87 139
87 33
87 188
87 88
87 32
87 293
87 17
87 64
87 202
87 228
87 153
87 44
87 242
87 31
87 150
87 137
87 257
87 131
87 297
87 299
87 279
87 68
87 132
87 235
87 259
87 43
87 10
87 286
87 260
87 98
87 289
87 182
87 36
87 80
87 206
87 215
87 170
87 252
87 272
87 189
87 56
87 164
87 229
87 9
35 60
35 183
35 208
35 267
35 18
35 96
35 88
35 250
35 49
35 153
35 57
35 160
35 288
35 13
35 54
35 224
35 299
35 270
35 163
35 59
35 42
35 225
35 43
35 282
35 184
35 265
35 285
35 161
35 86
35 7
35 182
35 277
35 50
35 287
35 116
35 205
35 201
35 125
35 222
35 251
35 248
35 56
35 236
35 253
35 3
35 221
35 27
51 174
51 183
51 166
51 284
51 1
51 17
51 26
51 44
51 173
51 113
51 110
51 123
51 31
51 2
51 196
51 163
51 65
51 53
51 89
51 152
51 285
51 154
51 161
51 179
51 40
51 255
51 116
51 77
51 6
51 215
51 295
51 194
51 151
51 253
51 3
51 15
235 258
235 120
235 76
235 90
235 232
235 210
235 250
235 130
235 26
235 275
235 13
235 54
235 225
235 53
235 66
235 213
235 285
235 5
235 36
235 287
235 8
235 215
235 290
235 83
235 15
235 117
235 221
259 209
259 33
259 18
259 284
259 293
259 48
259 202
259 186
259 28
259 52
259 2
259 172
259 122
259 135
259 245
259 119
259 132
259 23
259 282
259 286
259 187
259 152
259 154
259 289
259 112
259 287
259 6
259 175
259 75
259 125
259 217
259 84
259 241
259 151
259 129
259 117
259 20
231 118
231 240
231 142
231 226
231 88
231 101
231 262
231 11
231 257
231 245
231 280
231 300
231 231
231 89
231 298
231 220
231 81
231 187
231 195
231 255
231 112
231 77
231 215
231 241
231 222
231 219
231 243
231 129
37 114
37 183
37 267
37 142
37 166
37 72
37 218
37 293
37 153
37 271
37 242
37 275
37 212
37 200
37 54
37 144
37 247
37 264
37 122
37 29
37 159
37 42
37 148
37 37
37 282
37 260
37 296
37 98
37 97
37 154
37 289
37 195
37 249
37 125
37 94
37 269
37 56
37 253
37 38
162 118
162 60
162 120
162 267
162 226
162 107
162 293
162 95
162 193
162 82
162 266
162 291
162 123
162 2
162 54
162 257
162 299
162 141
162 65
162 63
162 235
162 259
162 147
162 66
162 155
162 296
162 4
162 230
162 152
162 195
162 234
162 198
162 249
162 221
89 114
89 60
89 197
89 72
89 88
89 48
89 186
89 228
89 105
89 41
89 44
89 173
89 291
89 244
89 212
89 288
89 54
89 224
89 168
89 62
89 297
89 280
89 119
89 148
89 214
89 87
89 71
89 140
89 81
89 294
89 171
89 184
89 5
89 67
89 116
89 201
89 176
89 106
89 263
89 222
89 237
89 248
89 253
89 38
147 76
147 166
147 191
147 218
147 250
147 64
147 48
147 266
147 113
147 275
147 52
147 2
147 196
147 54
147 46
147 224
147 131
147 172
147 264
147 29
147 141
147 300
147 148
147 51
147 231
147 71
147 69
147 81
147 10
147 136
147 286
147 97
147 287
147 175
147 249
147 176
147 106
147 206
147 94
147 222
147 237
147 151
147 138
147 111
147 20
23 120
23 76
23 24
23 284
23 32
23 227
23 17
23 190
23 82
23 41
23 262
23 45
23 150
23 131
23 279
23 29
23 21
23 65
23 79
23 225
23 300
23 37
23 22
23 69
23 282
23 294
23 124
23 283
23 100
23 187
23 161
23 234
23 182
23 6
23 80
23 278
23 125
23 263
23 272
23 83
23 3
22 183
22 156
22 120
22 24
22 109
22 226
22 88
22 292
22 193
22 271
22 173
22 113
22 110
22 46
22 62
22 121
22 299
22 59
22 63
22 214
22 35
22 51
22 136
22 74
22 296
22 187
22 274
22 7
22 182
22 34
22 287
22 8
22 125
22 94
22 158
22 241
22 236
22 9
43 258
43 183
43 191
43 149
43 72
43 32
43 254
43 292
43 17
43 266
43 271
43 62
43 256
43 264
43 270
43 273
43 63
43 235
43 298
43 140
43 282
43 184
43 161
43 289
43 179
43 234
43 182
43 67
43 277
43 175
43 176
43 263
43 261
43 194
43 248
43 14
43 117
43 20
47 258
47 120
47 267
47 18
47 102
47 32
47 25
47 49
47 160
47 85
47 144
47 297
47 299
47 279
47 270
47 214
47 87
47 259
47 231
47 147
47 23
47 140
47 220
47 155
47 296
47 179
47 40
47 205
47 198
47 203
47 252
47 272
47 158
47 128
47 194
47 145
47 9
47 20
71 209
71 180
71 202
71 192
71 28
71 275
71 177
71 224
71 223
71 247
71 279
71 135
71 21
71 63
71 47
71 246
71 155
71 171
71 289
71 182
71 255
71 198
71 249
71 75
71 215
71 261
71 203
71 268
71 269
71 222
71 248
71 236
71 127
71 19
71 117
69 174
69 204
69 240
69 267
69 180
69 109
69 88
69 250
69 266
69 52
69 200
69 223
69 279
69 185
69 65
69 63
69 53
69 298
69 136
69 97
69 126
69 179
69 86
69 178
69 67
69 176
69 84
69 111
69 127
69 19
69 239
246 183
246 120
246 166
246 58
246 284
246 88
246 1
246 250
246 207
246 192
246 28
246 57
246 99
246 13
246 121
246 256
246 135
246 270
246 63
246 87
246 167
246 184
246 4
246 97
246 5
246 50
246 175
246 217
246 222
246 189
246 3
246 239
246 38
246 9
298 258
298 191
298 197
298 72
298 1
298 250
298 207
298 190
298 169
298 242
298 52
298 2
298 85
298 257
298 144
298 256
298 279
298 141
298 65
298 300
298 47
298 167
298 74
298 184
298 213
298 230
298 154
298 178
298 182
298 112
298 233
298 84
298 203
298 281
298 194
298 221
298 27
140 76
140 166
140 24
140 88
140 25
140 64
140 28
140 57
140 31
140 196
140 54
140 85
140 121
140 247
140 163
140 59
140 225
140 148
140 259
140 22
140 296
140 265
140 7
140 178
140 103
140 133
140 251
140 194
140 243
140 117
167 142
167 108
167 109
167 25
167 1
167 190
167 186
167 169
167 92
167 2
167 177
167 168
167 16
167 211
167 162
167 69
167 136
167 171
167 4
167 126
167 104
167 198
167 8
167 94
167 219
167 151
167 12
282 118
282 216
282 64
282 48
282 266
282 44
282 242
282 160
282 275
282 196
282 257
282 78
282 30
282 270
282 68
282 65
282 87
282 235
282 37
282 282
282 136
282 294
282 260
282 296
282 98
282 195
282 7
282 67
282 50
282 116
282 198
282 75
282 170
282 237
282 12
282 129
282 83
220 216
220 139
220 188
220 134
220 25
220 107
220 55
220 101
220 26
220 153
220 192
220 113
220 212
220 137
220 54
220 257
220 131
220 172
220 279
220 273
220 132
220 157
220 225
220 148
220 231
220 71
220 100
220 4
220 154
220 289
220 178
220 50
220 116
220 103
220 6
220 133
220 170
220 219
220 143
220 111
220 3
81 33
81 142
81 24
81 197
81 134
81 1
81 64
81 165
81 123
81 244
81 196
81 247
81 185
81 270
81 65
81 157
81 225
81 43
81 71
81 69
81 140
81 220
81 81
81 10
81 39
81 112
81 287
81 205
81 8
81 145
81 181
66 183
66 156
66 108
66 90
66 238
66 17
66 190
66 105
66 41
66 28
66 113
66 160
66 123
66 131
66 144
66 79
66 157
66 159
66 147
66 246
66 140
66 81
66 283
66 4
66 98
66 7
66 40
66 5
66 287
66 205
66 278
66 290
66 138
66 236
155 209
155 240
155 76
155 18
155 102
155 49
155 202
155 2
155 85
155 78
155 62
155 299
155 185
155 135
155 245
155 37
155 23
155 199
155 265
155 274
155 7
155 67
155 91
155 34
155 116
155 84
155 170
155 281
155 83
10 204
10 240
10 267
10 284
10 149
10 254
10 227
10 292
10 193
10 82
10 244
10 247
10 279
10 163
10 245
10 141
10 65
10 214
10 231
10 69
10 66
10 155
10 260
10 154
10 161
10 5
10 112
10 77
10 133
10 252
10 248
10 12
10 83
10 3
10 117
10 9
136 60
136 208
136 1
136 254
136 17
136 48
136 61
136 123
136 54
136 121
136 247
136 225
136 63
136 147
136 69
136 298
136 140
136 10
136 260
136 184
136 199
136 152
136 112
136 50
136 103
136 80
136 176
136 94
136 268
136 145
286 139
286 33
286 120
286 18
286 108
286 191
286 238
286 107
286 73
286 28
286 57
286 291
286 242
286 262
286 2
286 13
286 196
286 30
286 223
286 279
286 270
286 245
286 79
286 63
286 148
286 214
286 259
286 37
286 162
286 23
286 167
286 10
286 39
286 187
286 161
286 179
286 67
286 77
286 8
286 176
286 272
286 128
286 236
286 243
286 239
286 9
294 118
294 114
294 188
294 180
294 88
294 32
294 95
294 82
294 44
294 110
294 160
294 45
294 144
294 16
294 299
294 185
294 245
294 225
294 162
294 89
294 43
294 298
294 152
294 97
294 5
294 67
294 198
294 176
294 215
294 268
294 158
294 219
294 189
294 12
294 111
294 129
294 3
294 93
260 118
260 267
260 142
260 166
260 284
260 134
260 226
260 88
260 48
260 26
260 173
260 61
260 212
260 288
260 177
260 146
260 279
260 273
260 159
260 235
260 155
260 10
260 294
260 4
260 179
260 36
260 91
260 50
260 263
260 261
260 158
260 143
260 194
260 145
260 20
74 208
74 24
74 180
74 109
74 254
74 292
74 190
74 82
74 228
74 28
74 45
74 99
74 200
74 257
74 62
74 16
74 299
74 279
74 163
74 214
74 51
74 282
74 66
74 260
74 171
74 97
74 175
74 222
74 194
74 243
74 14
70 258
70 60
70 209
70 134
70 1
70 210
70 95
70 49
70 186
70 242
70 165
70 160
70 288
70 11
70 168
70 62
70 30
70 121
70 79
70 214
70 265
70 126
70 154
70 7
70 112
70 77
70 205
70 198
70 8
70 106
70 281
70 237
70 164
70 111
70 19
70 181
70 15
171 258
171 156
171 58
171 191
171 24
171 109
171 107
171 292
171 95
171 55
171 130
171 26
171 186
171 228
171 105
171 262
171 288
171 11
171 54
171 46
171 30
171 256
171 21
171 71
171 136
171 199
171 213
171 152
171 126
171 154
171 195
171 40
171 67
171 77
171 198
171 263
171 203
171 252
171 269
171 281
171 151
171 56
171 145
171 12
171 253
296 156
296 88
296 193
296 101
296 244
296 31
296 288
296 99
296 52
296 200
296 223
296 146
296 245
296 79
296 225
296 211
296 300
296 259
296 47
296 140
296 152
296 40
296 201
296 215
296 295
296 290
184 240
184 33
184 156
184 284
184 197
184 101
184 28
184 131
184 21
184 280
184 141
184 65
184 300
184 89
184 147
184 260
184 70
184 171
184 187
184 97
184 126
184 5
184 276
184 112
184 104
184 176
184 94
184 222
184 151
184 12
184 236
184 243
184 19
184 181
124 216
124 156
124 208
124 76
124 166
124 284
124 90
124 109
124 102
124 32
124 218
124 210
124 293
124 95
124 190
124 202
124 271
124 44
124 262
124 52
124 11
124 2
124 177
124 62
124 79
124 87
124 37
124 89
124 167
124 155
124 39
124 213
124 265
124 103
124 170
124 151
124 290
124 12
124 19
124 239
124 221
283 33
283 208
283 72
283 238
283 1
283 17
283 130
283 101
283 153
283 105
283 61
283 113
283 110
283 257
283 168
283 16
283 135
283 29
283 273
283 35
283 51
283 298
283 282
283 155
283 187
283 230
283 285
283 86
283 5
283 36
283 125
283 84
283 281
283 251
283 145
283 14
283 15
283 38
199 204
199 118
199 114
199 191
199 218
199 17
199 64
199 49
199 173
199 160
199 262
199 212
199 52
199 200
199 30
199 185
199 122
199 280
199 119
199 65
199 157
199 87
199 35
199 235
199 259
199 22
199 282
199 286
199 285
199 126
199 40
199 287
199 201
199 176
199 133
199 281
199 143
199 194
199 145
199 38
100 114
100 58
100 72
100 227
100 107
100 17
100 64
100 101
100 41
100 44
100 160
100 123
100 288
100 137
100 2
100 196
100 16
100 297
100 172
100 299
100 279
100 29
100 270
100 280
100 119
100 132
100 159
100 211
100 63
100 87
100 89
100 22
100 246
100 282
100 136
100 86
100 8
100 217
100 268
100 241
100 151
100 290
100 56
100 127
100 239
100 27
39 139
39 32
39 25
39 105
39 160
39 172
39 279
39 185
39 270
39 115
39 47
39 155
39 10
39 199
39 39
39 4
39 285
39 161
39 276
39 104
39 34
39 77
39 198
39 80
39 249
39 203
39 269
39 128
39 111
39 129
39 14
39 19
4 209
4 120
4 58
4 197
4 238
4 292
4 26
4 266
4 186
4 160
4 288
4 99
4 168
4 247
4 122
4 245
4 141
4 115
4 214
4 231
4 81
4 213
4 112
4 6
4 206
4 295
4 143
4 243
4 111
4 129
4 83
4 127
4 181
4 27
213 166
213 149
213 227
213 48
213 192
213 44
213 57
213 45
213 137
213 30
213 247
213 79
213 51
213 147
213 22
213 43
213 47
213 71
213 260
213 100
213 234
213 274
213 80
213 206
213 272
213 138
213 111
213 117
213 229
187 216
187 188
187 88
187 32
187 55
187 190
187 192
187 275
187 150
187 196
187 177
187 224
187 144
187 256
187 185
187 132
187 300
187 214
187 162
187 147
187 81
187 283
187 100
187 98
187 289
187 8
187 106
187 263
187 290
187 129
187 14
187 239
187 221
187 9
265 216
265 240
265 188
265 120
265 76
265 191
265 24
265 32
265 1
265 210
265 107
265 101
265 266
265 192
265 169
265 242
265 61
265 288
265 46
265 256
265 141
265 51
265 47
265 69
265 246
265 286
265 285
265 161
265 182
265 5
265 50
265 116
265 77
265 175
265 106
265 133
265 215
265 217
265 295
265 194
265 12
230 183
230 156
230 208
230 108
230 180
230 90
230 96
230 72
230 17
230 26
230 82
230 105
230 61
230 137
230 257
230 122
230 29
230 270
230 53
230 162
230 298
230 167
230 10
230 70
230 274
230 178
230 5
230 67
230 133
230 272
230 128
230 222
230 251
230 194
230 129
230 38
230 9
152 183
152 120
152 166
152 226
152 227
152 107
152 190
152 169
152 44
152 291
152 160
152 123
152 45
152 99
152 52
152 168
152 121
152 122
152 79
152 87
152 246
152 155
152 136
152 286
152 294
152 285
152 40
152 112
152 158
152 241
152 127
152 15
285 109
285 102
285 292
285 73
285 193
285 57
285 113
285 150
285 30
285 131
285 299
285 68
285 245
285 157
285 225
285 214
285 220
285 234
285 255
285 112
285 104
285 287
285 198
285 84
285 189
285 56
285 164
285 138
285 12
285 129
285 239
285 117
98 118
98 90
98 197
98 1
98 95
98 26
98 202
98 13
98 54
98 62
98 30
98 256
98 264
98 163
98 231
98 298
98 66
98 265
98 233
98 170
98 194
98 248
98 12
98 111
98 15
98 38
97 258
97 139
97 156
97 26
97 169
97 271
97 242
97 262
97 92
97 297
97 135
97 245
97 21
97 273
97 159
97 87
97 220
97 136
97 260
97 230
97 195
97 274
97 276
97 277
97 176
97 106
97 133
97 217
97 158
97 151
97 248
97 236
97 83
97 127
97 239
97 229
126 118
126 193
126 105
126 173
126 242
126 165
126 11
126 137
126 196
126 144
126 223
126 172
126 299
126 122
126 245
126 141
126 225
126 184
126 283
126 4
126 98
126 195
126 182
126 5
126 201
126 8
126 133
126 263
126 94
126 295
126 56
126 127
126 181
126 117
154 209
154 183
154 208
154 76
154 142
154 108
154 24
154 102
154 228
154 57
154 242
154 160
154 11
154 54
154 168
154 16
154 146
154 264
154 163
154 245
154 280
154 53
154 43
154 184
154 201
154 6
154 176
154 222
154 253
154 221
161 166
161 58
161 191
161 72
161 1
161 250
161 101
161 266
161 44
161 46
161 299
161 185
161 157
161 37
161 89
161 22
161 298
161 220
161 294
161 171
161 100
161 86
161 36
161 91
161 287
161 205
161 198
161 249
161 176
161 261
161 272
161 164
161 83
161 3
289 60
289 120
289 108
289 284
289 26
289 44
289 61
289 262
289 11
289 2
289 16
289 223
289 185
289 21
289 79
289 42
289 53
289 282
289 155
289 294
289 39
289 187
289 285
289 195
289 112
289 116
289 77
289 278
289 133
289 125
289 203
289 269
289 295
289 189
289 83
289 19
289 181
179 174
179 76
179 18
179 180
179 90
179 149
179 1
179 254
179 107
179 250
179 105
179 169
179 173
179 61
179 110
179 123
179 150
179 30
179 211
179 167
179 296
179 184
179 104
179 67
179 287
179 205
179 75
179 252
179 194
179 290
179 83
179 239
179 117
179 93
179 9
195 204
195 209
195 240
195 232
195 32
195 190
195 160
195 2
195 177
195 122
195 119
195 157
195 148
195 37
195 69
195 294
195 260
195 98
195 154
195 179
195 86
195 255
195 276
195 104
195 36
195 106
195 252
195 158
195 128
195 237
86 174
86 114
86 33
86 156
86 96
86 197
86 226
86 88
86 1
86 49
86 82
86 173
86 168
86 30
86 131
86 172
86 264
86 245
86 132
86 157
86 53
86 87
86 23
86 140
86 167
86 136
86 199
86 213
86 230
86 98
86 154
86 5
86 112
86 67
86 277
86 287
86 6
86 8
86 252
86 128
86 83
86 3
86 15
86 221
234 258
234 209
234 191
234 109
234 25
234 101
234 44
234 28
234 291
234 242
234 113
234 11
234 54
234 46
234 85
234 78
234 168
234 30
234 131
234 223
234 163
234 280
234 141
234 211
234 71
234 282
234 171
234 124
234 285
234 5
234 36
234 103
234 106
234 241
234 290
234 12
234 111
234 15
274 204
274 58
274 96
274 25
274 292
274 153
274 41
274 271
274 165
274 160
274 177
274 46
274 257
274 131
274 172
274 279
274 122
274 163
274 21
274 115
274 47
274 171
274 97
274 5
274 112
274 50
274 116
274 175
274 176
274 269
274 237
274 194
274 290
274 164
274 145
274 236
274 243
274 15
274 9
274 27
7 174
7 258
7 60
7 108
7 149
7 102
7 218
7 210
7 250
7 190
7 101
7 271
7 61
7 160
7 262
7 244
7 31
7 288
7 99
7 168
7 146
7 270
7 59
7 300
7 231
7 22
7 140
7 282
7 50
7 201
7 103
7 6
7 106
7 133
7 263
7 272
7 94
7 248
7 138
40 240
40 134
40 292
40 160
40 262
40 31
40 2
40 13
40 85
40 257
40 30
40 121
40 264
40 300
40 259
40 147
40 74
40 283
40 4
40 285
40 195
40 276
40 104
40 67
40 205
40 103
40 8
40 278
40 133
40 217
40 158
40 194
40 290
40 145
40 15
40 9
40 20
178 33
178 48
178 82
178 31
178 99
178 150
178 13
178 196
178 223
178 68
178 51
178 235
178 22
178 140
178 124
178 199
178 263
178 252
178 248
178 236
178 129
182 258
182 156
182 18
182 166
182 58
182 90
182 102
182 238
182 254
182 292
182 17
182 130
182 202
182 105
182 28
182 57
182 262
182 196
182 247
182 256
182 264
182 119
182 259
182 37
182 69
182 246
182 260
182 74
182 171
182 199
182 4
182 50
182 249
182 176
182 133
182 215
182 269
182 138
182 12
182 253
182 14
182 15
5 118
5 114
5 142
5 149
5 238
5 107
5 55
5 49
5 121
5 264
5 279
5 270
5 245
5 21
5 141
5 115
5 211
5 47
5 71
5 69
5 298
5 220
5 81
5 74
5 171
5 184
5 187
5 230
5 7
5 255
5 276
5 6
5 233
5 215
5 143
5 290
5 111
5 253
5 129
5 15
255 216
255 188
255 108
255 58
255 102
255 232
255 250
255 95
255 266
255 288
255 46
255 78
255 146
255 122
255 163
255 115
255 300
255 35
255 259
255 47
255 298
255 4
255 195
255 276
255 277
255 34
255 6
255 175
255 203
255 128
255 222
255 56
255 229
276 118
276 109
276 96
276 197
276 32
276 48
276 190
276 173
276 45
276 212
276 200
276 54
276 62
276 121
276 256
276 141
276 115
276 79
276 211
276 235
276 231
276 162
276 220
276 296
276 100
276 4
276 98
276 86
276 234
276 104
276 175
276 94
276 269
276 143
276 56
276 145
276 83
276 127
276 19
276 9
112 108
112 24
112 232
112 107
112 293
112 193
112 291
112 160
112 262
112 288
112 121
112 270
112 35
112 147
112 282
112 294
112 213
112 215
112 217
112 84
112 111
112 19
112 181
112 117
112 9
104 118
104 139
104 142
104 96
104 102
104 232
104 88
104 250
104 169
104 275
104 212
104 288
104 78
104 299
104 279
104 259
104 162
104 22
104 230
104 5
104 67
104 116
104 198
104 278
104 268
104 241
104 181
67 174
67 118
67 216
67 60
67 240
67 139
67 25
67 254
67 227
67 196
67 85
67 78
67 16
67 223
67 256
67 29
67 270
67 273
67 53
67 148
67 87
67 235
67 162
67 283
67 40
67 276
67 112
67 6
67 106
67 278
67 84
67 263
67 269
67 241
67 237
67 143
67 145
67 3
67 9
36 183
36 33
36 120
36 108
36 72
36 17
36 228
36 57
36 262
36 146
36 163
36 115
36 79
36 42
36 23
36 71
36 260
36 171
36 124
36 152
36 161
36 179
36 40
36 178
36 276
36 112
36 34
36 12
36 243
36 253
36 129
36 83
36 229
91 118
91 216
91 240
91 33
91 156
91 180
91 96
91 25
91 218
91 107
91 95
91 105
91 291
91 113
91 244
91 196
91 168
91 131
91 16
91 42
91 148
91 51
91 81
91 187
91 182
91 287
91 116
91 77
91 176
91 206
91 203
91 272
91 268
91 241
91 222
91 151
91 12
277 174
277 118
277 183
277 24
277 109
277 238
277 1
277 73
277 49
277 190
277 266
277 275
277 150
277 13
277 30
277 297
277 29
277 119
277 69
277 136
277 260
277 98
277 97
277 289
277 5
277 103
277 6
277 198
277 175
277 106
277 278
277 133
277 128
277 281
277 219
277 181
277 38
34 204
34 183
34 166
34 149
34 197
34 238
34 250
34 130
34 186
34 28
34 57
34 173
34 123
34 144
34 247
34 68
34 273
34 159
34 148
34 22
34 43
34 71
34 69
34 140
34 70
34 39
34 213
34 187
34 97
34 234
34 36
34 263
34 268
34 237
34 243
34 93
50 209
50 76
50 108
50 134
50 254
50 196
50 257
50 146
50 135
50 68
50 21
50 157
50 162
50 152
50 234
50 40
50 287
50 116
50 205
50 201
50 6
50 198
50 252
50 272
50 241
50 128
50 251
50 248
287 204
287 33
287 267
287 18
287 109
287 96
287 72
287 262
287 13
287 62
287 144
287 264
287 29
287 21
287 65
287 300
287 148
287 87
287 35
287 71
287 246
287 66
287 171
287 39
287 182
287 255
287 277
287 175
287 233
287 176
287 217
287 94
287 268
287 158
287 164
287 236
287 253
116 118
116 166
116 108
116 191
116 284
116 180
116 186
116 173
116 291
116 45
116 11
116 200
116 256
116 135
116 273
116 79
116 157
116 214
116 51
116 162
116 23
116 10
116 286
116 161
116 7
116 178
116 5
116 255
116 104
116 233
116 281
116 295
116 12
116 111
116 127
116 38
116 221
77 258
77 90
77 238
77 25
77 107
77 101
77 82
77 44
77 173
77 123
77 31
77 52
77 2
77 196
77 85
77 297
77 135
77 59
77 35
77 259
77 89
77 69
77 282
77 294
77 265
77 230
77 6
77 249
77 263
77 241
77 237
77 145
205 216
205 183
205 72
205 227
205 292
205 193
205 130
205 271
205 44
205 61
205 212
205 54
205 224
205 131
205 121
205 247
205 122
205 135
205 163
205 79
205 63
205 53
205 214
205 37
205 147
205 71
205 167
205 286
205 70
205 199
205 213
205 265
205 152
205 126
205 112
205 215
205 268
205 241
205 194
205 164
205 83
205 20
201 204
201 118
201 33
201 166
201 58
201 284
201 197
201 293
201 101
201 262
201 123
201 99
201 85
201 247
201 141
201 273
201 53
201 51
201 147
201 71
201 69
201 167
201 294
201 171
201 283
201 285
201 104
201 6
201 198
201 175
201 176
201 128
201 295
201 237
201 251
201 189
201 253
201 14
103 114
103 208
103 108
103 32
103 107
103 292
103 130
103 41
103 275
103 172
103 185
103 122
103 115
103 42
103 53
103 148
103 87
103 35
103 89
103 246
103 283
103 285
103 154
103 289
103 234
103 40
103 276
103 91
103 287
103 233
103 75
103 203
103 94
103 158
103 290
103 236
103 129
103 3
103 14
103 239
6 120
6 284
6 102
6 293
6 130
6 31
6 92
6 196
6 144
6 247
6 245
6 59
6 159
6 53
6 148
6 298
6 286
6 100
6 4
6 152
6 154
6 234
6 7
6 182
6 5
6 116
6 6
6 75
6 176
6 206
6 241
6 194
6 236
198 267
198 102
198 72
198 32
198 25
198 107
198 130
198 28
198 61
198 110
198 45
198 244
198 288
198 196
198 78
198 264
198 279
198 21
198 119
198 157
198 231
198 47
198 285
198 195
198 5
198 276
198 116
198 201
198 175
198 281
198 237
198 189
198 243
198 111
198 253
198 14
175 166
175 17
175 169
175 28
175 173
175 242
175 160
175 275
175 288
175 92
175 279
175 122
175 29
175 159
175 300
175 35
175 298
175 220
175 10
175 199
175 100
175 4
175 213
175 161
175 7
175 249
175 217
175 263
175 269
175 128
175 219
175 14
233 76
233 108
233 180
233 96
233 250
233 95
233 55
233 48
233 186
233 160
233 275
233 11
233 54
233 224
233 297
233 146
233 21
233 119
233 273
233 167
233 66
233 155
233 70
233 296
233 161
233 36
233 50
233 116
233 103
233 75
233 125
233 170
233 281
233 151
233 3
233 181
233 15
80 118
80 139
80 33
80 197
80 72
80 88
80 218
80 250
80 64
80 228
80 105
80 173
80 110
80 244
80 212
80 150
80 30
80 16
80 247
80 264
80 122
80 135
80 132
80 225
80 235
80 162
80 69
80 220
80 136
80 70
80 171
80 195
80 86
80 67
80 233
80 8
80 106
80 133
80 84
80 203
80 269
80 181
249 267
249 191
249 284
249 102
249 72
249 1
249 254
249 95
249 113
249 177
249 224
249 168
249 264
249 135
249 159
249 147
249 23
249 69
249 286
249 260
249 296
249 230
249 154
249 289
249 179
249 195
249 40
249 276
249 34
249 8
249 278
249 125
249 241
249 219
249 237
249 189
249 56
249 12
249 3
249 15
249 27
8 174
8 204
8 240
8 33
8 109
8 107
8 55
8 228
8 105
8 291
8 61
8 31
8 52
8 224
8 30
8 131
8 256
8 119
8 115
8 42
8 225
8 35
8 71
8 66
8 260
8 39
8 265
8 86
8 255
8 67
8 34
8 80
8 206
8 261
8 189
8 164
8 111
8 127
8 27
8 20
75 209
75 149
75 207
75 49
75 44
75 173
75 110
75 123
75 31
75 196
75 62
75 30
75 172
75 299
75 51
75 259
75 124
75 4
75 213
75 187
75 265
75 154
75 104
75 278
75 263
75 269
75 194
75 189
176 120
176 180
176 109
176 197
176 232
176 218
176 210
176 95
176 193
176 101
176 271
176 57
176 212
176 150
176 11
176 2
176 13
176 85
176 224
176 30
176 121
176 299
176 185
176 270
176 211
176 63
176 214
176 37
176 89
176 246
176 215
176 263
176 94
176 241
176 222
176 251
176 248
176 189
176 93
176 27
106 139
106 108
106 284
106 32
106 292
106 73
106 186
106 192
106 196
106 62
106 30
106 131
106 297
106 264
106 42
106 231
106 89
106 147
106 22
106 167
106 81
106 230
106 126
106 161
106 67
106 277
106 77
106 103
106 106
106 84
106 241
106 151
106 248
106 236
106 27
278 33
278 156
278 149
278 232
278 210
278 250
278 186
278 57
278 99
278 52
278 2
278 177
278 85
278 168
278 279
278 141
278 79
278 148
278 140
278 152
278 289
278 104
278 233
278 215
278 217
278 261
278 252
278 158
278 138
278 12
278 129
278 221
133 139
133 48
133 190
133 41
133 92
133 247
133 299
133 185
133 122
133 29
133 21
133 159
133 300
133 214
133 231
133 274
133 116
133 133
133 290
133 19
133 181
133 229
133 9
206 204
206 156
206 88
206 210
206 73
206 207
206 17
206 49
206 271
206 44
206 57
206 173
206 61
206 11
206 2
206 196
206 62
206 131
206 115
206 65
206 47
206 167
206 66
206 184
206 4
206 213
206 40
206 112
206 80
206 75
206 176
206 170
206 19
206 15
206 117
215 18
215 102
215 72
215 64
215 49
215 101
215 105
215 173
215 212
215 137
215 85
215 78
215 297
215 256
215 264
215 185
215 135
215 273
215 132
215 79
215 71
215 66
215 213
215 36
215 158
215 295
215 19
125 33
125 18
125 197
125 102
125 293
125 26
125 44
125 113
125 99
125 168
125 172
125 280
125 115
125 35
125 179
125 40
125 201
125 233
125 263
125 94
125 268
125 219
125 248
125 164
125 145
125 83
125 127
125 93
125 221
217 60
217 267
217 90
217 254
217 210
217 207
217 192
217 242
217 131
217 247
217 256
217 141
217 159
217 300
217 66
217 155
217 136
217 70
217 265
217 285
217 98
217 289
217 234
217 274
217 205
217 198
217 263
217 261
217 241
217 83
217 19
217 93
217 221
84 139
84 191
84 180
84 102
84 232
84 218
84 210
84 48
84 110
84 244
84 99
84 52
84 11
84 2
84 54
84 30
84 264
84 29
84 68
84 21
84 225
84 35
84 140
84 81
84 4
84 7
84 255
84 104
84 277
84 50
84 116
84 175
84 217
84 252
84 158
84 295
84 194
84 189
84 111
170 258
170 209
170 226
170 218
170 227
170 193
170 244
170 288
170 150
170 177
170 54
170 257
170 146
170 59
170 65
170 63
170 260
170 152
170 36
170 77
170 175
170 176
170 158
170 241
170 281
170 295
170 219
170 253
170 129
170 3
263 204
263 33
263 142
263 90
263 72
263 25
263 1
263 250
263 207
263 95
263 271
263 62
263 135
263 29
263 59
263 214
263 87
263 71
263 294
263 285
263 97
263 179
263 40
263 104
263 36
263 34
263 103
263 80
263 278
263 133
263 94
263 269
263 251
263 151
263 56
263 3
263 14
263 19
263 239
263 9
261 156
261 109
261 238
261 25
261 1
261 73
261 82
261 228
261 110
261 244
261 257
261 68
261 119
261 115
261 211
261 43
261 282
261 152
261 274
261 217
261 94
261 128
261 219
261 189
261 3
261 14
261 117
261 229
203 208
203 58
203 96
203 238
203 250
203 55
203 153
203 110
203 160
203 45
203 150
203 200
203 196
203 224
203 16
203 299
203 279
203 119
203 63
203 148
203 235
203 23
203 246
203 100
203 187
203 198
203 175
203 133
203 217
203 203
203 241
203 129
252 240
252 58
252 96
252 134
252 292
252 207
252 95
252 55
252 48
252 26
252 202
252 41
252 262
252 244
252 52
252 196
252 172
252 135
252 245
252 35
252 23
252 43
252 246
252 140
252 167
252 282
252 39
252 274
252 277
252 34
252 287
252 290
252 248
252 111
252 129
252 14
252 19
252 181
252 15
252 38
272 183
272 166
272 284
272 32
272 218
272 82
272 28
272 113
272 99
272 52
272 11
272 2
272 196
272 46
272 168
272 144
272 245
272 280
272 115
272 235
272 37
272 298
272 81
272 294
272 233
272 80
272 106
272 252
272 241
272 219
272 237
272 56
272 138
272 12
272 253
272 15
272 229
272 9
94 216
94 191
94 226
94 88
94 107
94 250
94 169
94 173
94 212
94 99
94 141
94 65
94 231
94 89
94 47
94 4
94 285
94 154
94 178
94 104
94 91
94 34
94 8
94 217
94 170
94 203
94 94
94 222
94 143
94 251
94 194
94 27
268 142
268 24
268 284
268 134
268 72
268 210
268 293
268 130
268 26
268 169
268 28
268 2
268 16
268 37
268 140
268 167
268 220
268 70
268 195
268 112
268 91
268 198
268 233
268 249
268 75
268 217
268 170
268 251
268 236
268 253
268 239
268 9
268 20
158 183
158 33
158 166
158 58
158 90
158 96
158 227
158 95
158 173
158 99
158 54
158 85
158 16
158 223
158 297
158 247
158 264
158 122
158 157
158 42
158 35
158 147
158 23
158 282
158 10
158 171
158 4
158 154
158 7
158 255
158 91
158 77
158 278
158 203
158 269
158 189
158 56
158 236
158 253
158 129
158 14
158 239
158 9
269 139
269 120
269 166
269 180
269 134
269 238
269 88
269 292
269 165
269 45
269 244
269 92
269 257
269 224
269 16
269 264
269 135
269 119
269 59
269 51
269 89
269 23
269 298
269 294
269 154
269 178
269 276
269 50
269 287
269 80
269 158
269 295
269 219
269 189
269 12
269 239
241 174
241 183
241 33
241 108
241 58
241 254
241 207
241 64
241 48
241 190
241 44
241 244
241 31
241 52
241 13
241 200
241 196
241 78
241 224
241 121
241 279
241 29
241 270
241 245
241 42
241 300
241 298
241 167
241 220
241 136
241 70
241 296
241 39
241 161
241 112
241 67
241 50
241 116
241 201
241 175
241 75
241 203
241 151
241 127
241 38
128 60
128 209
128 267
128 142
128 180
128 17
128 192
128 169
128 257
128 279
128 135
128 21
128 283
128 285
128 234
128 277
128 50
128 249
128 217
128 263
128 295
128 219
128 243
128 3
128 181
222 76
222 108
222 90
222 109
222 72
222 238
222 73
222 293
222 55
222 130
222 82
222 153
222 291
222 110
222 150
222 200
222 30
222 172
222 299
222 29
222 68
222 245
222 273
222 159
222 214
222 35
222 71
222 167
222 155
222 171
222 184
222 283
222 152
222 179
222 274
222 67
222 287
222 116
222 77
222 6
222 249
222 217
222 252
222 158
222 251
222 83
222 117
281 208
281 108
281 96
281 102
281 73
281 192
281 105
281 57
281 31
281 2
281 247
281 29
281 270
281 132
281 159
281 51
281 231
281 71
281 140
281 220
281 152
281 161
281 5
281 77
281 198
281 106
281 217
281 128
281 219
281 143
281 27
295 209
295 139
295 96
295 238
295 1
295 250
295 130
295 190
295 262
295 244
295 52
295 2
295 85
295 224
295 168
295 256
295 264
295 299
295 157
295 211
295 63
295 300
295 37
295 71
295 136
295 283
295 199
295 187
295 97
295 276
295 34
295 205
295 176
295 268
295 295
295 143
295 239
295 27
219 60
219 240
219 183
219 267
219 142
219 24
219 218
219 271
219 45
219 288
219 99
219 137
219 92
219 2
219 30
219 131
219 146
219 185
219 132
219 214
219 35
219 246
219 126
219 195
219 274
219 255
219 91
219 50
219 278
219 206
219 203
219 143
219 145
219 12
237 258
237 240
237 232
237 169
237 271
237 28
237 288
237 99
237 196
237 78
237 247
237 29
237 148
237 87
237 231
237 69
237 298
237 155
237 265
237 161
237 86
237 34
237 116
237 77
237 217
237 158
237 251
237 83
143 114
143 183
143 33
143 156
143 166
143 109
143 197
143 102
143 88
143 218
143 254
143 26
143 266
143 186
143 192
143 44
143 173
143 242
143 275
143 288
143 99
143 85
143 224
143 121
143 247
143 115
143 79
143 148
143 81
143 4
143 230
143 161
143 289
143 91
143 175
143 106
143 215
143 125
143 261
143 203
143 252
143 268
143 143
143 56
143 164
143 93
143 27
251 188
251 218
251 207
251 82
251 169
251 271
251 291
251 61
251 13
251 131
251 146
251 280
251 79
251 157
251 42
251 259
251 147
251 47
251 71
251 184
251 213
251 230
251 104
251 277
251 287
251 175
251 8
251 278
251 203
251 269
251 241
251 222
251 290
251 189
251 236
251 127
251 181
251 229
251 27
194 209
194 183
194 191
194 90
194 17
194 55
194 130
194 110
194 160
194 275
194 262
194 212
194 150
194 78
194 62
194 30
194 172
194 185
194 35
194 81
194 213
194 152
194 98
194 7
194 287
194 116
194 77
194 205
194 249
194 84
194 261
194 222
194 295
194 239
194 117
151 58
151 284
151 72
151 73
151 48
151 41
151 44
151 165
151 13
151 200
151 177
151 257
151 224
151 297
151 146
151 172
151 29
151 163
151 148
151 51
151 89
151 298
151 100
151 152
151 234
151 178
151 36
151 198
151 261
151 19
151 15
151 117
151 221
290 33
290 208
290 284
290 228
290 105
290 61
290 110
290 177
290 257
290 30
290 264
290 270
290 211
290 37
290 140
290 124
290 230
290 152
290 86
290 182
290 103
290 278
290 268
290 222
290 281
290 295
290 151
290 181
248 240
248 18
248 191
248 24
248 109
248 197
248 238
248 32
248 292
248 190
248 173
248 242
248 113
248 165
248 212
248 288
248 99
248 137
248 297
248 264
248 42
248 63
248 231
248 37
248 147
248 298
248 81
248 230
248 289
248 7
248 40
248 5
248 277
248 205
248 233
248 106
248 217
248 261
248 241
248 219
248 129
248 3
248 38
248 27
189 188
189 88
189 1
189 293
189 48
189 105
189 244
189 196
189 54
189 146
189 225
189 211
189 51
189 235
189 231
189 298
189 140
189 10
189 136
189 74
189 98
189 154
189 179
189 195
189 178
189 276
189 67
189 287
189 116
189 77
189 215
189 241
189 128
189 237
189 251
189 151
189 129
56 118
56 166
56 191
56 96
56 292
56 49
56 242
56 61
56 244
56 99
56 11
56 16
56 245
56 115
56 42
56 51
56 259
56 231
56 37
56 23
56 298
56 167
56 66
56 4
56 126
56 289
56 50
56 198
56 233
56 75
56 106
56 143
56 138
56 236
56 93
56 27
164 118
164 114
164 209
164 120
164 142
164 108
164 180
164 218
164 227
164 73
164 293
164 26
164 242
164 110
164 275
164 31
164 92
164 200
164 177
164 78
164 62
164 131
164 16
164 121
164 279
164 21
164 119
164 162
164 22
164 69
164 298
164 140
164 220
164 124
164 7
164 104
164 34
164 133
164 206
164 125
164 295
164 151
164 290
164 3
138 114
138 209
138 207
138 26
138 44
138 177
138 224
138 146
138 121
138 256
138 135
138 68
138 245
138 87
138 71
138 220
138 283
138 230
138 7
138 40
138 255
138 276
138 67
138 175
138 203
138 272
138 295
138 143
138 111
138 239
145 208
145 142
145 134
145 72
145 17
145 271
145 11
145 137
145 54
145 257
145 144
145 299
145 29
145 115
145 300
145 152
145 97
145 126
145 289
145 7
145 77
145 205
145 75
145 278
145 194
145 151
145 248
145 164
145 12
145 127
145 239
145 93
12 114
12 258
12 33
12 96
12 1
12 254
12 250
12 293
12 190
12 202
12 82
12 266
12 169
12 11
12 177
12 297
12 245
12 159
12 225
12 63
12 300
12 259
12 89
12 282
12 283
12 199
12 39
12 4
12 213
12 265
12 126
12 255
12 276
12 67
12 75
12 278
12 222
12 281
12 295
12 237
12 111
12 3
12 93
12 27
12 20
236 90
236 102
236 32
236 55
236 153
236 192
236 105
236 28
236 165
236 244
236 11
236 177
236 146
236 121
236 29
236 21
236 280
236 79
236 211
236 53
236 23
236 220
236 155
236 10
236 74
236 50
236 77
236 201
236 219
236 248
236 12
236 236
243 204
243 216
243 267
243 76
243 193
243 190
243 101
243 266
243 291
243 150
243 137
243 78
243 168
243 223
243 121
243 122
243 68
243 115
243 35
243 74
243 97
243 289
243 276
243 36
243 91
243 233
243 75
243 125
243 269
243 222
243 281
243 219
243 248
243 164
243 145
243 3
243 93
243 9
111 284
111 73
111 95
111 130
111 186
111 192
111 242
111 110
111 99
111 2
111 78
111 279
111 157
111 159
111 148
111 35
111 51
111 231
111 147
111 294
111 74
111 195
111 274
111 7
111 255
111 104
111 34
111 249
111 125
111 170
111 268
111 269
111 128
111 290
111 12
111 14
111 181
111 117
253 204
253 258
253 139
253 108
253 134
253 88
253 32
253 173
253 45
253 11
253 46
253 131
253 172
253 163
253 87
253 140
253 10
253 4
253 178
253 116
253 241
253 251
253 164
253 12
253 3
253 19
253 9
129 183
129 109
129 197
129 1
129 254
129 210
129 293
129 64
129 202
129 82
129 41
129 165
129 45
129 177
129 270
129 273
129 225
129 53
129 231
129 220
129 155
129 286
129 70
129 100
129 287
129 198
129 80
129 268
83 139
83 18
83 134
83 72
83 88
83 210
83 107
83 250
83 292
83 293
83 49
83 57
83 200
83 177
83 54
83 78
83 224
83 62
83 223
83 146
83 185
83 122
83 245
83 273
83 59
83 157
83 53
83 259
83 10
83 5
83 104
83 34
83 77
83 198
83 217
83 261
83 203
83 94
83 222
83 219
83 138
83 3
83 229
127 204
127 18
127 108
127 227
127 73
127 48
127 160
127 275
127 2
127 144
127 16
127 264
127 185
127 163
127 245
127 141
127 132
127 211
127 35
127 23
127 10
127 171
127 265
127 152
127 274
127 133
127 84
127 203
127 290
127 127
127 221
3 216
3 139
3 120
3 76
3 166
3 109
3 88
3 32
3 292
3 228
3 169
3 57
3 173
3 113
3 150
3 85
3 257
3 115
3 132
3 35
3 89
3 69
3 246
3 187
3 152
3 178
3 201
3 175
3 249
3 217
3 295
3 237
3 194
3 290
3 189
3 56
14 258
14 76
14 90
14 149
14 254
14 293
14 64
14 291
14 110
14 52
14 92
14 54
14 224
14 223
14 256
14 53
14 300
14 214
14 246
14 140
14 167
14 171
14 124
14 274
14 5
14 233
14 106
14 84
14 170
14 222
14 219
14 111
14 27
19 174
19 60
19 240
19 188
19 142
19 191
19 197
19 25
19 210
19 227
19 101
19 105
19 41
19 169
19 165
19 99
19 11
19 137
19 200
19 46
19 256
19 141
19 79
19 211
19 89
19 167
19 81
19 39
19 187
19 230
19 7
19 40
19 36
19 205
19 106
19 290
19 56
19 138
19 145
19 236
19 127
181 118
181 209
181 109
181 102
181 232
181 227
181 17
181 130
181 169
181 28
181 57
181 52
181 200
181 46
181 168
181 297
181 29
181 270
181 59
181 65
181 37
181 162
181 147
181 71
181 4
181 154
181 234
181 182
181 255
181 67
181 277
181 201
181 103
181 263
181 261
181 268
181 128
181 222
181 194
181 248
181 56
181 138
181 229
15 240
15 142
15 90
15 109
15 149
15 254
15 244
15 31
15 257
15 62
15 247
15 299
15 245
15 280
15 65
15 157
15 53
15 300
15 148
15 71
15 213
15 112
15 91
15 277
15 233
15 80
15 278
15 261
15 94
15 241
15 151
15 56
15 138
15 236
15 239
15 9
239 118
239 120
239 76
239 18
239 24
239 232
239 32
239 250
239 207
239 101
239 105
239 173
239 113
239 262
239 288
239 16
239 163
239 273
239 47
239 286
239 161
239 179
239 234
239 7
239 276
239 36
239 287
239 77
239 201
239 103
239 233
239 263
239 203
239 158
239 151
239 138
239 12
239 111
239 221
38 120
38 108
38 24
38 134
38 32
38 218
38 73
38 293
38 95
38 26
38 113
38 165
38 196
38 177
38 46
38 16
38 247
38 172
38 270
38 163
38 245
38 211
38 214
38 259
38 231
38 162
38 43
38 184
38 124
38 98
38 126
38 112
38 106
38 125
38 261
38 248
38 189
38 253
38 129
38 83
117 118
117 209
117 267
117 166
117 292
117 48
117 26
117 41
117 110
117 275
117 123
117 31
117 13
117 78
117 297
117 121
117 159
117 89
117 147
117 22
117 98
117 126
117 86
117 178
117 34
117 77
117 201
117 175
117 111
117 38
117 117
93 183
93 76
93 88
93 254
93 250
93 55
93 266
93 196
93 62
93 131
93 247
93 172
93 185
93 21
93 115
93 42
93 211
93 259
93 81
93 184
93 100
93 213
93 154
93 289
93 178
93 5
93 112
93 36
93 50
93 116
93 205
93 6
93 175
93 8
93 133
93 206
93 128
93 295
93 219
93 253
93 229
93 221
229 216
229 114
229 142
229 292
229 73
229 193
229 266
229 61
229 288
229 92
229 264
229 270
229 21
229 115
229 235
229 298
229 220
229 182
229 36
229 91
229 50
229 8
229 125
229 252
229 281
229 295
229 143
229 151
229 248
229 129
229 9
229 20
221 216
221 258
221 209
221 58
221 88
221 254
221 49
221 193
221 169
221 288
221 52
221 196
221 177
221 46
221 224
221 131
221 223
221 297
221 256
221 29
221 214
221 89
221 22
221 71
221 136
221 286
221 39
221 179
221 182
221 276
221 198
221 233
221 170
221 203
221 241
221 151
221 189
221 236
221 253
221 127
221 3
221 9
221 27
9 118
9 120
9 96
9 17
9 48
9 101
9 186
9 153
9 41
9 271
9 110
9 212
9 31
9 288
9 11
9 137
9 224
9 131
9 146
9 247
9 273
9 59
9 65
9 159
9 71
9 155
9 286
9 184
9 124
9 187
9 98
9 97
9 182
9 287
9 263
9 237
9 143
9 9
9 27
27 208
27 142
27 134
27 73
27 17
27 105
27 275
27 45
27 92
27 46
27 85
27 223
27 146
27 115
27 157
27 140
27 98
27 195
27 7
27 182
27 206
27 248
27 189
27 145
27 127
27 20
20 174
20 209
20 240
20 139
20 156
20 208
20 191
20 210
20 293
20 207
20 95
20 193
20 130
20 186
20 244
20 31
20 288
20 13
20 200
20 196
20 144
20 245
20 21
20 280
20 115
20 53
20 87
20 147
20 47
20 298
20 286
20 274
20 7
20 277
20 233
20 75
20 125
20 222
20 189
20 221
133 233
56 252
154 7
249 198
277 159
143 150
175 183
39 271
29 150
24 74
180 48
114 149
248 11
164 74
216 226
186 118
192 188
292 13
58 187
222 37
140 221
41 12
293 150
165 104
26 204
68 136
167 90
53 272
300 41
113 5
79 221
3 220
109 259
146 169
5 153
185 8
35 108
39 109
154 51
87 290
293 214
300 151
84 39
76 277
112 278
295 284
259 193
85 94
246 154
173 265
115 244
173 34
56 237
120 117
145 83
194 34
49 219
214 278
123 115
219 144
96 40
275 102
185 288
21 147
268 290
269 26
43 292
96 136
226 138
219 282
298 109
246 234
33 280
283 118
207 210
221 295
179 12
29 161
298 106
266 280
92 116
53 251
97 119
289 247
225 33
51 164
106 114
238 151
40 80
18 236
119 134
238 220
110 279
156 293
273 74
109 91
100 147
151 140
