2000 5000
6 388
6 179
6 329
6 909
6 692
6 776
6 367
6 613
6 669
6 329
6 146
6 911
6 958
6 666
16 970
16 690
16 122
16 837
16 952
16 705
16 466
16 468
16 379
16 454
16 119
16 762
21 344
21 683
21 38
21 799
24 45
24 85
24 458
26 388
26 319
26 57
26 62
26 228
26 909
26 745
26 508
33 815
33 721
33 71
33 703
33 935
33 585
33 483
33 501
33 77
33 269
33 226
37 975
37 187
37 194
37 868
37 346
37 479
37 30
45 967
45 684
45 992
45 9
45 630
45 854
45 970
45 720
45 58
45 655
51 556
51 107
51 258
51 695
52 218
52 218
52 859
52 347
52 565
52 233
54 624
54 432
54 138
54 88
54 51
54 347
55 466
56 790
56 495
56 186
56 666
56 949
56 96
56 167
56 369
56 463
56 208
56 248
56 491
56 710
56 573
56 204
59 51
59 308
59 622
59 174
59 689
59 81
59 49
59 562
59 954
63 959
63 462
63 490
63 603
63 365
63 217
63 629
63 58
63 662
63 115
63 121
65 983
65 635
65 720
65 224
65 520
65 361
65 464
65 162
65 294
65 460
65 699
65 527
66 430
66 603
66 518
66 468
66 373
66 699
66 808
66 961
66 618
66 220
71 292
71 111
71 283
71 534
71 70
71 890
71 161
73 414
76 912
76 235
76 84
76 767
76 474
76 821
76 71
76 495
76 536
76 854
76 892
76 584
76 105
83 300
83 317
83 726
83 167
83 81
83 615
83 639
83 542
83 811
83 915
83 563
83 938
83 303
83 994
85 51
85 503
85 363
85 827
85 830
88 257
88 589
88 13
88 796
88 195
88 874
88 452
88 536
90 138
90 994
90 484
90 39
90 937
90 881
90 920
90 426
113 335
113 427
113 528
113 690
113 833
113 670
113 22
113 505
113 477
113 650
113 368
113 329
113 651
113 883
113 440
113 363
113 745
114 834
114 990
114 914
114 785
114 332
114 939
114 791
114 162
114 786
114 489
114 42
114 869
114 553
114 767
114 999
114 143
114 871
115 256
115 451
115 260
115 289
115 316
115 589
115 253
115 864
115 727
115 918
115 328
115 741
115 129
115 179
115 61
115 494
117 815
117 133
117 796
117 282
124 187
124 498
124 88
124 583
124 204
124 289
124 775
124 27
125 620
125 42
125 356
125 568
125 136
125 582
125 184
125 895
125 174
125 366
125 569
125 513
125 976
125 820
125 790
125 196
125 556
131 850
131 518
131 926
131 472
131 509
131 641
131 997
131 815
131 386
132 122
133 761
133 954
133 793
133 180
133 899
133 520
133 279
135 504
135 466
135 552
135 345
135 976
135 868
135 964
135 360
135 949
135 692
135 43
135 151
136 675
136 245
136 469
136 273
136 326
136 450
136 379
136 572
143 848
143 717
143 669
143 681
143 547
156 272
156 521
156 17
156 517
156 70
156 548
156 253
156 419
156 959
156 354
156 612
156 609
156 507
156 289
156 771
162 941
162 184
162 711
162 840
162 334
162 140
162 282
162 563
162 657
162 449
162 478
168 358
168 649
168 659
168 263
168 558
168 507
168 280
168 509
168 516
168 775
168 468
168 957
168 281
168 100
168 629
169 150
169 539
169 115
169 338
169 354
169 889
169 227
169 208
169 592
169 666
171 813
171 676
171 304
171 166
171 81
171 542
171 285
171 667
171 905
172 507
175 603
175 888
175 502
175 982
175 9
175 675
175 176
175 372
175 811
175 675
176 507
176 70
176 279
176 172
176 362
176 239
176 845
176 651
176 487
176 321
176 237
178 252
179 177
179 743
179 892
179 328
179 409
179 995
179 359
179 147
179 558
183 582
183 561
183 43
183 725
183 887
183 687
183 616
183 505
191 352
191 903
191 318
191 171
191 741
191 794
191 275
191 528
191 997
191 221
191 52
191 513
191 11
191 544
191 665
191 191
191 686
199 847
199 991
199 732
199 320
199 751
199 242
199 960
199 111
199 793
202 637
202 887
202 731
202 213
202 382
202 400
202 846
204 400
204 905
204 344
204 522
204 953
204 257
204 713
204 218
206 591
206 501
206 238
206 790
206 598
206 11
206 654
206 638
206 396
206 857
206 461
206 419
206 817
208 915
208 671
208 258
208 833
208 189
208 812
208 729
208 742
208 428
208 481
208 520
208 416
208 152
208 3
210 724
210 551
210 984
211 910
211 367
211 777
211 425
211 109
211 404
211 630
211 260
211 452
211 41
211 345
211 677
211 686
211 37
211 555
213 460
213 776
213 784
213 848
213 328
213 550
213 253
213 361
213 671
213 648
213 345
213 776
216 245
216 831
216 754
216 993
216 803
216 661
216 434
216 725
216 560
217 81
217 519
217 883
217 453
217 321
217 204
217 553
217 910
217 378
217 128
217 418
217 322
217 762
217 152
217 194
217 730
222 41
222 984
222 906
222 463
222 950
222 167
222 425
222 51
222 890
222 198
222 707
222 66
225 644
225 996
225 827
225 53
225 472
225 654
225 855
225 414
225 690
225 978
225 692
225 547
234 435
234 510
234 953
234 893
234 676
234 340
236 969
236 533
236 504
236 441
236 629
236 165
236 423
236 819
236 514
236 135
236 539
236 764
236 166
236 679
236 153
236 957
236 590
237 825
237 426
237 938
237 813
237 190
237 600
237 737
238 153
238 97
238 581
238 909
242 56
242 374
242 548
242 82
242 373
242 18
245 469
245 407
245 949
245 980
245 383
245 555
245 374
245 239
245 148
245 103
245 735
245 765
245 621
250 43
250 165
250 8
250 680
258 815
262 774
262 697
262 592
262 99
262 204
262 295
262 243
262 286
265 752
265 473
265 522
265 273
265 226
265 186
265 362
265 84
265 773
265 646
265 685
265 290
265 340
265 586
265 533
265 877
270 737
270 508
270 280
270 281
270 57
270 439
270 418
270 628
275 560
275 237
275 146
275 411
275 283
275 667
275 975
275 921
277 15
277 71
277 140
277 490
277 427
277 746
277 92
277 159
277 593
277 140
277 231
277 187
277 414
277 566
277 619
280 328
280 335
280 799
280 276
280 426
280 176
280 469
280 8
280 561
280 155
280 178
280 806
280 534
280 506
281 258
281 4
281 910
281 186
281 721
281 992
281 342
281 182
282 81
282 133
282 765
282 13
282 160
282 133
282 172
282 684
282 583
282 5
283 189
283 806
286 38
286 306
286 298
286 720
286 71
286 600
286 59
286 893
287 289
287 142
287 719
287 356
289 561
289 269
289 51
289 9
289 555
289 112
289 745
289 169
306 33
306 30
306 403
306 43
306 299
306 381
306 918
306 448
306 36
306 267
306 309
306 201
306 430
306 51
306 103
308 751
308 427
308 351
308 574
308 121
308 845
308 437
308 826
308 393
308 982
308 218
308 546
308 635
309 411
309 911
309 672
309 639
309 763
309 123
311 178
311 881
311 392
311 582
311 175
311 464
311 418
311 400
311 727
311 207
311 807
311 826
313 338
313 853
313 207
313 999
313 639
313 84
313 31
313 489
313 261
313 587
314 617
314 139
314 167
314 913
314 709
314 828
314 886
314 373
314 627
314 928
314 473
314 311
314 352
314 975
317 1
317 983
317 17
317 735
317 654
317 395
317 466
317 257
317 560
317 739
317 897
317 333
317 142
318 917
318 3
318 960
318 214
318 872
318 173
318 510
318 879
318 220
318 283
318 344
318 563
318 809
318 407
318 149
322 834
322 240
328 446
328 591
328 496
328 254
328 403
328 686
328 300
328 283
328 49
329 29
329 354
329 398
329 845
329 456
329 140
329 396
329 559
329 816
329 456
329 342
333 425
333 800
333 124
333 541
333 343
333 642
333 946
333 365
333 485
333 80
333 992
333 613
333 521
333 389
333 720
333 284
334 680
334 35
334 958
334 787
334 870
334 964
334 314
334 366
334 868
334 774
338 599
338 882
338 813
338 11
338 80
338 647
345 923
345 186
348 148
348 499
348 208
348 61
348 770
348 265
359 156
359 624
359 721
359 887
359 348
365 78
365 896
365 923
365 278
365 315
365 296
365 721
365 444
365 494
365 789
365 61
365 562
365 887
371 560
371 889
371 171
371 796
371 855
371 889
371 303
371 754
371 11
371 660
371 563
371 517
373 129
373 192
373 705
373 723
373 912
373 252
373 363
373 763
373 724
373 21
373 984
373 431
373 15
373 760
373 850
379 210
379 516
379 198
380 426
380 936
380 310
380 567
380 544
380 818
381 572
381 889
381 853
381 296
381 145
381 467
385 33
385 636
385 520
385 223
385 762
385 354
385 768
385 597
386 86
386 665
386 864
386 494
386 120
386 493
386 691
386 694
386 757
387 655
387 278
387 292
387 286
387 849
387 249
387 66
387 228
388 911
388 785
388 75
388 763
388 711
388 948
388 490
388 858
388 51
388 44
388 249
388 994
388 457
388 140
388 279
388 869
388 46
389 116
389 620
389 729
389 790
389 380
389 327
399 956
407 131
407 490
407 454
407 834
407 938
407 227
407 973
407 532
407 430
407 764
410 646
410 723
410 780
410 234
410 844
410 874
410 719
410 369
411 38
411 235
411 634
411 249
411 758
411 773
411 283
411 228
411 454
411 370
411 388
411 194
411 793
411 826
411 995
411 787
411 703
412 453
412 575
412 998
412 948
412 376
412 488
412 116
413 579
413 383
413 527
413 403
413 649
413 554
414 578
414 462
414 18
414 623
414 830
414 635
414 236
414 493
415 655
415 409
415 844
415 377
415 594
415 978
415 869
415 2
415 816
415 454
415 733
415 442
415 288
415 745
417 743
417 865
417 141
417 897
417 763
417 227
417 876
417 757
418 832
418 811
418 521
418 760
418 649
418 400
422 867
422 541
422 341
422 177
422 775
422 773
422 54
422 152
422 980
422 593
422 382
422 994
422 114
422 610
422 957
422 432
426 301
426 437
426 48
426 290
428 351
428 893
428 383
428 4
428 6
429 618
429 435
429 671
429 898
429 776
429 895
429 862
429 594
429 267
429 92
429 737
429 922
429 158
429 576
429 235
431 988
431 434
431 883
431 897
431 572
432 275
432 179
432 486
432 603
432 184
432 334
432 309
432 593
432 828
432 86
436 505
437 407
437 808
437 29
437 847
437 300
437 429
437 273
437 204
437 614
437 929
437 607
437 143
449 551
449 891
454 135
454 153
454 517
454 666
454 268
454 819
454 624
454 611
454 516
454 585
454 899
454 765
454 176
458 645
458 89
458 626
458 884
458 206
458 545
458 25
458 105
463 880
463 439
463 275
463 76
463 829
463 938
463 882
463 596
463 726
463 525
463 421
475 847
475 837
475 41
475 602
475 147
475 111
475 132
475 767
475 108
475 966
475 672
475 581
475 291
475 943
475 878
475 738
475 654
477 668
481 233
481 682
485 198
485 207
485 801
485 908
485 710
485 881
485 208
485 163
485 781
485 784
485 426
488 269
488 278
488 19
488 11
489 912
489 737
489 51
489 813
489 444
489 801
489 420
489 556
489 81
489 398
489 387
489 948
489 33
489 575
490 406
490 128
490 85
490 377
490 490
490 815
491 131
491 204
491 59
491 685
491 694
491 601
491 116
503 62
503 80
503 950
503 385
503 670
505 406
505 344
505 585
505 843
505 33
505 335
505 401
505 411
505 273
505 104
505 581
505 446
505 498
505 343
506 507
506 433
506 935
506 178
506 82
506 516
506 743
506 143
506 977
506 336
506 616
506 659
506 93
506 648
506 503
506 480
506 780
507 933
507 865
507 549
507 478
507 958
507 423
507 858
507 839
507 239
507 337
507 165
507 434
507 167
507 777
507 960
507 54
507 552
510 388
510 542
510 894
510 706
510 999
510 793
510 139
511 414
514 45
514 105
514 263
514 187
514 953
514 558
514 185
514 857
514 76
514 67
514 689
514 499
514 271
514 248
514 712
514 292
530 381
530 106
530 355
530 974
530 259
530 922
530 674
530 590
530 703
530 89
530 642
532 643
532 510
532 689
532 717
532 547
532 537
532 784
532 281
532 427
532 727
532 469
532 913
537 897
537 476
537 354
537 284
537 810
537 222
537 543
537 322
537 85
537 305
537 947
537 747
539 926
539 560
539 733
539 49
541 719
541 901
541 847
541 38
541 877
541 128
541 89
541 357
541 958
541 365
541 603
541 270
541 661
544 856
544 282
544 710
544 866
544 277
544 13
544 258
544 280
544 285
544 49
544 903
548 121
548 394
548 351
548 762
548 657
548 384
548 546
548 472
548 318
548 400
548 504
548 343
550 717
550 381
550 362
550 345
550 534
550 545
550 920
550 814
550 806
550 638
551 872
551 137
551 347
551 168
551 322
551 787
551 269
551 13
551 756
551 823
551 680
554 578
554 113
565 906
565 807
565 434
565 955
565 479
565 108
565 52
565 396
566 900
566 123
566 519
566 307
566 239
566 410
576 813
576 453
576 829
576 542
576 300
576 464
576 292
576 990
576 139
576 970
576 394
576 815
576 988
576 27
576 240
588 407
588 166
588 559
588 484
588 520
588 512
588 966
588 532
588 198
588 726
588 987
588 366
588 975
588 947
588 424
588 205
588 479
593 46
593 963
593 997
593 651
593 447
593 746
593 616
594 549
594 25
594 937
594 281
594 398
594 684
594 950
594 928
594 54
594 641
594 817
594 269
594 162
594 591
596 337
596 354
596 356
596 497
596 496
596 850
596 71
598 276
598 279
598 912
598 265
598 42
598 204
598 223
598 308
599 539
599 486
599 138
599 714
599 149
599 499
599 888
603 735
603 369
603 201
603 243
603 853
603 775
604 955
604 579
604 842
604 177
604 887
604 259
604 435
604 833
604 307
604 407
604 817
604 664
604 907
605 342
605 631
605 377
614 800
614 635
614 473
614 81
614 248
614 183
614 153
614 141
614 596
614 506
614 756
614 911
614 935
616 296
616 968
616 858
616 277
616 689
616 978
616 77
616 916
616 720
616 918
616 138
616 844
616 617
616 525
616 45
616 247
618 549
618 319
620 889
620 997
620 533
620 232
620 367
621 300
621 749
621 118
621 179
621 435
621 905
621 904
621 810
625 853
625 894
625 145
625 281
625 262
625 970
625 544
625 387
625 717
625 938
625 798
625 319
627 646
627 905
627 175
628 942
628 461
628 480
637 233
637 605
637 130
637 557
637 311
637 712
639 311
639 907
639 377
639 156
639 100
639 278
639 228
639 540
643 762
643 888
643 426
643 605
643 983
643 808
643 377
644 802
644 546
644 391
644 942
644 283
648 662
648 734
648 330
648 466
648 437
648 690
648 51
650 82
650 577
650 782
651 550
651 347
651 464
651 189
651 565
651 651
651 362
651 491
651 29
651 100
651 23
651 518
651 144
653 341
655 858
655 938
655 300
655 297
655 43
655 977
655 562
655 141
655 191
655 309
655 97
656 71
656 741
656 709
656 348
656 138
656 776
656 425
656 251
656 182
656 888
656 104
656 271
656 811
656 619
656 498
656 427
659 539
659 389
659 723
659 619
659 352
659 656
659 251
659 890
659 594
659 432
661 514
661 932
661 133
661 442
663 632
663 611
663 190
663 236
663 64
663 818
663 840
663 716
663 402
663 852
663 410
663 708
663 461
663 351
663 487
671 741
671 749
671 21
671 861
672 502
672 312
672 921
672 598
672 505
673 45
673 471
673 540
673 935
673 77
673 935
673 312
673 630
673 758
673 289
673 230
673 708
673 704
679 791
679 107
679 778
679 574
679 82
679 695
679 708
679 936
679 490
679 366
679 171
679 918
679 650
679 647
679 838
680 601
680 274
680 194
680 436
680 362
680 724
685 30
685 479
687 729
687 102
687 923
687 181
687 577
687 938
687 320
687 971
687 452
687 828
693 821
693 262
693 677
695 488
695 716
695 843
695 740
698 396
698 282
699 4
699 476
699 22
699 845
699 517
699 893
699 832
699 52
699 429
699 356
699 574
699 768
699 907
700 436
700 353
700 921
700 120
700 527
700 9
700 690
700 911
701 23
701 774
701 434
701 722
701 475
701 585
701 872
701 798
701 180
701 404
701 327
701 615
703 230
703 628
703 561
703 653
703 640
703 585
703 573
703 924
703 244
703 109
706 649
706 563
706 100
706 31
706 108
706 809
706 261
706 674
706 543
706 9
706 228
706 279
706 118
706 778
706 413
706 961
708 782
708 872
708 714
708 118
708 823
708 529
708 831
708 879
708 816
708 243
708 777
708 911
708 559
708 80
708 502
711 974
711 90
711 695
711 886
711 144
714 106
714 461
714 783
714 783
714 651
714 592
714 59
714 793
714 962
714 883
714 244
714 609
714 626
714 385
714 335
714 141
715 545
715 456
715 672
715 15
715 44
715 558
715 244
715 873
715 570
715 345
715 264
715 970
715 67
715 851
715 814
715 922
715 967
716 31
719 158
719 616
719 135
719 267
719 484
720 511
720 357
721 735
721 226
721 749
721 501
722 643
725 172
725 325
726 774
726 604
726 700
726 828
726 485
726 48
726 538
726 64
726 528
726 299
726 781
733 136
733 907
733 178
733 748
733 122
733 894
733 338
733 884
733 349
733 595
733 195
733 167
733 619
735 571
735 871
735 303
735 470
735 366
735 508
735 698
735 71
735 938
735 465
735 554
736 212
736 42
736 71
736 965
736 344
740 673
740 574
740 232
740 164
740 417
740 876
740 383
740 184
740 177
740 450
740 602
741 421
741 680
741 230
741 829
741 858
741 301
741 484
741 281
741 522
741 264
741 583
741 256
741 437
747 954
747 381
747 257
747 205
747 969
747 440
747 605
747 522
747 136
747 2
747 322
747 718
747 854
747 242
754 481
754 724
754 214
754 635
754 908
754 813
754 827
754 305
754 696
754 319
754 305
754 455
754 381
754 391
754 871
754 604
754 136
760 30
760 762
760 624
765 994
765 494
767 774
767 22
767 720
767 36
767 507
769 679
769 700
769 93
769 330
769 595
769 59
769 290
769 9
769 141
771 945
771 941
771 590
771 969
771 877
771 984
771 738
771 655
771 422
771 27
771 844
771 149
774 417
774 265
775 603
775 319
775 763
775 839
775 483
775 825
775 788
775 876
775 69
775 726
775 610
775 952
775 276
775 860
775 712
782 21
782 29
782 312
782 446
782 52
782 288
782 260
782 33
782 589
782 180
782 190
782 536
782 81
782 712
784 449
784 475
784 681
784 604
784 678
784 696
784 77
784 902
784 427
786 964
786 883
786 914
786 562
786 332
786 421
786 548
786 202
786 345
786 662
786 60
786 391
786 104
786 184
786 754
786 955
792 408
792 966
792 74
792 685
792 410
792 379
792 634
792 771
792 873
792 522
794 472
794 424
796 560
796 769
805 489
805 667
805 913
805 516
805 180
805 992
805 835
805 509
819 984
819 223
819 729
819 681
819 509
819 928
819 558
819 224
819 609
819 358
819 275
819 376
819 176
819 619
823 64
823 882
823 233
823 711
823 932
823 45
823 770
823 687
823 1
823 310
823 265
823 690
823 335
823 546
823 721
823 955
823 268
834 460
834 531
834 803
834 265
834 401
834 848
834 964
834 565
834 713
834 279
834 985
834 661
834 987
834 340
834 84
841 417
841 699
841 860
841 91
846 278
846 143
846 181
846 321
846 709
846 870
846 202
846 442
846 780
846 206
846 587
846 836
847 917
847 225
859 251
859 560
859 778
859 871
859 852
859 710
862 410
862 709
862 618
862 616
862 301
863 396
863 981
863 942
863 954
863 823
863 262
863 342
863 62
863 154
863 319
863 377
863 153
863 96
863 612
863 451
863 612
865 775
865 329
865 333
865 992
865 987
865 950
865 852
865 692
865 720
865 892
865 222
872 958
872 617
872 253
872 450
872 266
875 603
875 819
875 586
875 516
875 941
875 644
875 377
875 427
875 401
875 202
875 861
875 123
875 232
875 608
877 252
877 2
877 123
877 26
877 547
877 923
877 803
878 552
878 885
878 614
878 631
878 523
878 363
878 18
878 925
878 452
878 487
878 303
878 93
878 385
885 474
885 278
885 778
885 662
885 338
885 850
885 525
885 442
885 674
885 608
885 206
885 511
885 584
885 741
885 777
887 70
887 872
887 842
887 717
887 813
887 342
887 725
887 380
887 645
887 359
887 305
887 85
887 175
887 170
894 85
894 733
894 352
894 320
894 549
896 134
896 436
896 118
896 608
896 906
896 74
896 588
896 392
896 954
896 262
896 640
896 968
896 776
901 342
901 880
901 179
901 952
901 726
901 563
901 423
902 595
902 398
902 756
902 307
902 82
902 42
903 114
903 614
903 70
903 64
903 65
905 432
906 686
906 214
906 985
909 29
909 290
909 664
909 376
909 19
909 530
909 357
909 204
916 504
916 868
916 894
916 815
916 647
916 526
916 117
916 669
916 785
918 1
918 385
918 208
918 324
918 786
918 536
918 56
918 866
918 168
918 176
918 759
918 107
922 18
922 61
922 778
922 316
922 515
923 437
923 324
923 174
923 179
923 109
923 460
923 64
923 522
923 891
923 416
923 647
923 801
923 597
923 268
927 968
927 269
927 706
927 462
927 460
927 475
927 803
927 558
927 96
927 264
927 87
927 228
933 310
933 777
933 447
933 722
933 11
933 387
933 560
933 666
933 626
933 743
933 751
933 922
933 30
933 497
933 137
933 406
937 427
937 35
937 666
937 150
937 939
937 389
937 845
937 806
937 517
937 222
937 114
937 209
937 995
937 496
939 162
939 937
939 6
939 832
939 916
939 610
945 442
945 31
951 593
951 601
951 751
951 779
953 568
953 29
953 764
953 142
953 145
953 526
953 743
953 561
953 993
953 802
953 120
953 393
953 400
956 784
956 944
956 552
956 886
956 904
956 635
956 979
956 696
956 836
956 393
956 864
956 684
956 645
959 645
959 210
959 599
959 812
965 137
965 678
965 433
965 239
965 210
965 724
965 538
965 865
965 774
965 267
967 900
967 530
967 222
967 853
967 746
967 573
967 314
971 816
971 836
971 845
971 747
971 860
976 409
976 537
976 865
976 896
976 582
976 662
976 18
976 999
976 878
976 994
976 135
978 29
978 874
978 673
978 282
978 597
978 77
978 35
978 519
978 598
978 657
978 100
978 734
978 860
978 316
979 615
979 408
979 70
979 838
979 703
979 595
979 71
979 200
979 694
979 987
979 91
979 100
979 516
979 95
979 104
979 318
980 774
980 902
980 57
980 643
980 85
980 505
980 836
980 769
980 729
980 381
980 987
982 112
982 509
982 714
982 66
982 229
982 574
982 184
982 790
982 253
982 378
982 170
982 826
982 888
982 264
982 86
982 509
982 610
989 282
989 416
989 295
989 973
989 527
989 645
989 128
989 674
992 328
992 636
992 243
992 167
992 528
992 257
992 575
992 786
992 321
992 71
993 575
993 946
993 203
993 194
993 584
993 93
993 226
993 818
993 141
993 210
993 146
993 572
993 529
993 348
994 135
994 742
994 906
994 912
994 469
994 879
994 337
994 408
994 989
994 607
994 887
994 204
994 197
996 558
996 426
997 372
997 405
997 73
997 264
997 729
997 662
997 680
997 205
997 608
997 604
997 75
997 82
998 15
998 432
998 727
998 366
998 56
998 798
998 759
998 272
998 449
998 26
998 918
998 643
998 13
999 581
999 532
999 776
999 131
999 992
999 189
999 636
999 105
999 638
999 641
999 654
999 365
999 280
999 361
1002 626
1002 143
1006 349
1006 788
1006 41
1006 785
1006 739
1006 714
1006 37
1006 483
1006 796
1006 557
1006 21
1006 755
1008 760
1008 643
1008 858
1010 944
1010 841
1010 580
1014 82
1014 727
1014 86
1014 255
1014 96
1014 567
1014 80
1014 282
1014 165
1014 529
1014 713
1014 971
1014 669
1014 552
1014 354
1018 48
1018 190
1018 113
1018 611
1018 454
1018 523
1018 721
1018 118
1018 606
1018 827
1018 299
1018 868
1018 320
1019 674
1019 90
1019 137
1019 809
1019 742
1019 440
1019 558
1019 182
1019 606
1019 751
1019 897
1019 50
1022 639
1022 735
1022 860
1022 979
1022 645
1022 602
1022 81
1022 886
1022 939
1022 510
1022 162
1022 594
1022 694
1022 816
1026 913
1026 588
1026 680
1026 975
1026 459
1027 839
1027 45
1027 817
1027 214
1027 174
1027 323
1027 619
1027 174
1027 655
1027 215
1027 135
1027 860
1027 471
1030 7
1030 255
1030 225
1030 389
1030 897
1030 127
1030 179
1030 746
1030 887
1030 274
1030 895
1040 901
1040 567
1040 336
1040 617
1040 450
1042 610
1042 887
1042 954
1042 42
1042 596
1042 470
1045 359
1045 530
1045 431
1045 634
1045 410
1045 590
1045 904
1045 448
1045 208
1045 632
1045 831
1045 881
1045 759
1045 320
1058 17
1058 557
1058 649
1058 231
1058 775
1058 943
1058 178
1059 124
1059 428
1059 648
1059 579
1059 549
1059 136
1059 904
1059 886
1059 942
1063 437
1063 450
1063 266
1063 217
1063 240
1063 813
1065 235
1065 683
1065 359
1065 736
1070 25
1070 352
1070 700
1070 185
1070 808
1070 87
1070 674
1070 595
1070 389
1070 765
1070 129
1070 614
1073 566
1073 220
1073 306
1073 312
1076 836
1076 355
1076 923
1076 638
1076 925
1076 925
1076 471
1076 361
1076 240
1076 428
1076 623
1076 925
1076 566
1076 481
1078 909
1078 618
1078 811
1078 312
1083 150
1083 902
1083 653
1083 161
1083 918
1084 196
1084 715
1084 235
1084 679
1084 295
1084 652
1084 141
1085 738
1085 169
1093 459
1093 27
1094 165
1094 748
1094 605
1096 322
1096 546
1096 905
1096 394
1096 905
1096 513
1096 362
1096 49
1096 793
1096 246
1096 460
1096 818
1106 588
1106 866
1106 513
1106 174
1106 667
1106 644
1106 477
1106 354
1108 650
1114 331
1114 855
1114 9
1114 416
1114 410
1114 736
1114 887
1114 707
1114 152
1114 623
1114 469
1114 517
1116 555
1116 808
1116 152
1116 77
1116 421
1116 363
1117 120
1117 102
1117 283
1117 548
1117 461
1117 370
1117 115
1117 493
1120 637
1120 881
1120 50
1120 447
1120 440
1121 356
1121 546
1121 521
1121 163
1121 770
1121 513
1121 303
1122 434
1122 376
1122 667
1122 879
1122 665
1122 220
1122 65
1122 204
1122 411
1122 57
1122 879
1122 513
1123 78
1123 878
1129 851
1129 819
1129 447
1129 872
1129 872
1129 872
1129 609
1129 388
1129 872
1129 769
1129 766
1129 778
1132 603
1132 869
1132 159
1132 785
1132 509
1132 470
1132 431
1132 582
1132 101
1132 18
1132 11
1132 513
1132 869
1132 726
1132 319
1132 484
1132 192
1143 858
1143 685
1143 473
1143 418
1143 603
1143 158
1143 389
1143 529
1143 797
1143 724
1143 858
1143 619
1143 362
1143 539
1149 366
1149 412
1149 594
1149 655
1149 352
1151 850
1151 133
1155 714
1155 181
1155 1
1155 234
1155 365
1155 78
1155 80
1155 69
1155 231
1155 591
1156 369
1156 214
1156 451
1156 298
1156 259
1156 138
1161 709
1161 772
1161 317
1161 183
1161 840
1161 567
1161 253
1161 564
1161 315
1161 840
1161 840
1161 194
1161 268
1161 36
1161 606
1161 304
1165 369
1165 36
1165 826
1165 307
1165 174
1165 13
1168 70
1186 391
1186 15
1186 622
1186 443
1186 791
1186 386
1186 578
1186 512
1186 678
1186 795
1188 83
1188 470
1188 339
1188 813
1188 654
1188 565
1188 446
1188 803
1188 710
1188 23
1188 601
1188 85
1188 705
1189 490
1189 363
1189 41
1189 117
1189 812
1189 812
1189 120
1189 182
1189 52
1189 147
1189 812
1189 812
1191 646
1191 242
1191 771
1191 340
1191 251
1191 352
1192 809
1192 170
1192 186
1192 347
1192 557
1192 809
1192 200
1192 809
1192 215
1192 597
1192 566
1192 311
1192 805
1192 510
1192 599
1192 809
1194 221
1194 143
1194 807
1194 807
1194 604
1194 807
1194 459
1194 84
1194 602
1194 690
1194 308
1194 748
1194 222
1194 279
1194 81
1194 577
1194 274
1201 572
1201 800
1201 61
1201 800
1201 742
1201 214
1201 205
1201 663
1201 43
1201 800
1201 270
1201 452
1201 65
1201 800
1201 276
1201 800
1201 131
1202 796
1202 245
1202 799
1202 453
1202 502
1202 799
1202 398
1202 251
1202 731
1202 697
1202 325
1202 799
1202 799
1202 736
1202 526
1203 226
1203 798
1203 798
1203 675
1209 318
1209 75
1209 404
1209 755
1209 447
1209 621
1209 31
1209 792
1209 501
1213 788
1213 33
1213 30
1213 249
1213 231
1213 100
1213 609
1213 396
1214 662
1224 644
1224 285
1224 550
1234 261
1239 762
1239 86
1239 762
1239 516
1240 398
1240 369
1240 760
1240 419
1240 361
1240 13
1240 174
1240 761
1240 761
1242 259
1242 595
1242 235
1242 346
1243 369
1243 541
1243 275
1243 67
1243 751
1243 492
1243 212
1243 727
1243 758
1243 397
1243 696
1243 676
1244 199
1244 451
1244 434
1244 757
1244 631
1244 705
1244 86
1251 750
1251 316
1251 750
1251 202
1251 461
1251 652
1251 515
1251 441
1251 180
1251 750
1251 177
1251 130
1252 353
1252 749
1252 144
1252 187
1252 59
1252 502
1252 376
1252 749
1252 173
1252 326
1252 585
1253 414
1253 463
1253 589
1253 702
1253 696
1253 502
1253 515
1253 273
1253 357
1253 127
1253 48
1253 72
1258 422
1258 639
1258 711
1261 628
1261 517
1261 357
1261 519
1261 21
1264 737
1264 193
1264 178
1264 259
1264 80
1264 718
1264 577
1264 9
1264 326
1264 66
1264 737
1264 708
1264 517
1264 737
1264 575
1265 671
1265 641
1265 610
1265 670
1265 736
1269 204
1269 99
1269 387
1269 257
1271 159
1271 236
1271 281
1271 730
1271 730
1271 716
1271 51
1271 371
1271 730
1271 331
1271 730
1271 390
1271 19
1277 724
1277 479
1277 663
1279 631
1279 374
1279 118
1279 722
1284 378
1284 717
1284 717
1284 634
1284 717
1284 76
1284 717
1284 717
1284 717
1284 717
1284 538
1284 717
1284 282
1286 209
1286 64
1286 75
1286 715
1286 715
1286 22
1286 372
1286 281
1286 715
1286 715
1286 131
1286 711
1286 518
1286 715
1286 374
1291 710
1291 710
1291 464
1291 363
1291 93
1291 640
1291 280
1295 485
1295 346
1295 17
1295 9
1295 706
1296 211
1296 705
1296 282
1296 579
1296 158
1296 171
1296 705
1298 703
1298 39
1298 703
1299 284
1299 533
1299 702
1299 702
1299 290
1299 563
1299 570
1299 287
1299 194
1299 454
1299 533
1299 549
1302 368
1306 507
1308 693
1308 233
1308 693
1308 693
1308 282
1309 1
1309 692
1313 471
1313 675
1313 688
1313 46
1313 688
1313 36
1313 666
1314 652
1314 645
1314 406
1314 687
1314 643
1314 687
1314 288
1314 687
1314 687
1314 687
1314 153
1325 141
1325 368
1325 643
1325 272
1325 661
1325 184
1325 676
1325 556
1325 676
1325 307
1325 52
1325 478
1325 617
1325 528
1325 676
1325 674
1325 589
1326 675
1326 144
1326 191
1326 675
1333 668
1340 661
1340 206
1340 661
1340 428
1340 661
1340 661
1340 661
1341 660
1341 126
1341 660
1341 247
1341 307
1341 451
1341 537
1341 541
1341 660
1341 66
1341 354
1341 252
1343 268
1343 91
1343 658
1343 658
1343 308
1343 455
1343 248
1343 238
1343 658
1343 589
1343 658
1343 658
1343 240
1343 658
1344 657
1344 374
1344 657
1344 288
1344 243
1344 318
1344 279
1344 164
1344 459
1344 657
1344 657
1344 652
1344 483
1345 656
1345 326
1345 534
1345 656
1345 656
1345 154
1345 66
1345 517
1346 525
1346 102
1346 145
1346 462
1346 655
1346 382
1352 649
1352 159
1352 649
1352 18
1352 145
1352 334
1352 11
1352 560
1352 127
1354 561
1354 595
1354 323
1354 483
1354 647
1354 469
1354 647
1354 647
1354 131
1354 573
1354 647
1354 290
1354 572
1354 281
1364 613
1382 619
1382 442
1382 279
1382 288
1382 619
1382 619
1382 619
1382 71
1382 619
1382 369
1382 619
1382 245
1382 619
1387 608
1387 4
1387 346
1387 614
1387 423
1387 415
1387 614
1387 561
1387 614
1387 144
1388 118
1388 343
1388 613
1388 358
1388 51
1388 316
1388 603
1388 204
1392 43
1392 483
1392 609
1392 552
1392 609
1392 609
1393 84
1393 608
1395 597
1395 137
1396 284
1396 272
1396 605
1396 605
1396 43
1396 384
1396 13
1396 526
1396 517
1396 605
1396 90
1397 475
1398 56
1398 263
1398 67
1398 244
1398 294
1398 603
1398 603
1398 603
1398 248
1398 603
1398 603
1398 603
1398 592
1400 601
1400 601
1400 46
1400 601
1400 30
1400 601
1400 543
1400 601
1400 93
1400 601
1400 513
1400 601
1400 359
1400 601
1400 601
1401 600
1401 544
1401 208
1401 150
1401 600
1401 574
1401 388
1401 600
1401 600
1401 377
1401 600
1401 600
1407 546
1407 594
1407 137
1407 594
1407 48
1407 594
1407 152
1407 594
1410 474
1410 70
1410 118
1412 336
1412 518
1412 357
1412 589
1412 589
1412 379
1412 589
1412 589
1412 589
1412 380
1412 482
1412 257
1418 583
1418 43
1418 583
1418 133
1418 583
1418 583
1418 99
1418 583
1426 575
1429 572
1429 572
1429 572
1429 185
1429 295
1429 572
1429 409
1429 572
1435 35
1435 319
1435 566
1435 66
1435 337
1437 482
1437 136
1437 564
1437 564
1437 34
1437 151
1437 564
1437 251
1437 460
1437 564
1438 557
1438 22
1438 563
1438 563
1438 541
1438 563
1438 112
1438 563
1438 386
1438 563
1438 504
1438 563
1438 563
1438 563
1438 563
1440 489
1440 384
1441 209
1441 560
1441 560
1445 556
1445 556
1445 556
1445 492
1445 556
1445 556
1445 556
1445 62
1445 556
1445 556
1445 556
1445 556
1448 553
1448 553
1448 553
1451 550
1451 149
1451 71
1451 523
1451 550
1451 225
1451 331
1451 391
1458 543
1458 536
1458 543
1458 131
1458 543
1458 543
1461 325
1461 334
1461 172
1461 540
1461 332
1461 540
1461 448
1461 409
1461 540
1461 430
1462 539
1462 539
1462 539
1462 539
1462 44
1462 539
1462 539
1462 381
1462 539
1462 300
1462 246
1462 539
1462 539
1462 406
1462 33
1462 491
1465 536
1465 376
1465 536
1465 401
1465 36
1465 21
1465 536
1465 536
1465 536
1465 122
1469 532
1469 107
1469 252
1472 529
1472 22
1472 529
1472 529
1472 490
1472 529
1472 7
1472 260
1472 11
1472 231
1472 286
1472 43
1472 529
1472 479
1472 218
1481 36
1486 26
1488 513
1488 439
1488 513
1488 410
1488 355
1488 513
1488 513
1488 513
1490 511
1490 378
1490 196
1490 504
1490 511
1490 511
1490 80
1490 511
1490 511
1490 511
1490 511
1490 511
1490 481
1490 511
1490 185
1490 203
1490 511
1492 432
1492 509
1492 237
1492 22
1492 509
1492 144
1492 9
1492 166
1495 506
1495 506
1495 470
1495 464
1495 29
1495 506
1495 183
1495 331
1495 506
1495 159
1500 501
1500 407
1500 501
1500 149
1500 501
1500 156
1500 501
1500 501
1501 148
1501 500
1501 440
1501 500
1501 350
1501 500
1501 107
1501 404
1501 220
1501 91
1501 426
1501 500
1501 500
1501 274
1501 500
1501 500
1501 50
1503 484
1503 307
1503 403
1503 199
1503 498
1503 498
1503 498
1503 498
1503 498
1503 498
1503 498
1507 494
1507 494
1507 314
1507 490
1512 11
1512 489
1512 228
1512 234
1512 96
1512 189
1512 54
1512 201
1512 489
1512 489
1512 477
1512 486
1512 489
1512 489
1512 489
1513 488
1513 488
1513 488
1513 488
1513 488
1513 23
1513 424
1513 410
1513 488
1513 488
1516 208
1516 485
1516 485
1516 485
1516 328
1516 485
1516 171
1516 485
1516 451
1516 485
1516 485
1516 485
1516 323
1516 485
1516 453
1516 485
1516 485
1521 455
1521 480
1521 480
1521 471
1521 480
1521 218
1521 480
1521 469
1521 480
1521 480
1521 134
1521 34
1521 3
1521 480
1521 480
1526 290
1526 475
1526 475
1526 87
1526 475
1526 475
1526 255
1526 475
1526 117
1526 332
1526 475
1526 355
1526 475
1526 254
1526 420
1533 338
1533 243
1533 96
1533 153
1534 467
1534 467
1534 467
1534 467
1534 467
1534 467
1534 467
1534 467
1534 467
1534 182
1534 107
1546 422
1546 235
1546 455
1546 258
1546 455
1546 455
1546 332
1546 455
1546 455
1546 118
1546 455
1546 192
1546 247
1547 454
1547 368
1547 402
1547 133
1547 353
1547 454
1547 102
1551 214
1551 450
1551 450
1551 450
1551 268
1551 144
1551 450
1551 450
1551 450
1551 390
1552 449
1552 449
1552 449
1552 449
1552 449
1552 449
1555 446
1555 446
1555 220
1557 444
1557 444
1557 444
1558 443
1558 443
1558 176
1558 348
1558 443
1558 36
1558 241
1558 150
1558 443
1558 443
1561 440
1562 301
1562 175
1562 439
1562 439
1562 410
1562 439
1562 308
1562 105
1564 437
1564 437
1564 307
1564 437
1564 437
1564 437
1564 54
1564 281
1564 437
1564 437
1564 437
1564 437
1564 156
1564 374
1564 437
1568 433
1568 433
1568 433
1568 319
1568 402
1568 433
1568 433
1568 433
1568 201
1568 291
1568 286
1568 433
1568 433
1578 423
1578 423
1578 423
1578 410
1578 237
1578 141
1578 423
1578 423
1580 421
1580 421
1580 386
1580 126
1580 421
1580 421
1580 128
1589 412
1589 412
1589 412
1589 412
1589 355
1589 31
1589 351
1589 412
1589 412
1596 405
1596 201
1596 405
1596 405
1596 405
1596 201
1596 118
1596 405
1596 71
1596 96
1596 388
1596 405
1596 405
1596 405
1596 405
1596 292
1596 45
1605 391
1608 393
1608 9
1608 51
1608 330
1608 393
1608 393
1608 393
1608 393
1608 393
1608 184
1608 393
1608 393
1611 71
1611 390
1611 390
1611 356
1611 211
1611 390
1611 255
1611 269
1611 201
1616 385
1616 385
1616 368
1616 385
1616 385
1616 385
1616 385
1616 385
1616 385
1616 298
1616 385
1616 52
1616 385
1616 300
1616 385
1624 377
1630 371
1630 18
1630 371
1631 370
1631 370
1631 133
1631 36
1631 370
1631 370
1631 370
1631 265
1631 370
1643 358
1643 358
1643 358
1643 358
1643 358
1643 358
1643 358
1643 358
1643 4
1643 201
1643 141
1643 358
1643 358
1643 358
1643 358
1644 357
1644 357
1644 9
1644 286
1644 283
1644 123
1644 357
1644 357
1644 357
1644 357
1644 357
1644 72
1644 357
1644 357
1645 356
1645 356
1645 356
1645 356
1645 337
1645 356
1645 356
1645 356
1645 356
1645 299
1645 356
1645 356
1650 258
1650 319
1650 167
1650 351
1650 301
1650 351
1650 316
1650 351
1650 351
1650 351
1650 351
1650 302
1651 350
1651 350
1656 345
1656 345
1656 345
1656 345
1656 345
1656 345
1656 175
1656 345
1656 221
1656 59
1656 271
1656 345
1656 345
1656 345
1656 345
1656 345
1658 343
1658 343
1658 39
1658 343
1658 92
1658 343
1658 343
1658 343
1659 342
1659 342
1663 338
1663 245
1663 101
1663 338
1663 338
1663 185
1663 338
1663 338
1663 338
1663 338
1663 338
1663 338
1663 338
1663 338
1663 29
1669 332
1669 332
1669 332
1669 5
1669 159
1669 332
1669 332
1669 332
1669 332
1669 332
1678 287
1678 321
1678 323
1682 171
1682 319
1683 318
1684 317
1684 317
1684 71
1684 317
1684 317
1684 317
1684 139
1684 317
1684 317
1684 317
1687 314
1687 314
1687 235
1687 314
1687 274
1687 314
1687 314
1687 174
1687 314
1687 61
1687 314
1687 314
1687 259
1687 162
1687 314
1687 314
1687 180
1690 59
1690 3
1690 311
1690 311
1690 311
1690 311
1690 229
1690 311
1695 306
1695 306
1695 306
1695 306
1695 306
1695 92
1695 306
1695 306
1695 306
1699 302
1699 302
1699 152
1699 302
1699 302
1699 302
1699 302
1699 302
1699 302
1699 302
1699 302
1706 254
1706 295
1706 295
1706 295
1706 295
1706 254
1706 295
1707 60
1707 294
1707 285
1708 293
1708 293
1708 293
1708 258
1708 2
1708 293
1708 293
1708 6
1708 82
1708 229
1708 293
1708 101
1708 293
1708 293
1708 293
1708 293
1709 292
1709 292
1709 292
1709 59
1710 291
1710 291
1710 291
1710 213
1710 291
1710 291
1710 268
1710 56
1710 291
1710 291
1715 276
1715 286
1715 126
1715 248
1715 286
1715 286
1715 283
1715 286
1715 71
1715 286
1715 286
1715 286
1715 286
1715 165
1716 285
1716 145
1716 285
1719 282
1719 282
1719 282
1719 135
1719 92
1719 282
1719 282
1719 282
1719 282
1719 18
1719 282
1719 282
1727 274
1727 274
1727 107
1727 274
1727 18
1727 274
1733 37
1733 268
1733 164
1733 168
1733 171
1733 268
1733 130
1733 268
1733 268
1733 268
1733 268
1733 268
1733 268
1734 267
1734 107
1738 149
1738 84
1738 263
1738 263
1738 263
1738 35
1738 258
1738 263
1738 263
1741 260
1741 161
1741 260
1741 260
1741 205
1741 78
1741 260
1741 260
1741 260
1741 260
1741 260
1741 227
1741 260
1741 260
1741 260
1741 260
1746 255
1746 255
1746 255
1746 42
1746 255
1746 21
1746 255
1746 108
1746 89
1746 255
1746 220
1746 123
1746 255
1746 255
1746 255
1747 227
1747 254
1747 254
1747 254
1747 254
1747 254
1747 254
1747 254
1753 248
1753 168
1753 248
1753 248
1753 248
1753 248
1753 248
1753 248
1753 248
1753 248
1753 43
1753 53
1753 248
1753 98
1753 15
1753 248
1756 245
1756 164
1756 245
1756 245
1756 103
1756 245
1756 245
1756 245
1756 66
1756 245
1756 244
1756 245
1756 245
1756 245
1756 245
1756 245
1766 235
1766 235
1766 235
1766 235
1766 235
1766 235
1766 235
1766 132
1781 220
1781 220
1781 207
1781 220
1781 220
1781 220
1781 82
1781 220
1781 107
1781 220
1781 220
1781 220
1781 220
1781 220
1781 220
1781 220
1781 220
1784 217
1784 217
1784 217
1784 217
1784 217
1785 216
1785 98
1785 216
1785 216
1785 216
1785 216
1785 39
1785 216
1785 216
1793 208
1793 208
1793 208
1793 208
1793 208
1793 208
1793 208
1793 201
1793 208
1793 208
1793 208
1794 68
1794 207
1794 207
1794 207
1794 207
1794 207
1794 118
1794 207
1794 207
1794 207
1794 207
1795 206
1795 206
1797 204
1797 204
1797 204
1797 204
1797 91
1797 204
1797 204
1797 204
1797 204
1797 64
1797 204
1797 204
1797 204
1797 42
1797 204
1797 204
1798 203
1798 203
1798 203
1798 203
1798 86
1798 203
1802 199
1802 199
1802 199
1802 199
1802 199
1802 199
1802 195
1802 199
1802 199
1802 199
1802 199
1802 199
1802 199
1802 199
1802 123
1802 199
1802 199
1803 198
1803 118
1803 182
1803 198
1803 198
1803 198
1803 198
1803 171
1803 198
1803 198
1803 198
1803 198
1803 198
1805 196
1805 196
1805 196
1805 196
1807 194
1807 194
1807 194
1807 194
1807 194
1807 194
1807 194
1807 194
1807 194
1807 194
1807 194
1807 153
1807 194
1807 194
1807 194
1807 194
1807 194
1808 68
1808 193
1808 193
1808 193
1808 193
1808 193
1808 193
1808 193
1808 84
1808 193
1808 62
1808 193
1808 193
1808 171
1810 191
1810 191
1810 191
1810 191
1810 191
1810 191
1810 191
1810 191
1810 182
1810 191
1810 8
1810 191
1810 191
1810 191
1810 191
1812 189
1812 189
1812 113
1812 189
1812 189
1812 189
1812 189
1812 141
1812 189
1812 189
1812 189
1812 189
1812 137
1812 189
1816 185
1816 185
1816 185
1821 36
1821 180
1821 180
1821 180
1821 180
1821 180
1821 68
1821 180
1821 180
1821 180
1821 180
1821 180
1821 180
1821 180
1822 179
1822 11
1822 179
1822 179
1822 179
1822 179
1822 179
1822 179
1822 179
1822 179
1822 179
1822 179
1822 179
1822 179
1822 76
1822 111
1837 102
1837 164
1837 164
1837 164
1837 164
1837 164
1837 18
1837 164
1837 164
1837 164
1837 164
1837 164
1837 160
1837 131
1837 164
1839 162
1839 162
1839 162
1839 162
1839 162
1839 73
1839 162
1839 15
1839 162
1839 162
1842 122
1842 159
1842 159
1842 159
1842 159
1842 159
1842 159
1842 159
1845 156
1845 156
1846 53
1846 95
1853 148
1853 148
1853 148
1853 148
1853 148
1853 69
1853 148
1853 148
1853 148
1853 148
1858 143
1858 143
1858 143
1858 143
1862 139
1862 139
1862 139
1862 139
1862 139
1862 139
1862 139
1862 139
1862 139
1862 130
1862 139
1862 139
1862 139
1862 139
1869 132
1869 88
1869 132
1869 132
1869 132
1869 132
1869 132
1869 132
1869 132
1869 132
1869 132
1869 132
1869 132
1869 132
1870 42
1870 131
1870 131
1870 131
1870 131
1871 130
1871 130
1871 130
1873 128
1873 128
1873 128
1873 128
1874 127
1874 127
1874 127
1874 127
1874 127
1874 127
1874 57
1874 127
1874 127
1874 127
1874 127
1874 127
1874 111
1874 127
1881 120
1881 120
1881 120
1881 120
1881 120
1881 120
1881 120
1893 108
1893 108
1898 103
1898 103
1898 103
1898 103
1898 103
1898 77
1898 103
1898 103
1898 103
1898 103
1898 103
1898 103
1899 102
1899 102
1899 67
1899 70
1899 102
1899 102
1907 94
1907 94
1907 94
1907 94
1907 94
1907 94
1907 94
1907 94
1909 92
1909 56
1909 92
1909 92
1909 92
1909 92
1909 92
1909 92
1909 92
1909 92
1909 92
1910 91
1910 91
1910 91
1910 91
1910 91
1910 91
1910 91
1910 91
1910 91
1910 91
1910 91
1910 91
1910 91
1910 91
1910 91
1910 91
1912 89
1912 89
1912 89
1912 89
1912 89
1912 89
1912 89
1920 81
1920 43
1920 81
1920 81
1920 81
1920 81
1920 81
1920 81
1920 81
1920 81
1920 81
1920 81
1923 78
1923 78
1923 78
1923 78
1923 78
1923 78
1923 78
1923 78
1923 78
1925 76
1925 76
1925 76
1925 76
1925 76
1925 76
1925 76
1925 68
1925 76
1925 76
1925 76
1925 76
1925 76
1925 76
1925 76
1926 75
1926 62
1926 75
1926 75
1926 75
1926 75
1926 75
1926 75
1926 75
1926 75
1926 75
1926 75
1927 74
1927 74
1927 74
1927 74
1927 74
1927 9
1927 74
1927 74
1927 74
1927 74
1927 74
1927 74
1927 74
1927 39
1927 74
1937 64
1937 64
1937 64
1937 64
1937 64
1937 59
1937 64
1937 64
1937 64
1937 64
1937 64
1937 64
1937 64
1937 64
1937 64
1937 64
1937 64
1939 62
1939 3
1939 62
1939 62
1939 62
1939 62
1939 62
1941 60
1941 60
1941 60
1941 60
1941 60
1941 60
1941 60
1941 60
1941 60
1944 57
1945 56
1945 56
1945 56
1945 56
1945 56
1945 41
1945 56
1945 50
1945 56
1945 56
1945 56
1945 56
1953 48
1953 48
1953 48
1953 48
1953 48
1954 47
1954 47
1957 44
1957 44
1957 44
1957 44
1957 44
1957 44
1957 44
1957 44
1957 44
1957 21
1957 44
1957 44
1957 44
1957 44
1957 44
1957 44
1963 38
1963 38
1963 38
1963 38
1963 38
1963 38
1963 38
1963 38
1963 38
1963 38
1963 38
1963 13
1963 38
1963 38
1963 38
1968 33
1968 33
1969 32
1969 32
1969 32
1969 32
1969 26
1969 32
1971 30
1971 30
1971 15
1971 30
1971 30
1971 30
1971 30
1971 30
1971 30
1971 30
1971 30
1972 22
1972 29
1972 29
1972 29
1972 29
1972 29
1972 29
1972 29
1972 29
1972 29
1972 29
1972 29
1972 29
1972 11
1972 29
1975 26
1975 26
1975 6
1975 26
1984 17
1984 17
1984 17
1985 16
1985 16
1985 16
1985 16
1985 16
1993 8
1993 8
1993 8
1993 8
1993 8
1993 8
1993 8
1993 8
1993 8
1993 8
1993 8
1993 8
1993 8
1994 7
1994 7
1994 7
1994 7
1994 7
1994 7
1994 7
1994 7
1994 7
1994 7
1994 7
1994 7
1994 7
1994 7
1994 7
1997 4
1997 4
1997 4
1997 4
1997 4
1997 4
1997 4
1997 4
1997 4
1997 4
1997 4
1997 4
1997 4
2000 1
2000 1
