9999 9999
2 1
2 1
5 30
5 4
5 26
6 17
6 3
6 7
7 13
12 27
12 9
12 7
13 6
13 1
13 1
18 28
18 14
18 5
19 6
21 3
22 2
22 23
22 7
23 29
23 18
26 5
29 10
30 26
30 1
31 17
35 9
35 4
35 2
42 24
43 7
43 7
44 27
44 9
44 25
46 7
47 6
47 26
50 3
52 21
52 15
55 20
55 17
56 11
58 1
58 2
59 4
59 11
60 27
60 27
60 3
66 19
68 27
68 8
68 5
73 5
78 10
78 4
78 2
80 5
80 26
81 25
81 3
82 12
82 11
82 14
85 20
85 16
85 18
86 15
86 29
86 8
87 6
88 21
97 14
97 3
101 18
111 16
113 16
113 10
116 15
116 23
118 22
118 19
119 14
120 5
120 18
121 15
121 14
121 21
123 10
123 14
126 14
126 26
126 11
127 21
127 29
127 13
128 12
128 20
128 2
129 4
129 20
129 13
132 13
132 22
135 20
135 18
135 9
138 20
140 30
140 5
146 25
146 23
146 12
147 21
147 24
149 15
152 16
153 24
153 8
153 25
154 23
154 5
154 8
156 23
156 16
158 22
158 27
159 21
159 8
159 23
161 21
166 1
166 28
166 5
169 1
170 25
174 12
174 25
174 5
175 30
178 4
178 14
178 11
179 18
179 11
179 2
181 18
181 26
186 28
187 19
190 2
190 23
190 29
192 23
192 10
192 7
195 13
195 12
195 4
196 28
197 12
197 17
198 24
198 22
200 19
200 17
202 15
202 19
203 8
205 22
205 22
205 29
208 1
208 12
209 17
209 7
209 3
211 3
213 4
213 6
216 3
218 12
218 15
218 5
221 30
222 7
222 19
222 15
223 14
224 1
228 10
228 27
228 24
230 12
230 4
230 13
232 16
232 27
232 20
233 13
233 26
233 24
235 1
238 18
238 2
238 27
241 5
244 30
244 6
245 27
246 22
246 13
246 13
247 13
250 22
250 2
250 28
251 18
251 20
252 15
254 1
254 24
254 8
255 5
255 27
259 25
259 15
260 15
263 1
263 24
264 21
264 2
265 13
265 23
265 13
270 26
270 6
271 6
271 5
271 4
272 28
272 10
272 7
274 12
274 18
275 30
275 14
276 20
280 26
280 4
280 28
281 7
284 29
285 15
285 18
288 11
289 1
289 17
292 26
292 26
292 24
293 20
293 21
293 24
294 11
294 28
295 13
296 4
297 19
297 22
298 8
298 30
302 27
302 16
302 5
304 4
305 9
306 3
306 14
306 3
307 13
307 28
308 12
311 26
311 14
314 7
315 23
317 24
317 6
318 13
318 26
318 19
324 1
324 16
324 2
326 15
328 23
328 29
329 24
329 29
330 6
330 11
330 18
331 14
331 12
332 8
337 15
337 14
337 5
338 6
338 28
340 20
340 4
340 29
345 9
345 19
346 8
346 23
348 5
348 7
352 1
352 4
352 18
353 11
354 11
354 3
357 12
357 3
357 22
358 12
359 20
359 24
359 8
360 7
360 23
360 8
361 18
361 15
361 28
363 8
363 4
364 27
367 6
367 23
368 19
368 29
368 17
370 7
370 16
372 14
372 23
375 29
375 17
375 22
376 8
376 12
377 18
377 18
380 12
381 18
381 13
384 1
385 10
385 6
385 16
386 1
387 23
388 13
389 13
390 18
390 18
392 23
396 7
396 9
397 17
397 15
400 5
400 2
403 16
403 24
406 16
406 24
406 4
410 27
410 17
410 16
411 26
411 9
413 10
413 12
417 8
417 28
417 2
418 29
418 16
418 7
419 14
419 4
425 11
426 13
427 2
427 23
427 25
428 14
428 7
428 13
429 10
430 16
433 2
434 19
434 3
436 22
436 3
436 14
437 13
437 18
441 3
441 14
442 15
442 4
447 13
447 26
447 12
449 19
450 3
451 30
455 5
455 28
455 30
457 10
457 19
458 26
459 1
459 7
460 7
462 13
462 29
462 28
464 24
464 3
471 14
474 4
475 24
477 17
477 15
479 5
479 11
482 20
482 27
482 6
483 28
483 17
483 5
485 28
485 4
485 5
486 11
487 3
487 23
489 4
489 15
489 20
491 23
491 13
491 13
492 20
493 21
494 10
494 6
496 21
496 21
496 21
498 2
499 22
499 28
501 3
501 28
502 24
506 7
506 6
506 19
509 19
509 15
510 10
510 15
511 19
511 19
513 11
513 4
517 29
517 6
517 8
519 16
520 15
520 22
523 24
524 8
524 26
524 25
526 21
526 20
526 9
527 2
528 30
528 28
528 19
531 5
531 26
532 10
532 27
534 6
537 16
537 10
537 20
541 5
548 29
548 24
549 4
549 25
549 24
550 9
551 28
551 22
551 16
553 27
554 18
561 12
561 5
562 24
564 24
564 15
565 12
565 3
565 25
566 21
570 9
570 3
572 9
572 28
573 21
573 19
573 30
575 3
576 1
577 21
578 15
584 2
585 21
585 5
586 18
586 21
589 17
589 30
593 28
595 24
595 2
595 23
596 14
596 3
600 24
600 1
600 18
607 11
611 5
613 7
613 27
615 9
615 17
615 25
617 18
617 13
619 9
619 20
619 6
620 22
620 15
620 16
622 6
624 3
624 27
624 29
628 16
630 21
630 19
631 7
631 28
631 10
633 29
633 22
633 8
634 26
636 6
636 11
636 6
638 7
638 20
639 10
639 15
640 16
640 2
642 1
642 8
642 3
644 21
644 2
646 5
650 26
650 17
650 16
651 26
651 3
653 6
656 13
656 15
657 12
658 2
658 28
659 9
661 15
661 14
662 26
662 18
663 3
666 19
670 11
672 13
672 24
673 6
673 5
675 22
678 20
678 18
679 21
681 1
681 25
681 28
682 8
682 14
682 14
683 10
683 23
685 28
687 11
689 2
689 15
690 1
690 24
693 2
694 4
696 29
697 8
697 10
698 1
698 20
699 6
701 18
701 25
701 4
703 30
703 2
706 8
706 4
706 19
707 3
709 23
709 25
712 18
712 20
715 30
715 21
715 12
718 19
721 24
721 18
721 25
723 3
723 25
724 12
724 19
727 18
728 25
728 27
728 28
730 3
730 28
731 18
731 6
732 14
734 11
734 17
734 1
735 30
735 7
736 24
736 11
737 27
737 18
738 28
738 23
738 11
739 9
740 9
740 18
741 15
743 11
744 20
744 13
745 27
746 10
746 15
749 29
749 20
754 22
754 21
756 1
756 17
763 25
763 3
763 5
764 10
764 12
766 26
766 3
766 5
767 7
767 11
767 13
768 13
768 1
768 11
769 22
769 21
771 4
771 16
771 13
772 3
772 27
772 1
775 9
775 29
780 16
781 20
781 28
781 10
782 17
784 10
784 17
787 21
787 15
791 11
791 17
791 25
792 16
792 11
792 13
793 4
793 16
794 19
794 29
796 7
796 3
796 9
799 22
799 20
803 3
805 12
805 18
808 22
810 7
810 4
810 6
813 18
814 10
814 15
814 9
817 19
817 27
817 2
818 26
818 22
818 23
821 17
821 9
824 12
824 4
825 3
825 12
826 22
828 11
832 12
832 24
836 24
836 7
836 26
837 20
838 23
838 22
838 16
841 16
845 11
847 17
847 5
851 15
851 27
852 9
852 13
856 21
856 29
856 2
858 13
858 29
861 4
861 17
861 6
862 21
862 9
862 3
863 17
865 28
865 28
865 8
867 23
868 29
868 27
876 25
876 6
878 28
878 30
878 3
879 17
879 1
879 2
881 5
883 1
883 16
883 2
887 6
887 25
887 18
888 17
888 28
891 2
892 10
893 3
893 22
894 7
894 29
896 19
896 8
896 7
897 6
897 21
903 7
903 3
905 8
912 10
912 4
913 22
913 8
913 25
919 26
919 17
919 24
921 4
921 2
922 22
924 28
925 29
925 13
925 2
926 5
926 16
929 25
929 19
929 6
932 1
934 4
934 27
936 1
936 5
937 11
938 6
939 15
939 30
939 13
945 21
945 18
946 4
946 26
950 12
950 21
956 20
957 9
957 18
959 12
960 5
960 19
961 19
961 14
961 26
962 26
962 13
964 28
964 19
964 9
966 29
967 8
969 3
970 7
972 23
972 1
972 18
974 6
974 18
974 14
975 24
975 28
976 4
976 7
977 19
981 29
981 26
981 6
982 26
982 12
983 30
983 24
984 13
984 22
984 13
988 10
990 22
990 4
990 23
991 19
992 24
992 13
994 17
994 12
994 24
995 18
995 4
999 17
999 14
999 27
1001 2
1001 13
1003 14
1003 26
1003 5
1004 14
1005 29
1005 7
1008 25
1016 10
1018 19
1018 23
1019 8
1019 18
1019 10
1020 10
1020 29
1020 19
1021 28
1021 9
1021 20
1024 21
1024 29
1025 14
1025 8
1026 27
1026 2
1026 12
1027 27
1027 7
1027 5
1028 2
1028 28
1029 1
1029 15
1029 2
1030 28
1030 20
1030 7
1032 15
1032 13
1032 4
1033 26
1037 5
1043 26
1047 17
1053 4
1053 28
1054 23
1054 21
1055 2
1055 29
1056 22
1058 8
1059 13
1059 22
1060 22
1061 15
1062 14
1065 28
1066 14
1066 25
1069 1
1069 21
1070 17
1070 20
1072 3
1072 30
1074 21
1075 15
1075 11
1075 26
1076 19
1076 10
1076 7
1077 18
1077 14
1079 10
1079 26
1087 5
1087 28
1087 7
1089 7
1089 30
1089 10
1091 19
1091 7
1091 27
1094 6
1094 19
1097 4
1097 16
1098 17
1099 1
1099 19
1101 23
1102 2
1103 21
1104 15
1104 2
1104 13
1107 6
1107 12
1109 21
1110 19
1114 1
1114 9
1114 16
1115 18
1115 4
1115 30
1116 3
1118 3
1118 22
1118 9
1119 17
1119 5
1119 2
1121 12
1121 18
1121 28
1123 19
1124 22
1124 25
1126 5
1127 15
1129 26
1130 19
1131 2
1131 30
1133 13
1133 26
1133 24
1135 3
1135 27
1135 6
1136 6
1136 29
1136 6
1140 8
1140 24
1141 14
1145 19
1145 11
1145 9
1147 1
1147 20
1147 14
1148 18
1148 8
1149 5
1149 17
1150 19
1153 15
1153 19
1153 5
1154 25
1155 11
1155 6
1155 16
1156 4
1156 12
1159 9
1159 18
1159 29
1160 8
1163 5
1163 28
1163 30
1165 23
1165 23
1166 28
1166 5
1168 21
1168 6
1168 10
1169 10
1170 29
1170 12
1172 13
1172 6
1174 29
1176 22
1178 17
1178 13
1181 22
1182 19
1182 13
1182 7
1183 26
1183 20
1183 19
1186 26
1186 17
1186 8
1187 30
1187 27
1188 4
1190 21
1190 30
1190 22
1192 25
1192 12
1192 4
1193 28
1193 13
1194 3
1194 15
1195 30
1195 10
1197 6
1197 19
1198 26
1198 16
1199 24
1201 26
1202 8
1202 19
1202 13
1203 13
1203 14
1205 9
1205 28
1205 11
1207 12
1209 13
1209 2
1209 9
1210 28
1210 20
1210 12
1212 20
1213 22
1215 1
1215 25
1216 30
1217 23
1217 16
1218 4
1218 13
1220 16
1221 12
1221 19
1223 10
1223 10
1223 17
1224 1
1224 15
1224 6
1226 16
1226 9
1226 29
1227 28
1227 27
1227 29
1234 8
1235 21
1235 25
1236 30
1237 25
1243 13
1243 19
1243 3
1244 13
1244 25
1245 10
1247 13
1247 15
1248 3
1250 13
1251 3
1252 27
1252 12
1252 21
1253 27
1253 2
1253 10
1257 7
1257 30
1257 5
1260 2
1262 30
1262 4
1262 16
1263 21
1266 14
1266 5
1266 19
1267 8
1267 12
1268 6
1268 17
1268 29
1270 18
1271 13
1272 14
1272 15
1272 11
1276 13
1276 25
1276 20
1277 1
1277 8
1278 23
1278 14
1281 10
1282 17
1282 13
1282 1
1288 8
1288 3
1288 3
1293 17
1293 19
1294 21
1294 17
1295 16
1295 4
1297 17
1297 16
1297 26
1298 25
1300 4
1300 7
1301 4
1301 26
1304 21
1305 12
1305 30
1306 7
1306 1
1306 6
1307 11
1308 7
1309 21
1309 21
1310 15
1311 21
1311 8
1311 4
1313 29
1313 12
1315 5
1315 24
1316 18
1317 14
1317 16
1317 9
1319 9
1319 5
1319 23
1320 10
1320 20
1321 18
1321 8
1321 28
1322 11
1322 16
1324 5
1324 21
1324 5
1326 16
1326 2
1327 27
1327 26
1328 15
1328 12
1328 14
1330 26
1335 28
1335 27
1335 17
1336 10
1336 11
1339 27
1339 11
1344 15
1344 13
1349 11
1350 20
1351 14
1351 29
1352 21
1354 12
1354 2
1357 20
1357 13
1358 3
1361 11
1363 24
1363 9
1364 14
1365 8
1365 26
1365 2
1367 8
1373 23
1373 26
1373 4
1375 14
1375 8
1377 14
1382 18
1382 29
1382 21
1383 19
1383 6
1383 9
1385 10
1389 1
1390 30
1390 23
1390 21
1393 9
1394 5
1394 6
1396 27
1398 30
1402 22
1404 15
1404 12
1404 17
1407 16
1412 27
1416 22
1417 17
1417 20
1417 8
1419 12
1419 24
1419 10
1420 9
1420 14
1421 3
1421 28
1424 10
1426 7
1426 5
1426 12
1428 5
1428 4
1432 29
1432 11
1432 24
1435 17
1437 13
1437 14
1439 4
1439 29
1440 8
1442 24
1442 16
1442 6
1447 3
1447 18
1448 28
1448 5
1448 19
1449 17
1449 4
1452 21
1452 7
1452 12
1455 18
1456 17
1456 26
1457 3
1457 13
1460 25
1460 17
1462 9
1462 25
1462 18
1463 9
1463 23
1465 27
1465 11
1465 28
1466 5
1466 12
1469 8
1469 29
1474 1
1474 9
1476 23
1476 22
1477 24
1477 8
1477 9
1481 11
1482 20
1482 4
1484 16
1484 24
1484 7
1487 30
1487 22
1488 1
1489 6
1490 28
1495 13
1496 25
1496 22
1496 24
1500 23
1500 25
1503 18
1503 25
1504 5
1508 23
1508 22
1510 14
1510 15
1510 15
1514 28
1517 27
1517 5
1517 2
1520 27
1520 2
1520 5
1521 22
1521 12
1522 6
1522 5
1522 29
1523 25
1527 1
1527 20
1527 11
1528 14
1529 18
1529 3
1529 13
1534 13
1534 12
1534 23
1536 6
1536 29
1537 11
1540 26
1540 11
1542 10
1542 1
1542 25
1543 16
1543 6
1544 13
1544 10
1545 5
1545 20
1546 27
1546 5
1546 12
1548 25
1550 18
1551 7
1552 22
1552 28
1552 30
1553 26
1558 19
1562 5
1562 9
1562 14
1565 29
1566 1
1566 16
1567 10
1567 4
1567 29
1570 29
1570 28
1574 16
1576 21
1577 20
1577 29
1577 4
1578 14
1578 13
1581 10
1581 18
1582 26
1584 18
1584 12
1584 28
1586 16
1590 15
1590 22
1592 25
1592 15
1594 7
1594 2
1596 23
1597 17
1597 20
1599 7
1599 6
1599 7
1600 8
1600 14
1602 26
1602 18
1603 14
1604 26
1604 16
1610 10
1610 2
1612 18
1612 30
1612 30
1613 30
1613 18
1613 15
1615 3
1615 26
1615 8
1617 1
1617 4
1620 7
1620 28
1626 25
1626 6
1626 24
1627 17
1627 5
1627 1
1629 29
1629 16
1629 9
1630 29
1631 3
1631 18
1632 2
1632 17
1632 27
1634 2
1635 7
1636 11
1636 29
1637 13
1637 3
1637 1
1638 15
1639 30
1642 5
1642 20
1643 15
1643 30
1644 13
1644 26
1646 11
1646 17
1646 28
1647 4
1651 9
1655 13
1655 11
1655 11
1658 23
1658 30
1659 15
1659 18
1660 5
1660 3
1664 27
1664 14
1665 1
1665 6
1666 24
1666 17
1666 1
1667 2
1668 14
1668 30
1669 15
1669 21
1669 27
1671 22
1671 27
1673 25
1673 27
1675 26
1676 13
1677 29
1677 1
1677 27
1678 17
1678 3
1678 29
1682 27
1682 12
1686 7
1690 12
1690 26
1692 28
1692 24
1692 18
1694 8
1694 29
1694 2
1697 27
1697 18
1701 9
1701 28
1702 10
1702 22
1704 15
1705 28
1706 28
1707 18
1707 29
1707 17
1708 20
1708 23
1708 18
1709 25
1709 17
1712 19
1714 13
1714 13
1715 5
1715 17
1717 9
1717 25
1717 25
1719 22
1719 7
1719 7
1720 2
1720 16
1721 18
1724 20
1724 3
1726 1
1726 24
1727 2
1729 15
1729 20
1729 27
1732 16
1732 29
1732 21
1735 19
1735 5
1736 30
1741 10
1741 27
1742 8
1742 30
1742 18
1743 27
1743 11
1743 13
1745 8
1745 18
1749 21
1750 28
1750 30
1750 17
1751 21
1751 8
1757 13
1757 2
1758 21
1758 10
1759 12
1760 28
1760 16
1762 16
1762 4
1763 4
1763 12
1763 27
1765 16
1765 23
1771 20
1771 22
1772 2
1772 16
1772 30
1778 4
1778 7
1780 13
1781 7
1782 9
1784 7
1786 2
1786 22
1786 3
1787 24
1788 17
1788 27
1789 12
1789 15
1790 12
1790 27
1790 30
1794 5
1794 26
1796 15
1796 9
1797 6
1797 23
1799 20
1799 18
1802 28
1802 15
1803 15
1803 19
1806 19
1806 3
1806 2
1807 14
1807 27
1809 19
1809 10
1810 7
1813 11
1814 23
1814 18
1817 11
1818 28
1821 6
1821 11
1822 26
1822 16
1822 11
1824 12
1826 29
1826 21
1827 28
1827 6
1827 3
1830 8
1830 6
1830 18
1831 18
1832 22
1833 16
1833 21
1834 8
1834 18
1837 25
1837 15
1839 7
1841 25
1846 29
1848 26
1848 23
1850 27
1850 19
1850 19
1852 27
1854 11
1855 20
1855 23
1855 19
1857 8
1857 14
1857 21
1858 24
1858 8
1858 22
1859 6
1859 19
1859 2
1861 17
1861 1
1862 10
1862 20
1862 4
1863 18
1867 1
1867 11
1867 23
1869 22
1869 19
1869 23
1870 7
1870 3
1870 4
1871 14
1871 24
1871 10
1872 23
1872 4
1874 9
1875 13
1875 30
1880 27
1880 1
1881 22
1881 1
1883 29
1883 8
1883 16
1886 4
1886 10
1888 16
1892 5
1893 6
1893 22
1893 28
1895 28
1897 14
1897 26
1898 5
1898 12
1898 14
1899 7
1902 9
1903 4
1903 30
1906 16
1906 13
1907 27
1907 25
1907 29
1909 30
1909 10
1909 7
1910 20
1910 2
1911 21
1911 29
1911 18
1913 20
1913 24
1913 20
1915 13
1915 2
1916 22
1917 8
1918 26
1919 12
1919 28
1920 27
1920 25
1920 10
1923 10
1923 12
1923 14
1927 6
1927 16
1927 25
1932 26
1932 28
1933 20
1934 3
1934 7
1934 25
1936 18
1937 21
1937 28
1938 19
1938 17
1939 21
1941 5
1941 12
1941 19
1943 30
1943 23
1943 22
1944 14
1947 13
1951 8
1953 20
1953 27
1953 8
1956 1
1957 23
1957 30
1958 6
1958 15
1962 5
1964 22
1964 22
1964 16
1966 1
1967 16
1967 3
1967 23
1968 24
1968 26
1968 15
1970 28
1970 1
1971 29
1971 8
1972 20
1972 29
1973 28
1973 9
1974 18
1974 13
1974 5
1976 3
1977 3
1977 25
1977 2
1979 17
1981 29
1981 25
1982 20
1982 4
1983 5
1986 6
1986 21
1986 16
1994 10
1994 6
1997 18
1997 22
1999 15
1999 6
2001 16
2001 24
2002 16
2002 4
2004 13
2005 23
2005 9
2005 27
2010 9
2010 22
2010 27
2012 23
2012 24
2014 10
2014 6
2014 23
2015 2
2015 20
2015 11
2024 9
2025 24
2032 4
2032 18
2033 2
2033 20
2034 2
2034 14
2034 15
2036 13
2037 6
2038 28
2038 2
2038 9
2041 29
2041 21
2041 29
2042 17
2042 30
2042 17
2046 16
2048 18
2051 5
2051 14
2052 21
2052 5
2052 2
2053 19
2053 14
2057 1
2059 15
2059 5
2060 25
2062 18
2062 10
2062 8
2063 27
2063 24
2063 22
2067 6
2067 14
2071 24
2071 6
2075 5
2078 13
2080 16
2080 11
2082 12
2082 24
2083 30
2083 6
2084 23
2084 23
2084 2
2087 16
2087 30
2087 4
2089 8
2098 30
2098 30
2098 30
2100 14
2101 23
2101 29
2101 20
2102 13
2102 19
2105 29
2105 11
2105 28
2106 19
2107 2
2107 1
2109 23
2111 16
2111 27
2111 6
2114 3
2117 29
2120 15
2122 17
2122 23
2122 1
2123 6
2124 23
2124 19
2126 10
2128 16
2128 26
2129 2
2130 11
2130 24
2130 7
2131 25
2131 11
2133 13
2133 9
2135 24
2135 17
2137 26
2137 30
2137 20
2138 14
2138 18
2138 9
2140 8
2141 7
2141 24
2143 6
2143 20
2143 4
2144 9
2145 21
2145 26
2148 25
2148 2
2148 11
2149 14
2150 25
2150 9
2150 1
2153 28
2153 12
2155 9
2155 19
2162 27
2162 29
2162 16
2163 2
2163 18
2164 15
2164 4
2166 24
2166 6
2166 14
2168 25
2168 7
2172 22
2172 15
2174 9
2174 14
2174 17
2177 8
2177 15
2177 23
2180 13
2180 10
2180 14
2183 1
2183 22
2185 24
2185 11
2186 6
2186 17
2186 14
2188 22
2188 27
2188 14
2196 28
2196 16
2196 25
2197 16
2197 12
2197 13
2198 11
2198 12
2200 1
2200 24
2200 11
2201 25
2201 10
2201 6
2205 10
2206 24
2206 11
2207 8
2210 25
2210 4
2210 4
2211 11
2211 5
2212 11
2213 29
2213 8
2216 11
2216 1
2216 30
2218 1
2218 15
2219 16
2219 20
2219 5
2222 28
2222 14
2222 5
2226 19
2226 25
2230 4
2230 2
2230 4
2231 9
2232 26
2232 26
2232 26
2233 21
2233 7
2234 15
2234 12
2237 24
2237 21
2238 4
2238 5
2238 1
2239 20
2239 8
2241 11
2241 30
2242 12
2244 28
2246 2
2246 30
2248 15
2249 16
2249 1
2249 30
2251 21
2251 3
2251 26
2252 27
2252 21
2253 25
2253 28
2253 2
2254 4
2254 2
2254 23
2255 5
2255 15
2259 1
2259 28
2259 22
2260 15
2260 11
2260 11
2261 18
2261 18
2261 18
2263 16
2263 13
2263 14
2264 3
2264 15
2265 8
2265 12
2266 30
2266 21
2268 30
2268 16
2268 12
2270 23
2270 19
2271 7
2272 3
2272 17
2272 11
2274 7
2274 13
2274 18
2277 15
2277 16
2279 2
2280 3
2280 15
2281 30
2281 29
2282 14
2282 9
2282 23
2283 29
2283 12
2283 7
2285 2
2286 4
2286 16
2286 20
2287 15
2287 10
2289 8
2289 8
2292 24
2292 1
2298 21
2298 16
2299 26
2302 6
2303 13
2307 19
2308 12
2308 17
2309 19
2312 3
2312 21
2312 26
2313 12
2313 1
2315 23
2315 25
2315 9
2318 7
2320 22
2320 30
2321 8
2329 19
2330 21
2331 13
2334 4
2334 20
2337 2
2337 3
2338 1
2342 1
2343 27
2345 15
2345 15
2347 26
2349 11
2349 20
2350 15
2350 21
2350 30
2351 4
2351 10
2354 29
2354 21
2354 26
2359 8
2361 19
2361 16
2361 13
2362 18
2365 23
2365 29
2370 9
2370 20
2375 25
2378 9
2378 7
2379 7
2379 8
2385 22
2387 18
2390 29
2392 10
2394 25
2394 18
2394 16
2395 4
2396 28
2396 16
2396 24
2400 21
2400 30
2400 1
2402 7
2402 14
2402 30
2403 12
2403 18
2403 25
2404 18
2404 25
2407 2
2407 27
2409 4
2409 12
2410 12
2411 5
2411 17
2412 24
2412 5
2412 16
2416 17
2416 5
2416 8
2417 11
2417 6
2418 29
2418 6
2419 24
2421 22
2423 9
2423 6
2425 23
2427 18
2427 28
2429 24
2430 4
2431 10
2431 22
2432 25
2432 10
2433 12
2433 6
2433 1
2434 13
2440 19
2441 13
2441 22
2441 30
2442 22
2442 26
2442 23
2443 15
2443 8
2443 15
2446 4
2446 15
2448 14
2451 28
2451 2
2454 1
2454 9
2455 1
2455 3
2458 25
2458 23
2458 18
2461 30
2461 11
2462 17
2462 2
2462 23
2465 29
2468 12
2468 10
2471 1
2471 6
2475 11
2479 15
2479 9
2479 18
2480 16
2480 27
2480 7
2481 22
2481 29
2483 16
2483 21
2483 17
2485 13
2488 9
2488 17
2489 26
2489 22
2491 30
2491 22
2491 16
2492 21
2492 23
2493 4
2493 25
2494 30
2494 17
2494 27
2495 25
2497 10
2497 10
2498 28
2500 6
2500 9
2507 19
2508 15
2513 29
2516 15
2516 1
2517 24
2517 27
2519 4
2519 1
2521 11
2523 4
2523 18
2524 4
2524 19
2528 1
2530 13
2531 16
2531 1
2531 17
2534 29
2534 30
2534 14
2535 30
2535 10
2535 4
2538 16
2539 20
2539 17
2543 11
2543 25
2545 13
2548 29
2548 23
2548 20
2549 8
2550 11
2551 15
2551 9
2552 3
2552 8
2555 15
2557 13
2557 11
2560 6
2560 3
2564 21
2564 5
2565 29
2565 6
2565 3
2567 7
2567 3
2568 4
2568 29
2568 28
2570 19
2571 4
2572 13
2572 18
2577 14
2577 4
2579 1
2579 14
2580 13
2587 18
2587 13
2589 26
2590 30
2592 4
2592 7
2592 24
2593 5
2593 25
2594 29
2594 12
2596 9
2600 16
2600 21
2601 16
2601 3
2602 19
2604 29
2606 16
2606 14
2606 2
2609 25
2609 9
2609 1
2610 18
2610 18
2611 3
2612 8
2612 3
2612 18
2614 7
2614 28
2614 29
2615 17
2615 24
2616 25
2616 2
2617 7
2621 3
2622 28
2626 30
2626 17
2626 6
2628 30
2628 24
2633 14
2633 8
2633 21
2634 6
2634 1
2635 23
2635 4
2635 25
2636 20
2636 14
2636 17
2638 10
2638 19
2641 16
2643 4
2643 29
2643 4
2645 25
2645 2
2645 11
2647 18
2647 21
2648 9
2650 20
2650 16
2650 14
2652 20
2654 2
2654 20
2654 4
2656 19
2657 13
2657 30
2660 20
2660 30
2662 18
2662 19
2663 5
2663 11
2664 14
2664 1
2666 18
2666 7
2666 10
2669 11
2669 28
2672 29
2672 16
2676 23
2676 4
2676 12
2677 5
2679 18
2679 17
2680 6
2680 27
2680 12
2681 19
2681 8
2683 28
2685 27
2685 13
2685 6
2686 27
2686 12
2686 15
2688 29
2688 23
2688 18
2689 6
2689 20
2691 7
2691 18
2691 17
2693 14
2694 15
2694 8
2694 5
2697 4
2697 3
2699 11
2699 7
2699 10
2702 29
2702 7
2702 10
2703 16
2703 8
2704 16
2706 29
2706 2
2714 26
2714 19
2717 25
2717 5
2718 4
2718 15
2718 21
2724 11
2724 11
2726 8
2726 18
2729 26
2730 15
2730 20
2730 21
2737 5
2737 7
2739 22
2739 8
2742 21
2742 21
2742 22
2744 18
2744 16
2744 29
2745 4
2746 17
2747 18
2747 26
2751 13
2752 11
2752 21
2752 15
2753 12
2754 8
2754 23
2755 24
2756 9
2757 1
2758 15
2761 5
2761 18
2762 13
2763 13
2763 3
2765 10
2766 15
2768 14
2768 1
2769 19
2769 22
2769 14
2771 27
2771 28
2777 11
2777 8
2777 29
2778 30
2778 30
2778 13
2780 28
2780 10
2781 21
2781 19
2782 29
2782 25
2783 6
2785 21
2785 5
2786 15
2788 14
2788 27
2788 16
2789 25
2789 5
2789 7
2793 27
2793 30
2797 9
2797 2
2798 29
2799 2
2799 4
2799 11
2801 12
2801 13
2801 29
2802 8
2802 22
2803 25
2803 7
2804 9
2807 3
2809 24
2810 20
2812 23
2812 16
2812 15
2813 25
2813 6
2814 3
2814 23
2815 12
2815 19
2815 25
2819 30
2820 23
2820 18
2822 4
2824 15
2824 25
2824 8
2825 18
2825 8
2826 21
2826 3
2829 22
2829 12
2832 25
2832 6
2832 16
2842 9
2842 13
2842 5
2843 11
2843 28
2843 4
2844 1
2847 30
2853 1
2853 8
2854 5
2856 6
2859 26
2859 5
2859 30
2860 10
2860 18
2860 4
2863 19
2864 1
2866 8
2866 25
2869 13
2869 29
2869 18
2874 9
2874 28
2875 11
2875 25
2875 3
2876 27
2877 22
2877 19
2878 8
2878 25
2878 20
2879 6
2881 17
2881 15
2881 5
2882 24
2883 11
2884 5
2884 6
2884 24
2887 27
2889 13
2890 21
2890 29
2890 28
2891 18
2891 7
2892 17
2892 5
2893 28
2893 27
2894 2
2894 13
2898 16
2898 25
2900 29
2900 24
2900 22
2903 24
2904 21
2905 29
2908 29
2908 25
2910 30
2913 28
2913 9
2913 15
2915 13
2916 23
2917 24
2918 1
2918 5
2920 27
2920 18
2920 12
2921 1
2921 11
2922 1
2922 13
2925 8
2925 5
2925 8
2926 6
2926 23
2926 3
2928 14
2928 8
2930 15
2930 2
2930 13
2932 10
2933 16
2933 6
2936 10
2941 28
2943 9
2943 8
2944 17
2945 3
2945 11
2945 11
2946 14
2946 3
2946 18
2948 16
2950 16
2950 21
2950 15
2951 25
2955 12
2962 8
2963 19
2964 10
2964 10
2965 23
2965 29
2965 17
2969 23
2969 9
2971 23
2972 21
2972 10
2973 4
2974 16
2974 25
2975 7
2976 8
2976 7
2979 12
2979 3
2981 26
2983 23
2984 27
2985 25
2987 16
2987 17
2989 30
2989 26
2989 30
2991 8
2991 3
2991 29
2993 2
2993 13
2995 19
3000 16
3000 8
3001 18
3001 17
3001 5
3002 7
3002 2
3004 14
3005 7
3008 22
3009 18
3009 4
3009 12
3010 8
3010 19
3012 18
3012 20
3013 29
3014 19
3018 19
3018 9
3022 19
3022 21
3023 3
3023 19
3024 27
3025 8
3025 25
3028 23
3028 1
3030 2
3036 7
3038 12
3038 8
3039 15
3039 25
3041 25
3041 15
3041 16
3043 25
3044 18
3044 17
3047 7
3047 8
3050 11
3050 10
3050 11
3052 18
3052 17
3053 30
3054 12
3054 9
3058 6
3058 22
3058 23
3060 16
3060 20
3061 2
3061 30
3061 10
3062 7
3062 29
3064 2
3064 8
3067 7
3067 9
3070 11
3070 5
3070 18
3072 10
3073 28
3073 8
3076 23
3076 11
3076 3
3081 3
3081 27
3081 28
3082 19
3082 24
3084 1
3084 26
3084 23
3085 2
3086 6
3087 5
3087 22
3087 18
3088 21
3088 13
3088 18
3089 17
3089 20
3089 25
3090 18
3090 18
3092 22
3092 11
3092 29
3093 2
3093 22
3093 11
3095 2
3095 7
3097 27
3099 3
3100 1
3102 15
3102 3
3103 8
3103 20
3106 16
3107 30
3109 28
3109 18
3109 25
3112 12
3112 20
3112 14
3115 8
3115 11
3115 17
3116 13
3116 6
3116 4
3117 6
3117 11
3117 19
3118 27
3118 10
3119 9
3119 8
3119 19
3121 12
3121 25
3121 13
3122 8
3122 18
3124 10
3124 21
3129 4
3131 16
3131 12
3131 30
3132 3
3132 2
3134 30
3134 22
3136 16
3136 3
3136 14
3141 25
3143 17
3143 28
3143 3
3145 9
3145 28
3145 19
3146 25
3146 21
3146 19
3147 5
3149 28
3149 22
3149 1
3150 30
3150 9
3151 12
3151 7
3151 2
3152 8
3152 11
3153 3
3154 25
3154 13
3154 4
3155 30
3155 22
3156 2
3157 11
3157 6
3160 10
3163 26
3163 24
3166 18
3166 20
3166 24
3167 4
3168 5
3168 24
3171 25
3173 8
3173 22
3174 4
3175 29
3178 24
3178 25
3178 24
3179 1
3179 12
3180 6
3180 13
3180 23
3181 28
3182 25
3183 7
3185 19
3185 9
3185 13
3187 27
3187 17
3187 14
3189 24
3189 25
3189 24
3190 14
3190 3
3191 2
3191 6
3192 9
3192 18
3197 4
3197 29
3204 26
3205 7
3205 14
3205 11
3206 15
3206 16
3206 20
3207 19
3207 10
3207 29
3209 4
3209 3
3212 13
3212 23
3213 24
3214 22
3216 27
3216 12
3217 26
3217 5
3217 20
3218 28
3218 17
3219 2
3220 12
3220 23
3224 12
3225 22
3225 7
3225 20
3227 16
3229 5
3229 21
3229 28
3231 11
3234 16
3237 7
3238 3
3239 24
3241 30
3241 21
3241 3
3242 2
3242 9
3245 8
3245 3
3245 15
3246 25
3247 30
3247 8
3248 12
3248 5
3251 20
3251 14
3251 6
3253 28
3254 8
3254 1
3259 19
3259 21
3259 24
3260 3
3260 6
3263 3
3263 10
3263 1
3264 7
3264 24
3265 11
3265 13
3265 5
3267 25
3267 12
3269 16
3274 19
3276 21
3276 12
3276 17
3277 28
3279 9
3280 19
3280 24
3282 19
3283 6
3284 16
3285 28
3287 2
3287 20
3292 29
3292 17
3292 15
3294 14
3294 7
3294 9
3298 8
3298 29
3299 10
3299 21
3300 1
3301 7
3301 14
3301 1
3302 19
3303 10
3306 24
3307 9
3307 2
3307 9
3308 27
3308 27
3309 23
3309 29
3312 8
3312 30
3314 15
3316 28
3321 27
3321 5
3321 20
3325 7
3327 18
3327 1
3329 3
3329 5
3332 30
3332 25
3332 28
3333 11
3338 5
3339 17
3339 10
3339 14
3342 16
3342 19
3342 7
3345 23
3345 3
3345 16
3347 28
3347 4
3348 13
3348 29
3349 1
3351 22
3352 6
3354 23
3354 10
3355 11
3355 2
3355 18
3356 21
3358 26
3358 27
3358 28
3359 28
3359 30
3359 5
3361 6
3361 16
3361 21
3362 11
3362 26
3362 19
3363 11
3363 15
3363 27
3364 13
3365 23
3365 14
3365 12
3366 11
3366 13
3367 22
3372 12
3372 1
3372 21
3374 16
3374 26
3374 29
3375 22
3375 15
3375 26
3376 12
3376 24
3378 10
3378 3
3378 30
3380 22
3380 24
3380 13
3391 20
3391 3
3391 10
3394 10
3396 17
3396 5
3396 29
3400 14
3400 4
3400 9
3402 8
3403 19
3403 27
3404 2
3404 25
3405 12
3406 30
3408 1
3408 24
3409 2
3409 5
3411 2
3416 25
3416 28
3416 24
3417 3
3418 28
3418 17
3419 7
3419 8
3421 15
3421 30
3421 2
3424 22
3424 18
3425 6
3425 4
3425 3
3428 4
3428 1
3428 28
3429 6
3429 5
3429 6
3430 9
3430 17
3430 27
3432 24
3439 16
3441 8
3445 20
3450 20
3450 23
3451 21
3451 8
3451 20
3452 12
3452 1
3452 7
3453 20
3453 23
3454 22
3454 16
3455 27
3455 29
3455 25
3456 22
3456 24
3457 27
3457 30
3457 28
3460 4
3460 17
3460 15
3461 6
3461 27
3462 3
3462 30
3462 13
3465 27
3465 20
3466 29
3468 2
3468 22
3469 14
3470 29
3470 9
3470 18
3471 27
3474 28
3476 20
3476 25
3480 16
3480 13
3480 3
3481 14
3481 7
3485 9
3485 28
3485 27
3486 5
3493 17
3493 12
3493 19
3495 9
3498 2
3498 27
3498 23
3499 2
3499 30
3501 21
3501 25
3503 12
3503 22
3505 1
3505 6
3505 21
3506 11
3507 30
3512 10
3512 1
3513 7
3513 23
3513 14
3515 28
3515 28
3515 19
3517 28
3517 11
3517 28
3518 17
3518 28
3519 29
3520 23
3522 3
3523 27
3524 30
3524 15
3528 9
3529 21
3529 7
3529 26
3532 16
3532 1
3536 30
3540 5
3540 14
3541 29
3543 23
3543 26
3546 22
3546 25
3546 5
3547 10
3550 9
3550 4
3553 25
3554 17
3554 16
3554 24
3556 9
3556 26
3556 11
3557 2
3557 11
3557 15
3559 8
3563 7
3563 1
3564 5
3565 5
3567 5
3567 25
3567 9
3570 4
3570 28
3570 27
3571 7
3573 30
3575 15
3575 6
3575 9
3578 30
3578 23
3578 19
3579 4
3579 7
3580 16
3580 21
3585 25
3586 12
3586 8
3587 1
3587 5
3587 9
3588 5
3592 25
3592 21
3593 27
3593 29
3594 22
3594 13
3598 29
3598 25
3598 22
3602 27
3602 20
3604 8
3604 1
3604 18
3605 19
3605 23
3605 21
3606 26
3611 18
3611 26
3613 19
3615 19
3615 8
3615 20
3616 20
3617 14
3617 11
3624 21
3624 14
3624 17
3630 20
3630 17
3631 26
3631 9
3631 21
3633 9
3633 24
3635 7
3635 5
3635 28
3636 24
3636 25
3636 2
3638 15
3638 9
3638 7
3640 17
3641 28
3642 14
3643 25
3643 2
3644 9
3644 4
3645 23
3645 23
3645 10
3646 26
3646 4
3646 15
3647 9
3648 19
3648 9
3652 26
3652 5
3654 2
3656 18
3656 29
3657 17
3657 16
3658 2
3658 26
3660 18
3660 5
3660 21
3661 5
3661 29
3667 25
3668 16
3668 6
3668 23
3674 16
3674 21
3674 17
3675 2
3675 22
3676 5
3678 2
3678 23
3678 30
3682 16
3682 24
3682 8
3684 13
3684 8
3684 28
3687 23
3687 2
3687 29
3692 24
3693 17
3693 12
3693 10
3697 7
3697 22
3697 18
3700 28
3701 18
3701 30
3701 15
3702 12
3704 23
3705 2
3705 28
3709 8
3710 19
3710 10
3711 21
3711 4
3715 5
3716 13
3719 16
3721 25
3722 20
3723 4
3723 15
3725 21
3726 17
3726 5
3726 26
3730 18
3730 4
3734 4
3734 8
3734 3
3735 29
3735 25
3735 3
3737 20
3737 5
3738 27
3738 2
3739 6
3742 13
3747 24
3747 24
3747 17
3748 20
3748 5
3750 3
3750 13
3750 12
3752 21
3752 26
3752 26
3753 19
3753 16
3754 11
3754 30
3754 1
3755 23
3756 15
3756 14
3757 1
3757 26
3757 17
3758 1
3758 15
3762 17
3763 7
3767 30
3768 17
3768 19
3768 27
3771 19
3771 20
3772 25
3772 28
3774 13
3774 16
3774 27
3776 5
3776 30
3779 19
3780 21
3781 6
3782 18
3784 21
3787 5
3788 4
3788 14
3795 9
3797 3
3797 4
3797 28
3803 3
3804 3
3804 14
3804 15
3805 7
3805 19
3806 14
3806 1
3807 7
3808 6
3809 6
3813 5
3813 10
3813 25
3814 17
3814 21
3815 22
3815 19
3815 3
3819 8
3820 11
3820 1
3821 20
3822 27
3823 10
3823 29
3823 24
3825 16
3825 29
3825 18
3827 20
3828 5
3828 3
3831 19
3831 30
3831 18
3834 16
3834 26
3834 24
3835 11
3835 27
3837 1
3837 10
3838 30
3838 4
3840 18
3842 11
3842 14
3842 8
3844 7
3844 11
3845 17
3845 10
3845 23
3846 24
3846 15
3846 27
3847 1
3850 20
3850 19
3850 11
3851 18
3852 20
3852 6
3853 24
3854 16
3854 26
3856 13
3856 20
3858 16
3858 25
3861 23
3861 24
3863 1
3863 11
3863 26
3864 1
3865 8
3865 10
3867 3
3867 25
3867 13
3871 23
3872 3
3872 13
3872 3
3873 2
3873 7
3873 13
3874 30
3874 19
3874 3
3876 18
3877 2
3877 14
3878 9
3878 2
3878 9
3880 4
3880 16
3883 7
3883 13
3883 9
3887 10
3889 9
3890 25
3891 19
3891 21
3893 2
3896 18
3896 24
3896 26
3900 11
3900 29
3900 25
3904 5
3904 1
3907 3
3909 6
3910 26
3910 22
3912 28
3912 24
3912 27
3914 14
3915 16
3915 25
3915 2
3918 28
3920 2
3922 11
3922 28
3922 8
3923 7
3925 23
3925 3
3925 25
3926 23
3928 18
3930 16
3930 2
3933 12
3934 7
3937 20
3937 16
3938 12
3938 23
3940 28
3940 24
3941 22
3941 20
3943 14
3944 17
3944 19
3946 25
3946 21
3946 22
3951 26
3951 2
3954 15
3954 2
3955 11
3955 21
3955 14
3960 4
3960 19
3960 8
3961 25
3961 5
3962 26
3962 1
3964 7
3964 23
3964 9
3965 11
3965 23
3966 14
3966 30
3967 9
3969 15
3969 19
3969 22
3970 20
3970 13
3970 10
3973 14
3973 30
3974 11
3975 19
3975 9
3976 5
3981 2
3981 21
3982 18
3982 19
3982 17
3985 19
3987 17
3987 8
3987 27
3989 2
3992 24
3998 12
3998 26
3998 12
3999 19
3999 18
4000 12
4000 24
4000 5
4002 28
4003 5
4004 5
4011 15
4013 1
4013 18
4013 12
4014 25
4014 30
4014 25
4016 29
4020 3
4026 27
4026 22
4026 5
4027 4
4027 7
4030 12
4030 23
4030 4
4032 1
4032 20
4032 26
4033 14
4033 7
4033 21
4036 23
4037 23
4039 6
4040 23
4041 5
4041 11
4041 23
4043 28
4043 19
4043 20
4044 19
4044 22
4048 13
4048 25
4049 22
4050 27
4053 21
4053 12
4054 23
4054 18
4054 6
4057 8
4057 3
4059 6
4059 21
4060 21
4061 16
4061 14
4061 20
4062 9
4064 21
4064 21
4066 6
4066 17
4066 8
4067 18
4067 16
4069 19
4069 21
4069 4
4072 11
4074 17
4076 6
4077 5
4081 12
4081 19
4081 29
4082 9
4082 7
4084 23
4086 7
4086 4
4089 13
4089 12
4089 28
4090 19
4091 27
4091 8
4091 19
4095 18
4095 30
4095 1
4098 11
4098 18
4098 13
4100 16
4100 18
4100 30
4101 18
4103 13
4103 6
4104 9
4104 9
4104 13
4105 3
4105 9
4105 8
4107 19
4108 4
4108 21
4114 30
4115 14
4116 1
4116 10
4116 26
4119 6
4119 25
4120 1
4120 1
4121 12
4129 6
4129 24
4130 8
4130 1
4132 11
4133 15
4133 17
4137 20
4139 26
4139 7
4140 5
4140 7
4140 17
4142 7
4142 15
4142 5
4143 13
4143 3
4143 7
4145 14
4145 6
4145 19
4149 22
4149 9
4149 6
4150 29
4150 13
4150 26
4151 11
4151 17
4151 23
4156 30
4156 29
4156 24
4157 28
4157 14
4158 7
4159 17
4161 1
4161 28
4161 25
4162 10
4162 17
4162 27
4163 25
4163 1
4166 9
4170 13
4170 11
4172 23
4172 20
4172 30
4176 27
4176 29
4180 25
4180 28
4180 16
4184 3
4184 16
4184 15
4189 23
4189 11
4191 23
4191 10
4192 25
4192 19
4193 16
4193 18
4193 21
4194 2
4194 22
4194 23
4199 1
4199 24
4199 23
4201 5
4203 12
4205 24
4206 18
4208 18
4208 20
4212 14
4212 9
4212 20
4214 23
4218 5
4219 17
4220 16
4220 7
4220 25
4222 21
4222 12
4223 26
4228 12
4228 8
4228 13
4229 30
4229 21
4229 23
4231 14
4231 5
4231 25
4233 5
4233 2
4234 22
4238 9
4238 27
4242 6
4242 15
4242 11
4243 4
4243 12
4244 4
4246 28
4246 11
4248 25
4252 16
4252 19
4252 16
4253 26
4257 9
4257 15
4259 29
4261 11
4261 4
4261 24
4262 13
4262 28
4262 4
4263 5
4263 17
4264 1
4264 28
4264 13
4269 23
4269 22
4270 9
4270 6
4271 18
4272 28
4272 4
4276 21
4276 3
4276 10
4282 10
4282 15
4284 22
4284 23
4284 3
4287 26
4288 19
4288 21
4289 7
4289 21
4289 6
4291 26
4295 22
4295 5
4295 14
4298 1
4298 26
4298 4
4301 7
4301 2
4302 28
4302 27
4302 30
4304 3
4304 27
4305 14
4305 28
4305 30
4309 18
4309 3
4309 1
4310 29
4310 9
4313 16
4313 2
4313 2
4315 15
4315 18
4315 9
4317 26
4317 19
4319 28
4319 22
4319 28
4320 19
4329 18
4329 25
4329 21
4330 13
4330 5
4330 27
4331 8
4332 27
4332 25
4336 18
4336 18
4338 22
4341 11
4343 8
4345 9
4349 13
4349 15
4352 13
4352 10
4352 19
4353 27
4355 24
4358 4
4358 18
4361 20
4361 16
4364 15
4364 18
4365 22
4365 11
4365 7
4370 10
4371 26
4372 23
4372 29
4375 11
4375 21
4378 19
4380 19
4380 30
4380 24
4381 18
4381 2
4381 22
4382 9
4382 21
4382 27
4383 17
4383 16
4384 9
4384 25
4385 29
4385 9
4385 26
4386 18
4386 21
4386 19
4388 4
4389 4
4390 30
4390 16
4392 30
4393 2
4394 17
4396 18
4397 2
4397 10
4398 28
4398 10
4399 11
4399 8
4403 16
4405 13
4405 4
4406 15
4406 14
4406 5
4410 3
4410 16
4410 16
4413 29
4413 30
4413 25
4416 15
4417 25
4417 5
4418 14
4421 18
4422 15
4422 8
4423 19
4423 14
4426 11
4426 10
4427 12
4430 14
4430 11
4432 29
4432 23
4432 24
4434 12
4434 3
4434 5
4438 11
4441 26
4441 22
4442 22
4442 14
4442 9
4443 10
4443 8
4444 22
4446 15
4446 27
4451 12
4451 20
4452 18
4452 12
4452 3
4453 30
4455 15
4457 5
4460 21
4460 3
4460 11
4461 16
4461 6
4463 14
4463 16
4463 11
4466 13
4466 13
4466 22
4467 12
4467 30
4467 24
4469 29
4469 27
4469 19
4470 13
4470 25
4472 29
4474 11
4474 13
4474 20
4477 30
4477 8
4477 4
4478 30
4478 25
4480 3
4480 12
4483 9
4483 3
4484 1
4484 5
4484 13
4485 11
4485 30
4485 24
4489 4
4489 5
4489 30
4491 29
4491 27
4491 17
4496 22
4496 7
4496 25
4498 14
4498 15
4500 24
4500 25
4501 5
4503 7
4506 9
4509 19
4513 10
4513 9
4515 23
4515 18
4515 10
4518 22
4519 15
4522 18
4522 18
4522 23
4524 18
4524 20
4524 20
4526 1
4527 16
4527 28
4527 9
4528 11
4528 15
4530 7
4530 10
4530 17
4531 12
4532 17
4534 6
4534 16
4535 27
4537 25
4537 2
4537 24
4540 23
4540 3
4540 11
4541 9
4544 16
4544 18
4544 23
4545 13
4545 6
4545 6
4547 26
4549 25
4550 5
4551 14
4551 7
4552 4
4556 13
4556 28
4556 3
4558 18
4559 6
4561 26
4561 13
4562 5
4562 11
4564 27
4570 2
4574 10
4574 6
4575 1
4575 13
4575 16
4576 7
4577 12
4579 9
4579 29
4579 24
4580 10
4580 4
4581 18
4581 2
4582 5
4582 21
4583 1
4583 19
4584 12
4584 5
4585 22
4586 6
4586 24
4588 16
4589 27
4590 29
4590 5
4591 5
4591 23
4591 10
4592 13
4594 27
4595 18
4595 11
4596 2
4598 4
4599 15
4599 23
4599 29
4600 14
4600 3
4603 16
4604 29
4605 14
4605 24
4606 4
4606 29
4606 29
4608 17
4610 11
4610 19
4613 14
4613 15
4619 20
4620 25
4620 19
4620 23
4621 27
4621 5
4622 26
4625 16
4625 18
4628 18
4628 27
4628 27
4629 27
4629 22
4630 29
4630 21
4632 5
4632 3
4632 25
4635 16
4636 20
4636 26
4636 3
4639 18
4639 15
4641 15
4644 29
4649 11
4651 24
4651 17
4654 13
4654 26
4656 5
4656 19
4658 5
4659 24
4659 24
4661 7
4661 15
4661 17
4662 7
4664 8
4668 20
4668 9
4669 4
4669 22
4670 28
4670 15
4670 12
4674 6
4675 14
4675 13
4675 13
4676 19
4676 14
4679 12
4679 4
4679 4
4686 8
4693 7
4693 24
4694 16
4696 4
4696 22
4699 26
4699 18
4701 13
4701 20
4701 9
4702 30
4706 13
4708 10
4708 30
4711 15
4711 5
4713 25
4713 27
4713 17
4716 10
4717 2
4720 30
4723 21
4723 5
4723 18
4724 29
4724 3
4724 7
4726 22
4728 19
4728 30
4728 24
4731 23
4731 25
4732 7
4732 11
4732 19
4733 7
4733 20
4734 7
4734 9
4734 2
4735 28
4737 21
4740 28
4747 22
4751 7
4751 11
4751 25
4752 11
4753 11
4753 30
4753 23
4754 12
4754 6
4755 18
4758 11
4758 13
4759 8
4759 27
4759 29
4760 20
4760 14
4764 13
4764 4
4765 28
4765 6
4765 23
4766 8
4767 18
4767 27
4767 4
4768 5
4768 24
4770 8
4770 16
4772 10
4773 20
4775 16
4776 7
4776 5
4777 23
4781 25
4781 26
4781 8
4782 21
4782 15
4787 14
4789 8
4789 22
4789 12
4790 15
4790 9
4794 26
4796 5
4796 29
4798 17
4799 28
4801 2
4803 27
4804 24
4804 7
4804 5
4805 7
4805 24
4805 13
4809 17
4809 20
4809 12
4815 24
4815 17
4815 3
4816 20
4818 12
4820 19
4820 2
4823 11
4823 25
4823 28
4824 22
4824 28
4824 2
4826 19
4826 12
4826 21
4827 11
4827 28
4829 28
4830 30
4830 18
4830 13
4831 11
4831 7
4832 18
4833 20
4833 7
4833 11
4834 5
4834 15
4835 25
4835 26
4835 23
4836 23
4836 4
4837 23
4837 24
4838 5
4838 2
4838 28
4841 25
4841 28
4841 9
4842 13
4844 18
4844 5
4844 24
4845 21
4845 1
4847 9
4849 10
4849 26
4849 30
4851 28
4852 10
4852 24
4852 22
4855 26
4857 30
4857 2
4858 4
4858 29
4858 20
4861 30
4861 26
4864 8
4864 29
4865 5
4865 15
4865 23
4866 6
4866 22
4866 27
4867 29
4872 7
4872 24
4873 2
4873 12
4873 29
4879 22
4879 7
4879 25
4880 18
4881 14
4883 18
4883 7
4883 24
4884 24
4884 8
4884 25
4885 5
4885 2
4885 11
4886 27
4886 17
4886 9
4889 8
4889 19
4889 1
4890 5
4893 15
4896 10
4896 3
4896 26
4897 25
4897 2
4898 14
4898 1
4898 17
4899 9
4899 5
4901 4
4903 20
4904 2
4904 10
4904 23
4905 6
4907 29
4908 2
4908 20
4909 24
4909 24
4909 22
4910 30
4912 22
4912 18
4912 23
4913 6
4914 12
4914 11
4918 30
4918 27
4919 10
4919 14
4920 1
4920 17
4920 19
4921 7
4921 7
4921 16
4922 14
4922 20
4924 26
4924 22
4925 12
4925 5
4925 11
4926 10
4926 23
4926 15
4927 18
4927 21
4927 10
4929 5
4929 18
4929 9
4930 5
4931 18
4931 28
4934 8
4934 5
4934 8
4936 27
4937 19
4938 14
4939 6
4941 22
4941 6
4944 9
4944 23
4944 28
4945 2
4945 10
4945 25
4947 15
4950 7
4950 3
4950 15
4954 19
4954 24
4956 22
4957 21
4958 23
4961 27
4961 11
4962 29
4962 10
4962 8
4963 13
4963 30
4965 7
4965 20
4965 18
4966 18
4966 22
4966 30
4967 23
4967 12
4968 19
4968 6
4968 29
4970 8
4971 4
4973 21
4976 30
4976 2
4976 11
4980 5
4984 8
4984 3
4988 26
4989 10
4989 2
4992 8
4997 21
4997 12
4997 11
4998 23
5002 11
5002 20
5005 5
5005 18
5008 1
5008 25
5009 28
5009 2
5011 14
5011 1
5011 12
5012 23
5012 11
5013 16
5015 5
5015 28
5015 17
5016 22
5017 27
5017 13
5019 9
5020 2
5020 16
5020 25
5021 10
5022 19
5022 2
5022 14
5023 7
5023 13
5024 18
5024 19
5024 6
5026 13
5026 7
5026 28
5027 26
5027 27
5027 22
5028 7
5028 23
5028 29
5029 26
5029 20
5030 4
5030 18
5030 10
5034 16
5034 19
5035 11
5036 19
5036 16
5036 18
5038 9
5041 13
5043 13
5043 23
5043 16
5044 9
5044 17
5044 7
5047 3
5047 12
5048 23
5050 26
5050 23
5050 1
5051 20
5051 24
5051 28
5053 9
5053 3
5054 4
5056 28
5057 21
5057 6
5059 11
5060 24
5061 24
5061 18
5062 7
5062 17
5062 14
5063 26
5063 11
5066 30
5067 8
5067 14
5067 21
5068 9
5072 5
5072 18
5074 22
5075 11
5076 14
5079 6
5081 19
5082 5
5082 21
5082 15
5083 7
5083 21
5084 4
5084 30
5084 27
5085 27
5085 21
5085 1
5086 23
5086 3
5087 16
5088 30
5088 23
5088 3
5090 17
5092 8
5096 1
5096 29
5099 4
5099 23
5099 2
5100 27
5100 18
5100 21
5102 30
5102 24
5102 12
5103 12
5105 19
5107 12
5107 1
5111 3
5111 23
5112 28
5115 26
5115 29
5116 26
5117 26
5120 29
5120 6
5120 24
5125 25
5125 26
5126 10
5126 16
5127 6
5127 27
5127 2
5128 24
5130 18
5130 17
5130 21
5131 6
5131 20
5133 14
5136 1
5136 26
5136 25
5138 20
5138 6
5138 6
5144 6
5144 20
5145 26
5145 1
5146 28
5146 8
5146 28
5147 6
5148 10
5148 21
5152 18
5152 10
5152 26
5153 30
5153 25
5158 11
5158 6
5160 11
5161 24
5161 12
5162 17
5162 30
5165 10
5170 28
5170 15
5170 8
5171 28
5171 6
5171 22
5172 23
5175 24
5175 14
5176 4
5177 3
5178 24
5178 14
5179 21
5179 20
5181 6
5181 2
5181 1
5182 5
5183 2
5183 3
5184 4
5185 30
5185 13
5187 22
5190 6
5191 22
5191 18
5192 2
5192 26
5192 25
5194 21
5194 5
5194 27
5197 21
5197 19
5198 5
5200 30
5200 12
5200 4
5201 26
5201 25
5201 2
5203 10
5203 21
5203 12
5206 1
5208 28
5208 3
5208 30
5211 4
5213 28
5214 30
5214 28
5216 1
5216 17
5219 7
5219 17
5221 11
5221 12
5221 30
5224 3
5224 13
5224 9
5225 5
5225 16
5225 18
5227 22
5227 16
5228 14
5228 11
5228 5
5231 8
5231 17
5232 28
5232 21
5233 23
5233 19
5233 17
5234 5
5234 6
5236 10
5237 4
5237 4
5237 10
5239 29
5239 19
5242 6
5242 17
5242 19
5243 3
5243 30
5243 25
5245 6
5245 2
5245 3
5249 1
5249 12
5249 26
5250 24
5252 20
5252 22
5252 25
5253 7
5253 7
5253 24
5254 15
5254 1
5254 28
5255 11
5257 10
5257 11
5260 22
5260 13
5260 10
5262 2
5264 16
5264 16
5268 1
5268 26
5268 28
5271 20
5272 26
5272 15
5272 19
5275 25
5275 3
5276 18
5276 9
5276 8
5277 12
5277 13
5279 13
5279 3
5279 9
5282 27
5288 18
5288 21
5289 11
5289 30
5290 8
5290 17
5290 12
5292 25
5292 24
5294 11
5294 12
5296 28
5298 27
5298 10
5300 6
5300 30
5302 21
5304 3
5304 23
5307 16
5309 12
5312 23
5312 7
5312 10
5313 25
5313 19
5316 2
5318 20
5318 1
5318 7
5320 29
5320 6
5323 6
5323 12
5323 3
5325 20
5325 27
5327 24
5327 16
5327 13
5333 24
5333 27
5333 16
5334 9
5336 7
5336 30
5337 26
5337 14
5337 1
5338 4
5339 27
5339 12
5339 13
5340 2
5340 13
5341 8
5341 28
5343 30
5343 25
5343 29
5345 7
5345 15
5345 27
5346 12
5346 12
5348 22
5349 11
5349 20
5353 2
5355 5
5358 1
5358 16
5358 23
5359 6
5359 29
5360 3
5362 12
5362 11
5362 18
5364 28
5364 13
5366 23
5369 1
5369 13
5369 18
5371 9
5371 18
5372 30
5372 13
5372 5
5379 4
5379 1
5379 2
5380 26
5380 28
5380 12
5382 7
5382 7
5382 21
5383 16
5386 17
5386 1
5387 9
5389 19
5389 28
5390 16
5390 5
5391 22
5391 24
5391 2
5392 20
5393 7
5396 2
5397 28
5397 8
5397 25
5398 18
5398 9
5398 13
5399 8
5399 16
5399 12
5402 6
5402 27
5402 10
5403 22
5403 25
5403 4
5405 21
5405 26
5407 18
5407 27
5407 12
5408 15
5408 2
5411 7
5411 19
5411 4
5414 5
5414 16
5414 17
5415 1
5415 20
5416 26
5417 10
5417 28
5418 15
5420 8
5421 25
5422 15
5422 10
5422 20
5424 2
5424 4
5428 2
5428 13
5428 29
5429 30
5429 29
5430 21
5431 26
5432 25
5432 3
5434 25
5434 10
5435 3
5436 13
5436 19
5436 12
5437 13
5438 9
5438 26
5438 24
5440 30
5440 21
5441 14
5442 27
5442 28
5442 23
5447 28
5451 22
5451 30
5452 12
5452 30
5452 8
5455 27
5456 6
5456 21
5456 20
5458 5
5458 27
5463 1
5463 2
5463 7
5466 18
5466 28
5466 22
5467 7
5467 9
5467 23
5469 20
5472 28
5472 2
5472 25
5476 2
5476 19
5477 22
5477 4
5477 14
5478 2
5481 16
5481 14
5483 10
5484 29
5485 8
5488 6
5488 12
5488 24
5489 18
5489 7
5490 23
5491 2
5492 29
5492 28
5495 15
5495 14
5498 24
5498 28
5498 23
5501 10
5506 21
5507 9
5507 20
5508 23
5508 7
5508 24
5509 17
5511 25
5511 9
5511 16
5514 6
5517 21
5520 14
5520 28
5523 24
5524 1
5525 1
5525 15
5526 17
5528 26
5528 16
5528 13
5530 25
5530 13
5530 9
5531 4
5531 10
5534 16
5534 18
5534 9
5536 12
5536 28
5537 22
5542 19
5544 12
5544 11
5544 21
5546 19
5546 30
5549 4
5550 21
5550 12
5550 2
5551 25
5551 22
5554 2
5554 30
5554 14
5555 23
5555 27
5558 28
5558 7
5558 12
5560 30
5561 30
5561 26
5561 15
5562 8
5562 8
5562 30
5564 26
5564 5
5565 5
5565 7
5566 28
5566 17
5567 26
5567 27
5567 24
5569 20
5569 9
5570 7
5573 13
5573 21
5573 24
5574 13
5575 10
5585 16
5585 28
5586 5
5586 12
5590 28
5590 30
5595 5
5595 7
5595 16
5596 29
5597 5
5597 30
5597 21
5598 9
5599 21
5599 7
5599 21
5601 17
5601 4
5601 24
5603 30
5603 22
5605 25
5605 30
5605 22
5606 30
5606 28
5606 7
5607 20
5607 21
5609 10
5609 19
5609 11
5610 20
5612 7
5612 23
5613 20
5614 12
5614 10
5614 30
5615 29
5616 5
5616 2
5618 6
5619 11
5619 4
5622 20
5622 6
5622 1
5625 24
5626 6
5626 7
5626 21
5628 8
5628 23
5628 5
5629 19
5629 21
5629 3
5630 4
5630 24
5634 30
5635 13
5637 9
5639 9
5639 23
5639 4
5640 9
5640 8
5640 13
5641 6
5641 29
5641 11
5642 17
5642 6
5642 12
5646 30
5646 1
5646 29
5647 15
5647 18
5647 7
5648 26
5649 22
5649 13
5651 17
5651 22
5651 21
5652 22
5652 29
5652 20
5653 15
5655 14
5655 29
5660 28
5662 14
5662 23
5663 22
5663 22
5668 4
5668 24
5668 30
5669 17
5669 21
5671 27
5671 8
5671 16
5673 10
5673 10
5673 27
5674 18
5674 25
5674 23
5675 10
5675 1
5675 18
5676 13
5676 23
5679 22
5681 3
5681 14
5681 20
5682 3
5684 19
5684 10
5689 24
5689 4
5689 26
5690 26
5690 25
5690 22
5691 25
5692 19
5692 1
5694 28
5694 28
5696 27
5698 23
5699 20
5706 7
5707 13
5710 21
5711 20
5711 30
5711 29
5714 8
5714 7
5715 27
5715 12
5718 4
5718 25
5718 12
5721 5
5723 25
5723 12
5726 1
5726 15
5726 19
5727 15
5732 25
5737 16
5737 6
5737 6
5739 2
5739 7
5741 21
5741 3
5741 30
5744 29
5744 24
5744 10
5746 18
5746 1
5749 16
5753 11
5753 29
5753 19
5754 15
5754 23
5755 10
5755 26
5755 17
5761 7
5761 5
5761 14
5762 3
5762 9
5762 29
5765 1
5766 19
5768 16
5768 24
5768 17
5769 13
5769 1
5769 21
5773 26
5774 12
5774 15
5774 4
5775 28
5777 18
5779 7
5779 28
5781 26
5782 28
5782 28
5782 17
5784 9
5784 18
5784 2
5786 22
5786 18
5788 11
5789 14
5789 21
5791 27
5793 1
5793 16
5793 18
5794 9
5794 22
5794 17
5800 12
5800 22
5804 8
5806 3
5807 2
5807 20
5807 11
5808 23
5811 13
5811 10
5811 2
5814 20
5814 5
5816 23
5816 17
5817 23
5817 7
5817 5
5822 23
5825 29
5825 19
5826 11
5826 4
5828 27
5828 24
5829 21
5833 15
5833 12
5833 17
5834 29
5834 28
5836 20
5838 15
5838 23
5838 16
5841 12
5841 9
5843 2
5848 12
5848 17
5849 11
5849 2
5850 28
5854 11
5855 5
5855 23
5857 20
5859 8
5859 9
5859 23
5860 19
5860 3
5860 13
5861 7
5861 18
5861 17
5862 14
5862 7
5862 2
5863 21
5863 14
5866 16
5866 11
5867 8
5867 5
5867 24
5870 11
5870 14
5870 14
5873 17
5873 22
5873 15
5876 23
5876 8
5876 7
5879 6
5879 23
5879 30
5880 2
5880 23
5880 6
5881 3
5881 17
5885 17
5885 26
5888 21
5889 26
5889 15
5889 2
5890 10
5890 2
5892 16
5892 22
5892 27
5893 11
5893 20
5895 30
5898 27
5898 10
5906 15
5907 4
5907 5
5907 16
5908 4
5908 23
5910 9
5912 23
5912 19
5915 12
5915 6
5916 27
5917 13
5918 28
5918 17
5919 13
5919 2
5919 26
5923 15
5924 13
5925 11
5925 2
5926 13
5929 25
5929 18
5929 14
5933 30
5933 23
5935 18
5935 10
5939 8
5940 1
5940 15
5940 13
5941 19
5941 17
5942 11
5942 10
5942 18
5944 16
5944 26
5944 10
5946 21
5946 4
5950 29
5950 19
5952 19
5953 1
5953 21
5954 16
5954 3
5954 16
5956 24
5956 20
5956 11
5957 20
5957 11
5957 12
5959 26
5959 21
5959 16
5960 22
5962 10
5962 11
5962 17
5963 9
5964 4
5965 25
5967 15
5967 8
5971 19
5971 12
5971 27
5972 7
5972 22
5974 27
5979 28
5980 1
5981 25
5981 8
5981 17
5984 21
5984 21
5984 5
5985 27
5985 8
5987 10
5987 25
5987 2
5988 15
5989 4
5989 16
5991 22
5992 21
5993 8
5993 20
5993 5
5994 12
5995 21
5995 8
5995 17
5997 17
5997 17
5997 9
5998 25
5998 30
5998 23
6000 22
6002 19
6002 11
6002 9
6005 3
6005 25
6005 6
6006 28
6006 30
6006 5
6011 20
6011 4
6011 23
6013 20
6014 28
6014 11
6014 20
6015 26
6015 6
6015 28
6016 17
6017 1
6021 4
6021 26
6021 18
6024 14
6024 3
6027 4
6027 19
6027 29
6030 25
6030 5
6031 24
6031 7
6032 9
6032 24
6039 20
6039 27
6039 10
6040 8
6040 19
6042 27
6042 4
6043 29
6043 16
6044 19
6044 26
6045 12
6045 28
6047 9
6047 9
6047 1
6048 5
6048 21
6048 21
6049 30
6050 24
6051 19
6051 29
6051 19
6053 20
6055 13
6055 11
6055 13
6056 1
6056 12
6056 29
6057 12
6057 25
6057 30
6059 5
6059 4
6062 13
6062 1
6062 19
6064 18
6068 13
6068 3
6073 5
6074 15
6075 5
6075 6
6076 7
6076 8
6077 1
6078 1
6081 24
6081 13
6083 7
6084 16
6084 22
6084 29
6087 4
6088 1
6088 8
6090 20
6094 1
6094 18
6100 13
6100 26
6101 7
6101 21
6101 9
6102 17
6103 1
6103 22
6106 18
6108 30
6110 4
6110 6
6111 2
6112 28
6112 7
6113 23
6113 13
6113 19
6114 9
6114 10
6115 5
6115 26
6115 10
6116 18
6116 24
6116 8
6123 27
6123 19
6123 3
6124 13
6124 3
6127 12
6127 20
6127 27
6134 27
6138 24
6139 16
6139 13
6139 25
6140 1
6141 16
6141 17
6141 20
6142 14
6142 23
6142 18
6144 5
6144 4
6146 5
6148 7
6149 23
6149 11
6150 17
6152 10
6152 16
6154 4
6154 10
6162 27
6162 19
6162 7
6164 30
6165 4
6168 3
6168 13
6168 1
6169 12
6169 17
6169 4
6171 12
6171 9
6173 11
6173 23
6173 25
6176 19
6176 2
6178 26
6179 12
6179 25
6183 20
6185 23
6185 15
6185 29
6192 11
6192 5
6192 13
6193 7
6193 9
6195 19
6195 6
6196 20
6196 2
6198 16
6198 1
6198 5
6199 20
6199 23
6204 7
6204 1
6204 27
6205 21
6205 3
6205 2
6206 11
6206 9
6207 15
6207 12
6209 4
6209 30
6210 15
6212 23
6212 30
6212 18
6213 11
6213 20
6213 24
6214 1
6216 4
6216 24
6217 19
6226 22
6226 13
6227 17
6227 26
6234 7
6234 27
6234 6
6237 23
6240 20
6240 21
6242 28
6242 15
6242 11
6245 14
6245 22
6245 19
6246 1
6246 11
6248 27
6248 9
6250 29
6250 29
6251 28
6251 20
6251 5
6254 15
6256 26
6256 22
6258 12
6259 15
6259 23
6259 29
6260 12
6261 18
6261 18
6261 8
6262 10
6263 6
6263 7
6263 27
6264 16
6266 5
6266 21
6267 6
6267 9
6267 3
6269 12
6269 12
6272 2
6273 28
6273 7
6273 7
6275 24
6275 7
6275 9
6277 12
6277 6
6281 16
6281 2
6281 8
6282 16
6282 4
6282 8
6283 9
6283 26
6283 17
6286 22
6287 5
6288 10
6288 3
6288 10
6289 6
6291 10
6291 7
6291 9
6292 18
6292 16
6292 19
6293 21
6293 2
6293 5
6296 2
6296 1
6296 24
6298 11
6299 6
6299 8
6299 1
6303 12
6304 14
6304 10
6304 2
6305 17
6307 16
6307 7
6308 10
6308 6
6308 8
6309 2
6309 19
6309 22
6310 2
6310 6
6310 29
6313 30
6313 23
6316 1
6316 25
6317 12
6317 5
6317 12
6318 11
6319 2
6319 10
6320 2
6323 4
6323 18
6324 6
6324 11
6328 19
6332 25
6332 5
6332 30
6336 26
6336 17
6339 8
6339 1
6339 29
6340 15
6344 3
6344 3
6346 8
6346 30
6347 24
6347 4
6347 4
6348 13
6350 3
6350 10
6350 18
6352 19
6352 20
6352 30
6353 24
6354 24
6354 30
6354 10
6356 5
6359 9
6360 24
6360 12
6361 1
6361 13
6362 15
6362 8
6363 12
6363 4
6363 10
6365 23
6371 1
6371 8
6372 3
6375 1
6375 25
6375 1
6379 21
6379 29
6379 13
6382 11
6382 5
6385 12
6387 11
6387 19
6387 1
6389 5
6389 15
6389 29
6391 14
6391 5
6391 20
6392 6
6392 3
6395 22
6395 30
6395 30
6399 14
6399 28
6400 16
6400 19
6400 20
6401 24
6401 23
6401 3
6402 26
6402 4
6402 28
6405 5
6405 27
6406 30
6406 29
6406 17
6407 16
6407 5
6409 26
6409 2
6409 10
6410 13
6411 7
6412 21
6412 1
6412 30
6415 28
6417 30
6420 10
6420 29
6420 6
6429 10
6429 12
6429 2
6430 13
6431 9
6431 4
6431 14
6432 15
6432 15
6432 17
6433 27
6433 25
6434 12
6434 17
6434 29
6438 25
6438 17
6440 19
6440 10
6441 6
6441 7
6442 28
6442 9
6443 30
6443 8
6444 17
6444 21
6444 17
6445 27
6447 1
6448 16
6450 8
6451 20
6451 3
6451 4
6456 12
6456 25
6460 4
6463 28
6463 11
6465 23
6465 23
6465 7
6468 17
6469 19
6471 25
6471 14
6473 30
6473 17
6474 20
6474 3
6477 28
6478 21
6479 29
6479 16
6479 25
6480 12
6480 10
6482 7
6483 5
6483 24
6484 7
6484 15
6484 21
6488 6
6488 17
6488 13
6492 1
6492 15
6494 14
6494 23
6494 6
6495 10
6495 26
6499 15
6500 11
6500 27
6500 4
6502 12
6502 2
6502 7
6503 24
6505 5
6506 9
6506 17
6507 16
6507 14
6508 1
6508 23
6511 4
6511 9
6512 14
6512 4
6515 20
6515 9
6515 25
6516 24
6516 17
6516 15
6517 27
6517 4
6517 30
6522 9
6524 17
6525 10
6525 4
6527 23
6527 30
6529 19
6529 7
6529 26
6531 8
6532 8
6532 12
6532 19
6538 16
6540 20
6540 8
6541 9
6542 14
6542 12
6544 16
6545 4
6545 21
6545 30
6546 29
6547 23
6547 26
6548 18
6548 5
6548 7
6550 8
6550 30
6552 29
6552 4
6553 2
6553 6
6553 30
6554 7
6556 19
6556 14
6556 16
6557 1
6557 15
6562 21
6562 3
6563 1
6564 3
6564 27
6564 18
6568 29
6568 4
6570 10
6570 3
6571 19
6572 13
6573 2
6576 24
6576 9
6577 14
6579 25
6579 21
6579 14
6581 25
6581 26
6582 25
6582 11
6583 13
6583 14
6583 23
6586 1
6588 19
6588 20
6589 1
6589 14
6589 30
6592 7
6592 13
6592 18
6593 8
6598 23
6598 18
6600 5
6604 6
6609 10
6613 3
6614 21
6614 29
6615 3
6615 18
6615 19
6619 8
6620 4
6620 19
6620 18
6621 13
6621 8
6623 6
6623 20
6628 19
6628 30
6631 30
6632 23
6634 29
6634 29
6634 18
6635 1
6635 10
6637 16
6637 22
6637 30
6638 10
6638 13
6639 7
6639 18
6639 14
6642 15
6642 5
6642 10
6643 28
6643 22
6643 20
6644 3
6651 29
6651 25
6651 17
6652 23
6652 7
6653 27
6653 14
6655 30
6656 1
6656 11
6656 7
6659 22
6659 18
6659 14
6660 30
6660 20
6661 5
6661 5
6661 9
6663 23
6663 13
6663 7
6668 10
6668 17
6669 15
6672 29
6674 7
6676 18
6676 5
6677 20
6677 16
6677 21
6679 6
6679 19
6681 27
6682 4
6682 12
6682 23
6685 19
6685 5
6689 1
6693 2
6694 13
6694 9
6694 9
6695 17
6695 26
6697 14
6698 13
6699 5
6699 16
6699 30
6700 1
6701 10
6702 11
6703 15
6705 28
6705 22
6705 25
6707 13
6708 11
6710 27
6710 5
6710 20
6712 5
6713 6
6713 8
6715 8
6715 21
6716 2
6716 24
6718 2
6718 6
6718 20
6719 3
6719 30
6721 2
6723 20
6729 23
6729 28
6732 20
6734 17
6734 8
6738 20
6738 10
6738 14
6739 1
6739 21
6745 12
6745 26
6746 1
6746 17
6747 24
6747 26
6749 16
6749 9
6749 22
6752 25
6752 25
6752 3
6753 10
6753 16
6753 12
6754 24
6754 2
6755 16
6755 11
6757 18
6757 2
6759 3
6759 22
6759 16
6760 11
6760 23
6766 7
6767 26
6768 18
6768 21
6768 8
6769 8
6771 7
6771 12
6771 10
6772 3
6772 20
6772 7
6773 25
6777 13
6780 11
6780 18
6780 9
6781 7
6782 19
6783 13
6786 11
6787 15
6787 15
6788 28
6788 30
6789 10
6789 17
6789 12
6790 3
6790 11
6792 17
6797 5
6798 22
6798 29
6798 24
6799 15
6801 15
6801 8
6803 14
6803 3
6803 12
6805 10
6807 15
6808 7
6808 30
6809 5
6810 4
6810 14
6812 25
6812 18
6814 5
6815 6
6815 14
6815 19
6820 12
6820 18
6823 12
6823 23
6823 28
6825 16
6825 13
6828 26
6828 1
6829 10
6829 18
6835 6
6835 17
6835 15
6836 13
6841 21
6841 4
6841 11
6843 23
6843 13
6845 21
6846 4
6846 6
6846 27
6848 24
6848 20
6848 17
6849 9
6849 8
6849 17
6852 22
6852 28
6858 15
6858 22
6859 4
6859 10
6859 9
6861 15
6861 9
6861 6
6863 14
6863 5
6865 23
6867 26
6868 24
6868 17
6868 26
6870 30
6870 15
6870 22
6872 11
6872 1
6875 22
6875 6
6875 8
6877 11
6880 14
6880 18
6880 17
6884 7
6888 8
6893 20
6893 6
6893 25
6894 29
6894 7
6894 7
6896 24
6897 29
6897 23
6897 18
6898 15
6898 25
6899 9
6899 21
6901 11
6903 3
6903 28
6903 28
6906 13
6906 28
6909 15
6910 17
6910 12
6912 27
6912 16
6916 29
6916 27
6917 14
6917 21
6917 18
6918 1
6918 30
6918 25
6921 6
6921 11
6923 14
6923 6
6925 12
6926 16
6930 23
6932 22
6932 5
6932 26
6933 27
6933 18
6935 6
6935 6
6935 2
6936 2
6937 23
6937 1
6941 12
6942 15
6942 15
6942 28
6943 7
6943 8
6943 25
6945 29
6945 30
6947 18
6947 24
6948 25
6948 26
6948 2
6951 21
6952 22
6954 16
6955 5
6957 18
6957 17
6958 21
6958 10
6959 10
6959 17
6960 10
6960 9
6961 27
6961 12
6962 11
6962 16
6965 22
6965 9
6966 28
6966 7
6969 11
6969 18
6972 16
6972 2
6972 28
6975 12
6975 25
6976 30
6976 17
6976 10
6978 7
6978 1
6980 21
6986 8
6989 19
6989 16
6992 2
6992 4
6996 16
6996 11
6999 14
7004 18
7008 4
7011 18
7011 30
7011 30
7015 27
7015 7
7015 25
7019 16
7019 1
7019 23
7021 12
7024 15
7024 5
7025 20
7032 3
7032 3
7033 11
7034 10
7034 17
7034 24
7035 11
7036 15
7036 7
7037 5
7037 1
7037 17
7042 18
7042 17
7042 7
7043 17
7045 5
7047 3
7048 27
7050 2
7051 2
7051 24
7051 17
7052 26
7052 18
7056 19
7056 8
7065 29
7065 12
7066 11
7066 3
7066 23
7069 27
7069 13
7070 30
7070 17
7076 4
7077 4
7077 22
7079 18
7080 19
7080 1
7081 27
7083 24
7083 19
7084 13
7084 26
7085 24
7085 18
7086 3
7088 9
7088 29
7088 17
7092 4
7092 10
7092 2
7095 23
7097 17
7097 22
7097 11
7099 4
7099 26
7100 12
7102 17
7103 15
7103 20
7106 30
7106 25
7106 8
7107 6
7107 20
7107 11
7108 7
7108 19
7108 1
7109 14
7109 16
7109 18
7111 11
7111 12
7111 30
7113 18
7113 23
7113 30
7115 21
7115 15
7118 2
7119 12
7119 6
7120 6
7120 7
7121 24
7121 13
7125 23
7125 3
7126 7
7126 26
7127 27
7127 5
7128 14
7130 5
7130 16
7132 25
7132 2
7132 28
7133 19
7133 4
7134 19
7134 27
7135 3
7135 20
7135 25
7136 11
7136 8
7136 23
7137 12
7137 7
7137 8
7138 11
7138 25
7139 20
7139 14
7139 2
7141 5
7141 25
7142 18
7146 27
7146 3
7148 27
7149 11
7149 27
7151 30
7156 16
7156 5
7158 10
7159 8
7159 12
7160 8
7160 25
7160 2
7161 15
7162 8
7162 13
7162 8
7164 13
7164 22
7165 14
7165 4
7167 12
7167 21
7167 28
7168 13
7170 25
7170 21
7170 28
7171 20
7171 18
7171 11
7174 2
7176 18
7177 27
7177 10
7178 15
7178 9
7178 25
7179 21
7179 4
7184 3
7184 27
7184 25
7186 15
7188 28
7188 10
7191 16
7191 8
7192 27
7192 23
7192 16
7194 26
7194 4
7195 14
7195 21
7195 5
7196 21
7196 6
7196 11
7197 3
7197 8
7197 16
7198 16
7198 22
7199 4
7201 20
7201 18
7201 9
7202 13
7202 25
7202 3
7205 5
7207 28
7207 1
7207 1
7209 20
7209 13
7209 20
7210 17
7212 4
7213 30
7213 29
7213 26
7214 29
7218 22
7218 5
7218 26
7222 1
7222 24
7223 19
7223 15
7223 2
7226 26
7227 29
7229 16
7229 20
7230 21
7230 25
7230 8
7233 14
7234 5
7234 12
7235 20
7235 7
7239 9
7240 9
7240 13
7241 28
7243 8
7244 15
7244 17
7245 5
7245 10
7246 26
7248 12
7249 6
7249 4
7250 5
7250 4
7251 17
7252 19
7252 22
7254 30
7254 30
7254 11
7256 19
7256 19
7256 3
7260 9
7261 23
7267 14
7267 21
7268 7
7270 13
7271 10
7271 23
7273 23
7273 20
7273 16
7275 21
7276 23
7277 28
7277 27
7277 17
7278 16
7279 25
7279 29
7280 17
7280 11
7280 7
7281 20
7283 20
7283 19
7283 16
7285 30
7285 28
7285 23
7286 5
7286 18
7287 22
7287 4
7289 23
7290 14
7291 4
7292 6
7293 29
7293 2
7293 4
7294 1
7294 3
7296 7
7296 7
7297 18
7297 2
7301 18
7301 23
7301 24
7303 17
7303 3
7303 19
7308 23
7308 20
7308 2
7309 26
7312 29
7312 12
7312 7
7316 9
7316 25
7317 30
7319 9
7319 4
7321 3
7321 3
7321 20
7323 30
7323 19
7323 12
7325 17
7326 1
7326 17
7327 10
7327 16
7328 6
7328 5
7328 7
7329 1
7331 18
7332 8
7332 5
7332 7
7333 10
7333 21
7334 15
7335 8
7335 4
7336 18
7336 21
7337 21
7339 10
7339 20
7339 13
7341 14
7342 2
7343 25
7344 3
7344 24
7344 26
7347 7
7347 30
7349 30
7349 20
7349 7
7350 8
7350 6
7352 30
7352 11
7353 2
7353 3
7353 7
7354 7
7355 13
7355 21
7355 30
7356 3
7358 11
7358 1
7358 18
7361 29
7361 27
7361 8
7363 3
7363 17
7363 29
7368 9
7368 10
7368 24
7369 7
7372 11
7372 19
7372 9
7374 9
7376 28
7376 6
7377 10
7378 14
7379 23
7382 23
7382 12
7382 28
7383 28
7384 15
7386 18
7387 8
7387 6
7387 7
7388 10
7388 10
7389 6
7391 8
7391 18
7393 18
7397 19
7398 7
7398 20
7401 10
7401 10
7401 14
7402 6
7403 1
7404 20
7404 28
7404 29
7405 2
7405 18
7406 20
7406 18
7406 1
7407 5
7408 6
7408 9
7411 7
7412 9
7412 8
7412 19
7415 18
7415 4
7415 26
7418 26
7418 15
7418 26
7419 13
7422 25
7422 15
7424 30
7424 30
7425 7
7425 18
7425 18
7426 13
7426 26
7426 1
7429 11
7431 4
7431 26
7433 11
7433 8
7433 6
7434 4
7434 2
7438 7
7440 17
7441 13
7441 2
7441 21
7442 6
7442 14
7442 17
7443 18
7444 30
7451 5
7451 22
7451 23
7452 23
7453 13
7453 28
7456 4
7460 13
7463 15
7463 11
7464 17
7464 20
7464 22
7467 1
7467 17
7467 27
7468 11
7468 19
7470 10
7470 29
7470 23
7471 14
7471 25
7474 5
7474 17
7475 12
7475 24
7475 25
7477 26
7477 17
7477 16
7481 19
7482 13
7483 20
7484 7
7486 13
7489 6
7490 13
7491 25
7491 14
7492 4
7496 17
7496 16
7496 6
7497 18
7497 29
7497 10
7498 29
7498 21
7498 1
7500 6
7500 25
7501 22
7501 17
7501 11
7502 15
7502 18
7503 12
7503 30
7503 22
7505 25
7507 9
7510 12
7510 29
7513 22
7513 15
7513 15
7514 3
7514 2
7515 7
7516 1
7517 25
7517 30
7517 28
7519 13
7519 30
7519 9
7523 12
7524 16
7524 6
7528 28
7528 4
7529 7
7529 20
7529 29
7535 23
7536 29
7536 3
7539 22
7539 9
7539 5
7540 25
7541 12
7541 24
7541 16
7544 18
7544 2
7544 19
7546 2
7546 24
7546 26
7548 2
7548 20
7549 30
7551 14
7551 21
7552 2
7552 1
7552 23
7554 9
7555 13
7555 4
7555 17
7557 27
7557 18
7559 19
7559 27
7563 30
7564 24
7564 29
7565 26
7565 19
7571 3
7574 12
7575 30
7575 11
7575 10
7576 5
7579 4
7580 26
7580 2
7585 26
7585 5
7587 28
7588 14
7588 27
7589 1
7590 25
7592 12
7592 25
7594 24
7594 24
7595 15
7595 28
7597 29
7597 30
7598 13
7599 4
7599 17
7607 13
7607 10
7609 29
7609 21
7611 22
7611 1
7613 26
7615 29
7615 25
7616 5
7616 21
7620 15
7620 1
7621 11
7621 22
7623 6
7623 11
7624 16
7625 11
7626 10
7626 25
7630 22
7630 17
7630 17
7633 27
7633 30
7634 5
7635 25
7635 26
7636 1
7638 2
7638 22
7638 5
7639 3
7641 20
7643 14
7643 4
7645 6
7646 5
7646 6
7647 26
7648 16
7650 30
7650 19
7650 2
7651 13
7651 5
7654 22
7654 4
7655 10
7655 26
7655 3
7657 4
7657 15
7660 29
7660 5
7661 23
7661 20
7664 23
7664 8
7665 16
7665 28
7668 13
7668 3
7668 27
7669 1
7669 17
7670 27
7670 11
7675 4
7678 14
7678 12
7679 28
7681 2
7681 19
7682 13
7685 12
7685 3
7685 18
7688 11
7688 24
7691 24
7691 13
7694 8
7694 18
7694 5
7695 8
7695 29
7697 11
7699 11
7699 23
7699 2
7701 22
7701 1
7701 9
7702 7
7702 24
7702 29
7703 13
7705 22
7705 22
7705 25
7706 30
7709 23
7709 7
7709 9
7710 18
7710 14
7710 24
7711 5
7711 4
7712 4
7714 20
7714 14
7715 4
7715 10
7715 1
7716 3
7716 22
7716 18
7717 21
7717 20
7717 11
7718 5
7719 4
7719 8
7719 5
7722 13
7722 10
7726 1
7726 1
7726 28
7727 11
7727 2
7729 30
7729 17
7729 24
7730 17
7734 22
7734 4
7734 12
7735 15
7735 1
7736 4
7739 28
7740 8
7740 16
7741 13
7742 26
7743 1
7744 14
7744 14
7744 22
7747 21
7748 24
7749 26
7752 4
7752 20
7754 22
7754 16
7754 11
7755 18
7755 27
7755 25
7758 6
7759 29
7759 26
7760 25
7761 30
7761 13
7765 4
7767 13
7769 13
7769 27
7769 22
7771 24
7772 7
7772 24
7773 7
7775 22
7775 28
7775 17
7778 23
7778 3
7778 15
7780 11
7780 22
7780 4
7781 8
7781 4
7781 19
7782 29
7782 10
7782 21
7784 14
7784 19
7784 30
7786 21
7786 6
7787 11
7787 29
7789 8
7790 24
7790 24
7791 30
7791 25
7793 13
7795 2
7795 15
7796 23
7796 27
7798 18
7799 22
7799 14
7799 29
7802 27
7804 30
7804 20
7807 29
7807 29
7807 18
7810 29
7811 28
7811 16
7811 7
7814 25
7814 11
7817 29
7820 28
7820 8
7820 8
7821 6
7821 19
7823 24
7826 16
7828 6
7828 21
7828 15
7829 25
7831 6
7832 23
7833 17
7835 29
7836 25
7837 30
7837 17
7837 9
7840 3
7840 28
7840 1
7842 27
7842 27
7845 6
7845 26
7846 29
7846 25
7846 18
7849 6
7849 28
7850 4
7850 2
7850 6
7851 28
7854 4
7855 11
7855 19
7856 7
7858 22
7858 28
7858 9
7859 5
7859 4
7863 17
7863 17
7865 8
7865 10
7865 20
7866 16
7866 27
7867 13
7869 29
7870 1
7870 4
7871 24
7871 21
7872 2
7873 27
7873 26
7873 7
7875 6
7875 4
7875 22
7877 3
7877 12
7878 21
7878 24
7878 27
7881 21
7881 24
7882 4
7882 16
7882 21
7885 30
7885 20
7887 24
7887 21
7888 7
7890 12
7890 4
7891 9
7896 30
7896 3
7901 10
7901 2
7901 26
7902 11
7903 30
7903 13
7903 1
7904 26
7904 13
7905 29
7907 1
7907 30
7907 5
7908 4
7908 12
7908 29
7909 15
7909 16
7909 24
7910 23
7910 4
7910 9
7911 4
7911 20
7911 18
7912 1
7912 8
7912 12
7914 10
7917 25
7919 29
7919 1
7920 10
7920 28
7923 19
7923 18
7924 26
7924 11
7925 4
7925 4
7926 30
7928 14
7928 27
7928 1
7934 4
7934 8
7935 16
7935 18
7936 5
7936 1
7936 7
7939 29
7940 8
7940 18
7940 14
7943 20
7943 4
7945 9
7946 30
7946 20
7951 9
7951 18
7951 23
7952 8
7952 5
7952 2
7953 14
7957 24
7957 1
7958 9
7958 29
7959 29
7959 4
7959 1
7962 13
7963 25
7963 5
7963 2
7966 6
7966 28
7966 16
7973 7
7973 2
7973 20
7974 23
7975 14
7977 2
7977 10
7977 14
7982 9
7983 23
7983 24
7983 14
7987 20
7989 23
7989 2
7989 27
7990 26
7990 14
7990 9
7991 4
7991 26
7995 2
7995 5
7997 8
7997 25
7998 21
7998 23
7999 26
8000 9
8000 10
8004 18
8004 10
8004 27
8005 17
8005 11
8006 7
8006 3
8006 14
8007 14
8007 10
8007 17
8009 8
8015 2
8015 1
8015 30
8017 23
8018 29
8018 2
8019 20
8021 21
8021 25
8021 2
8023 1
8023 30
8025 11
8027 25
8029 3
8029 23
8032 22
8033 23
8033 5
8033 5
8034 11
8034 28
8035 24
8035 10
8040 2
8041 1
8041 11
8044 22
8044 10
8046 17
8046 11
8046 9
8047 20
8047 10
8047 21
8048 16
8048 22
8052 11
8052 29
8055 1
8055 16
8056 17
8056 15
8060 13
8060 16
8061 1
8062 14
8062 13
8065 29
8065 28
8069 8
8069 29
8069 1
8070 16
8070 26
8072 3
8072 1
8072 11
8075 18
8075 26
8078 2
8079 3
8079 18
8081 29
8081 19
8082 8
8085 15
8086 7
8088 3
8088 20
8089 7
8094 21
8094 4
8097 11
8099 13
8099 6
8100 1
8104 5
8106 30
8106 11
8107 30
8107 8
8107 12
8110 27
8111 30
8111 22
8111 26
8112 4
8115 8
8115 17
8115 19
8117 10
8117 26
8118 8
8118 14
8118 30
8121 23
8122 17
8122 27
8123 27
8123 21
8127 11
8127 28
8129 1
8129 9
8130 2
8130 13
8130 1
8131 29
8131 22
8132 10
8132 9
8132 17
8133 18
8135 9
8137 3
8137 5
8137 1
8138 26
8138 26
8140 14
8142 18
8142 21
8142 17
8143 10
8144 22
8147 10
8148 12
8150 18
8150 19
8150 8
8151 5
8154 6
8154 19
8156 19
8156 5
8156 1
8159 24
8159 10
8159 8
8160 25
8165 9
8165 8
8165 28
8166 29
8166 16
8167 18
8168 18
8170 15
8170 8
8171 27
8172 24
8174 29
8175 2
8175 14
8177 27
8177 25
8177 30
8182 19
8182 3
8182 14
8187 20
8189 8
8189 17
8190 1
8190 19
8191 4
8198 22
8198 10
8198 12
8199 26
8199 21
8199 18
8200 22
8205 28
8205 3
8206 28
8207 7
8207 12
8207 14
8208 15
8212 2
8212 29
8213 17
8214 23
8214 15
8214 14
8215 16
8215 12
8215 20
8216 18
8217 28
8218 7
8219 28
8219 1
8220 19
8223 1
8223 6
8223 26
8224 25
8224 1
8226 2
8226 16
8226 5
8228 18
8228 12
8232 27
8232 23
8233 23
8234 18
8234 30
8234 13
8235 24
8236 19
8236 5
8238 26
8242 30
8243 24
8243 4
8243 16
8244 8
8244 2
8247 30
8249 18
8249 23
8249 12
8251 26
8251 16
8251 28
8252 27
8255 1
8255 2
8255 21
8257 20
8257 27
8257 21
8260 22
8260 4
8262 4
8262 22
8262 29
8264 17
8264 1
8264 6
8265 12
8266 18
8267 29
8267 27
8267 18
8268 14
8268 30
8269 12
8270 3
8270 24
8271 25
8271 13
8273 15
8273 10
8273 10
8275 2
8275 1
8275 23
8277 10
8278 23
8278 13
8278 28
8279 15
8281 17
8281 11
8287 9
8289 29
8289 16
8291 9
8292 28
8292 13
8293 14
8294 2
8295 4
8295 25
8296 13
8297 19
8297 18
8297 21
8298 10
8298 15
8302 9
8303 23
8303 18
8303 22
8304 1
8304 8
8304 14
8307 10
8308 8
8310 12
8312 19
8312 1
8312 19
8315 19
8315 8
8316 7
8316 15
8317 12
8317 30
8317 29
8320 27
8320 20
8321 29
8321 24
8323 19
8329 13
8329 18
8329 5
8331 1
8332 26
8332 6
8332 2
8333 24
8335 26
8335 6
8336 20
8336 23
8337 20
8337 2
8337 22
8338 15
8341 7
8341 4
8343 4
8343 15
8344 5
8344 9
8345 18
8345 11
8345 29
8347 8
8350 7
8352 11
8352 15
8357 22
8357 7
8357 13
8358 17
8358 29
8359 29
8359 25
8362 25
8362 5
8362 1
8367 29
8367 12
8367 4
8369 21
8369 9
8369 2
8374 3
8374 3
8376 17
8376 21
8379 23
8382 1
8384 6
8385 26
8385 29
8385 19
8386 25
8386 25
8386 1
8388 4
8391 9
8392 5
8392 13
8392 20
8393 12
8395 16
8395 12
8397 30
8397 9
8397 30
8399 16
8399 25
8399 30
8401 23
8401 25
8401 1
8402 12
8402 22
8406 13
8409 26
8409 7
8409 28
8412 19
8413 27
8413 7
8415 10
8417 10
8417 18
8417 5
8419 3
8421 7
8423 30
8423 9
8423 7
8429 24
8429 28
8429 21
8431 4
8431 25
8431 9
8432 6
8432 29
8432 2
8433 10
8433 25
8434 24
8434 24
8434 11
8436 22
8437 27
8440 17
8440 20
8440 11
8443 9
8445 16
8445 6
8446 21
8446 8
8446 3
8447 2
8447 19
8447 13
8448 18
8448 20
8448 10
8454 4
8454 27
8456 28
8456 20
8459 11
8459 27
8460 26
8460 21
8460 16
8461 27
8462 23
8462 26
8462 17
8464 7
8469 14
8469 14
8472 22
8472 30
8473 20
8475 17
8475 29
8475 26
8476 14
8476 9
8476 9
8477 8
8480 14
8480 15
8482 27
8482 14
8488 18
8489 9
8490 3
8490 21
8490 12
8496 23
8496 21
8496 18
8498 30
8498 1
8502 15
8502 13
8506 29
8507 12
8507 4
8507 18
8508 7
8510 6
8510 10
8514 8
8516 11
8516 15
8517 25
8517 15
8517 5
8518 10
8526 9
8527 18
8527 1
8528 18
8528 1
8528 25
8529 7
8531 24
8531 8
8531 1
8532 21
8532 24
8532 5
8533 30
8533 8
8534 1
8534 11
8536 20
8538 1
8538 13
8539 14
8539 4
8539 23
8540 18
8540 30
8544 3
8544 6
8544 24
8548 29
8548 5
8548 15
8549 21
8549 10
8551 3
8551 5
8552 10
8552 14
8552 26
8555 11
8556 16
8556 3
8557 24
8557 16
8559 1
8561 19
8561 15
8563 11
8564 8
8564 10
8564 3
8565 28
8565 1
8568 20
8568 8
8569 7
8569 12
8570 12
8571 9
8571 3
8573 10
8573 15
8573 16
8578 26
8579 25
8579 29
8579 16
8580 10
8580 1
8580 14
8581 30
8582 25
8583 16
8583 9
8585 20
8585 21
8585 21
8586 27
8586 22
8586 28
8587 28
8587 19
8587 3
8588 17
8588 26
8588 12
8589 4
8594 13
8594 28
8594 1
8595 23
8597 7
8597 3
8602 30
8602 6
8603 4
8603 10
8603 22
8605 22
8607 2
8611 22
8617 9
8617 1
8617 22
8624 15
8624 25
8625 7
8625 19
8626 17
8627 12
8628 10
8628 17
8629 15
8630 12
8630 1
8630 20
8631 7
8632 4
8632 3
8632 16
8638 5
8638 28
8638 21
8639 5
8640 18
8640 4
8640 9
8641 9
8642 8
8644 21
8644 9
8644 4
8645 6
8645 14
8645 8
8648 29
8650 8
8650 17
8650 19
8652 18
8652 17
8652 4
8653 4
8653 12
8653 19
8656 23
8656 21
8657 14
8657 26
8657 26
8660 21
8660 15
8666 28
8666 27
8667 27
8667 16
8667 18
8668 15
8669 10
8669 6
8669 11
8670 16
8670 12
8670 16
8673 26
8674 17
8674 12
8674 11
8675 4
8675 13
8677 14
8678 24
8678 26
8681 30
8681 25
8681 29
8682 28
8682 22
8682 11
8683 27
8683 21
8683 28
8684 17
8684 18
8684 23
8687 23
8687 4
8692 6
8694 19
8697 30
8697 28
8697 13
8699 13
8700 5
8700 27
8702 13
8702 6
8708 17
8709 29
8711 21
8711 18
8711 21
8712 1
8714 16
8717 26
8717 7
8717 26
8718 12
8718 7
8718 21
8719 30
8719 1
8719 16
8720 29
8721 2
8722 23
8722 24
8723 21
8723 16
8723 23
8725 21
8727 9
8727 23
8728 14
8729 15
8729 3
8729 30
8731 25
8731 22
8731 23
8733 16
8735 8
8735 28
8735 21
8737 22
8737 3
8740 8
8740 20
8740 13
8745 11
8745 2
8746 23
8746 26
8746 16
8747 26
8747 21
8748 29
8748 10
8748 3
8750 25
8751 23
8752 14
8752 28
8752 23
8753 11
8754 11
8754 19
8754 24
8755 1
8755 9
8756 11
8762 21
8762 28
8763 23
8763 10
8763 3
8765 1
8765 29
8765 15
8768 4
8768 4
8768 17
8778 1
8778 8
8780 24
8780 16
8782 18
8784 15
8784 2
8784 22
8785 8
8785 27
8786 29
8786 19
8786 12
8790 25
8790 6
8791 10
8792 27
8792 15
8793 19
8796 21
8799 22
8799 12
8799 7
8803 8
8803 19
8804 1
8804 20
8804 1
8809 7
8813 5
8814 26
8814 10
8815 18
8815 26
8815 23
8816 26
8816 26
8819 22
8820 28
8821 11
8822 21
8822 1
8822 16
8825 13
8825 17
8827 10
8827 28
8827 14
8829 6
8829 14
8829 21
8831 24
8831 11
8832 28
8832 11
8835 7
8835 27
8835 14
8838 21
8841 19
8841 30
8841 14
8843 18
8843 8
8843 8
8848 1
8848 11
8848 5
8855 8
8857 15
8857 5
8857 19
8859 2
8859 3
8863 13
8863 29
8863 20
8864 27
8865 4
8869 30
8872 28
8872 25
8872 25
8873 11
8873 23
8875 14
8875 13
8877 28
8877 17
8878 19
8878 20
8878 17
8880 23
8880 12
8880 6
8882 23
8886 17
8886 8
8888 24
8888 25
8889 8
8892 20
8892 22
8894 1
8897 4
8899 19
8899 23
8899 3
8904 29
8904 13
8904 21
8908 28
8908 25
8909 9
8909 14
8910 3
8910 13
8910 8
8911 26
8912 2
8912 26
8912 14
8914 5
8915 1
8921 1
8921 17
8921 2
8923 9
8923 30
8924 10
8928 5
8928 1
8928 23
8930 30
8930 9
8930 29
8931 1
8931 11
8931 10
8935 23
8935 16
8935 24
8937 21
8937 12
8938 12
8938 17
8938 22
8940 28
8942 9
8942 4
8942 3
8945 8
8945 18
8946 28
8947 9
8947 13
8952 19
8954 11
8954 8
8954 20
8957 29
8957 8
8957 28
8959 26
8959 25
8959 19
8961 19
8961 23
8963 11
8964 27
8964 29
8967 4
8967 19
8969 6
8970 18
8970 11
8972 14
8972 4
8972 30
8973 5
8973 18
8973 5
8974 5
8978 26
8978 14
8978 29
8983 27
8983 5
8983 23
8986 22
8987 3
8988 16
8988 6
8990 22
8991 23
8991 27
8991 12
8993 6
8996 9
8996 13
8996 15
8997 2
8997 9
8997 17
8998 21
8998 16
8998 26
8999 2
9000 4
9000 21
9000 5
9002 29
9002 4
9003 26
9003 21
9003 18
9004 16
9005 9
9006 5
9006 15
9008 19
9009 12
9012 9
9012 19
9012 11
9016 13
9023 22
9023 28
9023 27
9024 10
9024 1
9024 24
9025 14
9028 17
9028 10
9029 26
9032 26
9033 30
9034 6
9035 20
9036 25
9036 30
9037 13
9037 21
9037 20
9038 14
9039 11
9039 17
9039 4
9041 29
9044 27
9044 26
9044 28
9046 29
9046 14
9046 3
9049 16
9049 2
9052 9
9052 9
9057 17
9058 7
9059 1
9059 4
9060 4
9060 1
9060 15
9063 12
9064 15
9066 21
9066 22
9066 24
9068 29
9068 23
9068 25
9070 1
9070 2
9070 26
9073 24
9073 16
9074 22
9075 23
9075 8
9079 24
9079 21
9080 29
9083 2
9083 26
9084 10
9084 26
9085 17
9086 17
9086 18
9088 29
9088 6
9088 6
9089 9
9089 6
9089 10
9091 2
9091 11
9091 24
9093 24
9093 28
9093 6
9096 26
9096 2
9097 13
9097 1
9097 26
9099 9
9099 4
9099 26
9100 27
9100 6
9101 12
9107 28
9108 25
9108 5
9108 20
9109 20
9109 10
9109 14
9112 11
9112 3
9112 21
9116 25
9116 9
9116 23
9117 19
9119 3
9121 3
9125 6
9125 9
9125 17
9126 5
9127 12
9127 4
9129 26
9129 20
9132 5
9132 22
9132 30
9133 2
9134 22
9135 13
9135 9
9135 9
9140 9
9140 29
9140 3
9141 1
9141 24
9144 4
9145 5
9145 15
9145 25
9146 5
9146 4
9146 6
9147 24
9147 18
9147 23
9148 11
9148 29
9148 24
9149 7
9150 17
9150 10
9151 12
9151 29
9151 9
9152 4
9153 11
9153 14
9154 18
9155 26
9155 30
9156 8
9156 5
9157 30
9157 11
9159 7
9162 24
9162 1
9162 2
9163 6
9163 21
9165 14
9165 9
9167 18
9167 2
9168 16
9168 15
9169 7
9169 9
9169 15
9175 27
9176 28
9176 6
9176 28
9177 3
9177 10
9181 26
9181 25
9185 2
9185 13
9187 24
9187 17
9187 1
9192 24
9192 2
9195 30
9195 23
9195 21
9196 14
9196 16
9196 9
9203 1
9203 27
9204 28
9206 15
9206 30
9206 12
9209 4
9209 21
9209 24
9210 13
9210 22
9210 21
9213 7
9213 5
9214 29
9215 24
9215 17
9215 21
9216 17
9216 20
9222 3
9222 2
9224 1
9225 30
9228 9
9230 5
9231 19
9237 12
9237 25
9237 10
9238 1
9238 12
9238 11
9241 15
9241 2
9243 16
9244 20
9248 18
9248 4
9249 9
9249 18
9249 4
9255 8
9255 28
9255 27
9257 9
9257 11
9262 23
9262 17
9263 17
9263 6
9264 17
9264 27
9265 28
9265 2
9266 13
9268 20
9268 22
9268 9
9270 9
9270 8
9272 17
9276 23
9276 23
9277 8
9277 21
9278 13
9278 11
9279 6
9283 23
9285 27
9286 22
9286 29
9286 10
9287 30
9287 30
9287 7
9290 25
9290 25
9291 21
9291 7
9293 24
9293 1
9294 19
9294 19
9294 19
9295 3
9295 1
9296 22
9297 4
9297 4
9297 18
9300 26
9300 30
9302 16
9303 8
9303 11
9303 28
9304 7
9304 17
9304 16
9305 1
9305 29
9305 22
9306 29
9306 24
9306 30
9308 18
9308 26
9308 22
9311 1
9311 18
9312 21
9312 28
9313 11
9313 15
9317 12
9317 21
9319 4
9321 9
9325 21
9330 25
9333 7
9334 10
9335 4
9335 10
9337 15
9337 19
9337 20
9338 13
9339 15
9340 17
9342 30
9346 17
9347 5
9351 14
9352 29
9352 5
9352 10
9353 12
9353 21
9358 20
9359 1
9359 25
9362 19
9362 6
9362 1
9363 17
9363 11
9364 14
9364 17
9366 9
9366 7
9366 17
9367 23
9367 9
9368 20
9369 8
9374 28
9374 18
9376 12
9377 2
9380 24
9380 12
9380 11
9381 1
9382 26
9382 14
9383 16
9383 5
9387 16
9391 13
9391 26
9394 27
9395 25
9395 23
9395 12
9398 2
9398 12
9399 12
9399 30
9399 14
9400 8
9401 9
9401 6
9401 9
9402 30
9402 9
9404 8
9404 29
9406 27
9409 25
9410 22
9410 30
9411 9
9411 1
9411 25
9412 28
9412 12
9412 30
9414 4
9414 22
9414 19
9416 20
9418 26
9418 8
9418 22
9420 8
9420 20
9420 10
9422 24
9422 10
9422 28
9427 10
9429 4
9429 6
9431 17
9432 3
9432 20
9433 13
9433 28
9433 28
9434 12
9434 1
9435 4
9435 18
9435 28
9437 30
9441 6
9441 26
9441 8
9442 26
9442 9
9442 27
9443 1
9443 29
9447 2
9448 2
9448 25
9448 9
9450 18
9450 20
9450 19
9452 27
9455 11
9457 23
9457 3
9459 26
9459 29
9465 2
9465 9
9465 21
9466 26
9468 26
9468 23
9470 17
9470 12
9470 30
9471 15
9473 6
9473 18
9477 13
9478 6
9478 7
9479 19
9479 25
9480 19
9480 6
9480 15
9481 5
9483 7
9483 20
9483 25
9484 7
9484 27
9485 27
9485 28
9485 19
9486 22
9486 3
9493 10
9495 6
9495 18
9495 4
9496 12
9497 7
9498 18
9498 7
9505 23
9505 23
9506 4
9506 11
9506 11
9508 26
9508 25
9508 7
9510 1
9510 17
9511 20
9511 29
9511 16
9512 24
9513 3
9513 13
9515 2
9517 16
9517 24
9520 14
9520 27
9520 25
9522 6
9523 1
9526 26
9528 6
9528 14
9528 27
9529 3
9529 22
9529 13
9531 25
9531 18
9532 2
9534 4
9534 20
9534 10
9535 16
9535 14
9539 17
9541 5
9541 14
9541 15
9544 7
9544 13
9544 28
9545 17
9545 23
9546 24
9546 6
9547 2
9547 20
9560 17
9561 5
9561 17
9561 24
9564 6
9564 11
9565 1
9565 7
9566 7
9566 16
9566 29
9568 13
9568 25
9568 18
9569 21
9569 19
9569 30
9570 24
9570 20
9571 25
9571 19
9574 28
9574 15
9574 27
9576 23
9577 14
9577 5
9578 5
9579 28
9580 14
9582 3
9582 2
9584 9
9585 30
9585 24
9588 17
9589 27
9589 17
9590 11
9590 20
9593 26
9598 10
9598 7
9598 18
9600 5
9601 24
9602 17
9602 18
9602 17
9603 1
9603 17
9603 6
9604 22
9605 2
9607 21
9607 2
9608 30
9610 13
9611 23
9614 16
9614 9
9614 24
9615 27
9618 10
9619 14
9619 10
9619 24
9620 16
9621 14
9625 27
9625 10
9625 26
9627 18
9627 28
9627 26
9628 1
9628 20
9631 21
9631 24
9636 21
9642 14
9642 29
9642 28
9643 9
9643 16
9643 10
9646 4
9646 1
9647 28
9647 21
9649 9
9652 12
9652 9
9652 4
9653 4
9653 8
9655 16
9655 17
9660 11
9660 1
9660 12
9661 5
9662 1
9662 3
9662 24
9664 24
9664 18
9665 7
9665 27
9666 21
9666 8
9668 8
9668 9
9668 6
9669 28
9669 3
9669 3
9670 12
9670 14
9670 27
9671 16
9673 24
9673 27
9673 5
9675 24
9678 19
9679 20
9679 7
9679 21
9680 26
9680 18
9680 15
9682 11
9683 12
9683 30
9684 18
9684 5
9684 21
9687 18
9687 10
9693 2
9694 7
9694 24
9695 12
9696 11
9696 19
9696 17
9698 21
9698 29
9698 13
9702 13
9703 19
9705 7
9705 17
9705 21
9710 14
9710 30
9714 1
9715 24
9715 26
9716 7
9716 25
9717 8
9722 28
9728 23
9728 21
9728 25
9730 27
9730 14
9733 9
9733 25
9733 19
9740 2
9740 30
9741 4
9743 22
9743 28
9744 12
9745 22
9748 5
9749 24
9750 2
9750 30
9751 26
9755 24
9755 27
9755 25
9756 24
9756 6
9756 18
9759 21
9759 3
9760 12
9760 3
9760 18
9762 18
9762 16
9765 21
9766 29
9766 20
9766 6
9767 3
9767 25
9768 17
9771 9
9774 22
9774 3
9780 25
9780 7
9782 6
9785 3
9785 4
9785 3
9788 1
9788 18
9789 17
9789 18
9789 10
9791 22
9792 30
9792 28
9792 14
9793 7
9794 10
9794 30
9794 4
9796 2
9796 5
9796 11
9798 2
9798 13
9798 25
9801 21
9802 24
9802 21
9802 10
9804 25
9804 14
9804 3
9805 11
9807 13
9809 11
9810 14
9810 20
9811 23
9811 17
9813 23
9813 7
9815 11
9815 16
9816 20
9816 22
9816 3
9817 16
9817 19
9821 5
9827 27
9828 20
9828 19
9831 3
9831 30
9836 3
9836 21
9837 7
9837 17
9837 27
9838 16
9838 18
9839 17
9839 18
9839 22
9843 30
9843 2
9846 16
9846 16
9847 26
9847 20
9847 28
9848 12
9848 28
9848 11
9849 14
9849 14
9850 25
9850 17
9850 18
9851 30
9851 12
9851 6
9852 22
9852 20
9853 4
9853 19
9855 4
9856 24
9859 14
9862 27
9865 13
9866 18
9868 14
9868 12
9869 17
9871 22
9872 13
9872 16
9873 11
9873 13
9873 24
9874 11
9874 18
9877 1
9877 8
9877 24
9878 11
9882 26
9882 22
9883 29
9886 17
9886 9
9886 16
9887 16
9890 3
9890 29
9891 4
9891 29
9891 25
9893 1
9893 1
9894 17
9895 28
9896 13
9897 8
9897 16
9898 16
9898 24
9899 7
9899 17
9899 8
9900 4
9900 22
9900 8
9902 12
9902 28
9904 21
9904 10
9906 21
9906 20
9906 3
9908 23
9908 16
9908 4
9909 1
9909 13
9909 17
9910 12
9910 8
9910 6
9911 15
9912 7
9912 8
9912 18
9914 24
9914 1
9914 18
9915 24
9915 6
9917 24
9917 6
9917 26
9918 3
9918 23
9919 17
9923 5
9926 18
9926 24
9928 28
9928 30
9929 3
9930 15
9932 12
9932 29
9933 8
9933 10
9935 29
9935 12
9936 28
9938 27
9938 5
9940 2
9942 23
9942 19
9943 5
9943 8
9944 8
9944 10
9947 27
9947 6
9947 25
9948 12
9949 28
9949 29
9950 7
9950 4
9952 20
9953 14
9954 17
9960 8
9960 26
9964 3
9964 26
9964 12
9965 25
9965 28
9966 10
9967 3
9968 30
9968 11
9971 2
9972 16
9973 9
9973 19
9974 18
9974 7
9974 18
9975 18
9975 15
9977 13
9977 23
9977 23
9982 18
9982 17
9983 16
9983 17
9984 16
9985 1
9986 14
9986 14
9989 11
9991 3
9991 9
9991 9
9994 6
9995 5
9995 2
9995 5
9998 2
9998 2
9998 2
9999 1
