7000 8000
1 462
1 350
1 263
1 398
1 292
4 351
4 165
4 468
4 330
9 75
9 273
9 204
9 142
9 397
15 326
18 145
18 348
18 391
20 44
20 138
20 102
21 492
22 4
22 483
34 377
34 461
34 373
34 485
34 100
34 134
35 139
35 320
35 37
35 140
35 40
35 364
38 24
38 320
42 209
42 347
42 109
42 476
42 490
42 260
44 254
44 263
44 416
44 154
44 477
44 390
46 156
46 494
46 118
46 423
46 438
46 237
47 197
47 410
47 101
49 59
51 463
51 212
51 314
51 228
51 107
54 237
54 320
54 48
54 322
54 493
54 8
60 184
60 72
60 76
60 53
60 45
60 51
64 72
64 476
65 131
65 326
67 391
67 231
67 172
68 217
72 128
72 332
72 146
72 237
77 469
77 88
77 18
78 59
83 340
83 406
83 54
84 25
84 84
84 192
86 39
86 313
86 383
86 84
86 424
96 193
96 253
96 418
96 482
96 150
100 480
100 216
101 474
101 466
101 265
110 154
110 15
112 185
112 384
112 125
112 302
115 291
115 64
115 490
124 329
124 316
124 216
124 326
124 294
124 174
130 122
130 240
130 118
130 198
130 81
132 383
132 273
132 320
133 420
133 28
133 174
133 158
133 327
133 256
134 358
146 340
146 329
149 353
149 37
150 275
154 164
157 414
157 494
157 92
157 76
157 361
158 71
160 317
160 421
160 362
162 427
162 258
162 373
162 184
162 290
167 15
167 191
167 416
167 415
167 418
169 332
169 136
170 295
170 270
171 160
171 340
171 470
171 75
171 482
171 118
175 254
184 491
184 165
188 127
188 16
189 319
189 256
192 279
192 107
192 357
192 455
192 400
192 367
195 169
195 92
195 122
195 43
195 348
198 325
198 473
198 493
201 379
201 469
204 186
204 25
204 128
204 459
204 323
204 436
206 480
206 80
206 450
212 486
217 41
217 281
217 101
217 275
217 422
217 244
222 487
222 80
222 104
222 112
222 487
222 77
223 129
223 292
223 337
223 143
223 416
223 442
226 365
229 113
229 86
229 283
229 23
229 257
229 121
231 72
231 340
231 121
234 49
234 355
235 441
235 479
235 248
238 144
238 90
238 266
238 73
238 23
239 291
239 252
239 342
240 330
240 97
240 488
240 39
240 12
240 65
241 51
241 136
241 455
241 330
241 278
241 212
243 419
243 496
245 283
245 333
246 377
246 449
246 46
246 366
246 351
251 380
251 275
254 351
254 64
254 250
254 328
254 76
254 112
256 274
256 128
256 54
257 295
259 64
259 479
260 272
260 235
260 395
260 310
262 308
262 127
262 206
268 100
268 456
268 167
268 208
269 30
271 305
271 98
271 33
272 346
272 74
272 249
272 195
273 412
273 210
273 46
273 131
279 115
279 378
279 80
284 475
284 311
284 159
284 17
284 434
285 454
285 214
285 195
285 183
285 346
291 51
291 495
291 69
291 393
291 203
301 208
301 380
301 30
307 31
314 121
314 372
314 221
314 485
314 134
320 478
320 58
320 336
320 124
320 98
320 455
325 431
325 11
325 166
328 180
328 471
328 266
328 392
328 458
330 247
330 305
331 373
331 361
331 498
331 282
331 246
334 451
334 257
334 314
334 300
335 428
335 49
335 154
335 316
335 25
335 50
336 33
336 231
336 272
337 72
337 221
337 330
340 346
340 5
340 310
340 97
340 452
342 377
342 22
342 75
342 298
342 336
345 276
345 132
345 218
345 74
345 464
345 291
346 203
346 66
348 380
348 208
348 248
348 209
349 125
349 353
349 372
349 240
349 80
351 165
351 186
355 459
355 309
355 62
355 483
355 129
355 225
356 337
356 429
360 169
360 495
360 256
365 434
365 360
365 334
365 469
365 243
367 425
367 353
367 201
367 289
367 152
367 354
375 402
375 415
375 30
375 77
375 166
375 376
376 470
382 351
382 24
382 28
382 210
382 337
383 265
394 326
394 240
396 62
398 353
398 235
398 320
398 7
398 208
398 257
401 264
401 410
401 18
401 205
406 220
406 141
406 333
406 283
406 232
409 277
409 326
409 59
409 32
409 199
409 73
417 436
417 466
418 270
418 114
418 28
418 71
418 106
418 163
419 292
419 297
419 204
419 176
420 410
420 240
420 450
420 342
420 488
421 143
421 407
421 208
421 404
430 112
430 360
431 91
431 142
432 212
432 231
432 214
432 24
432 332
435 190
435 61
435 77
435 344
439 305
439 145
439 172
439 163
442 299
445 401
445 142
445 11
446 319
446 312
446 243
449 322
449 156
449 238
449 112
449 432
449 73
451 414
451 202
451 134
451 473
451 466
451 378
452 57
452 18
452 378
452 160
452 329
452 194
453 65
454 258
454 301
457 352
460 380
460 301
460 478
460 494
464 459
464 85
464 494
464 498
464 247
465 149
465 156
465 202
465 302
469 170
469 119
469 236
469 81
469 346
469 108
472 105
472 442
472 245
472 213
474 49
474 147
474 157
474 354
474 466
479 257
479 9
479 368
479 424
479 389
484 119
485 109
485 352
485 429
485 157
485 18
485 211
494 113
494 440
494 359
496 90
496 18
496 403
496 150
499 200
499 225
499 319
499 380
499 8
499 363
505 130
505 26
506 395
506 299
506 239
507 163
507 307
507 297
507 485
509 270
509 482
513 410
514 317
523 293
524 80
524 338
524 312
524 343
524 352
525 93
525 178
525 254
525 5
526 249
526 364
526 102
526 4
526 479
530 145
530 359
530 449
534 336
535 136
535 344
535 104
539 324
539 361
539 415
539 190
545 56
545 323
545 90
545 18
548 439
548 109
548 151
548 490
553 94
556 182
556 325
556 366
556 442
556 74
557 191
557 199
557 114
557 133
557 73
562 390
562 251
567 204
567 390
567 31
569 90
569 197
569 209
569 398
572 43
579 13
579 474
579 277
579 452
579 434
582 473
589 275
589 332
589 2
589 150
589 90
596 85
596 481
596 452
596 480
596 205
596 304
597 382
598 490
598 255
598 52
598 87
598 463
609 489
609 422
611 27
611 367
611 359
611 237
613 36
613 294
613 210
613 176
613 403
613 256
614 390
614 11
614 467
614 169
618 362
618 408
618 261
620 288
620 393
620 244
620 177
624 268
624 282
624 29
624 195
625 485
626 193
626 457
627 160
627 97
627 422
627 321
627 249
627 466
632 19
632 171
632 311
632 463
632 194
632 66
633 52
633 404
633 109
633 250
633 500
634 4
634 453
634 116
635 440
635 444
635 253
635 87
635 190
637 185
639 290
639 161
639 373
642 210
642 112
645 185
645 22
645 450
648 403
648 259
651 186
651 106
651 64
651 82
651 443
653 197
653 227
654 176
655 112
655 384
655 44
656 172
656 282
656 144
656 408
656 427
657 390
657 77
657 162
658 127
658 329
658 329
658 347
658 485
658 195
659 489
659 342
659 369
661 462
661 452
674 467
674 38
674 123
674 300
679 316
679 115
679 247
687 196
691 368
696 239
696 70
698 128
698 157
698 289
698 32
703 350
703 90
703 314
703 413
705 180
705 479
705 19
705 58
705 191
709 163
709 52
709 157
709 438
709 393
709 107
710 462
710 41
710 295
710 57
710 268
710 320
717 13
717 99
717 348
721 240
721 96
723 64
723 424
723 87
723 263
728 495
728 458
728 27
728 26
728 465
730 295
730 441
730 259
730 376
730 178
737 430
737 324
737 233
737 58
741 265
741 204
743 374
743 322
748 210
748 367
753 254
753 216
753 65
753 365
753 15
755 469
755 292
755 373
755 48
755 381
757 287
757 355
757 433
758 254
758 351
758 213
758 374
759 326
759 291
759 284
759 303
760 258
760 103
760 122
760 216
760 409
763 301
763 312
763 253
765 489
765 239
765 224
765 370
765 80
765 98
766 316
766 92
766 36
766 70
771 441
771 79
772 332
772 475
772 429
774 383
774 200
774 210
774 498
774 126
776 394
776 474
776 49
779 295
791 78
791 14
791 192
792 485
792 51
792 96
793 402
793 150
793 459
797 68
797 338
797 396
797 29
797 226
801 155
801 128
804 31
805 315
811 235
811 167
811 196
811 62
811 338
812 275
812 255
812 146
812 459
812 388
823 44
823 490
823 114
823 65
823 208
824 67
824 36
824 442
824 173
824 400
827 61
827 145
827 47
827 295
827 153
828 344
828 11
830 166
831 462
831 66
832 267
832 65
835 4
835 184
835 377
837 152
840 241
840 75
840 339
840 370
840 119
841 71
844 115
844 11
844 456
844 256
846 84
846 319
846 431
846 285
846 472
846 205
847 74
847 404
847 196
847 483
847 127
848 322
848 84
848 398
848 432
849 380
849 161
855 459
855 408
855 236
855 363
855 290
855 85
858 263
858 206
858 103
861 116
861 407
862 104
862 401
862 445
862 46
866 241
866 478
866 378
866 46
871 295
871 339
871 75
872 186
872 394
872 333
872 286
872 252
880 388
880 280
884 43
889 497
889 430
889 2
889 381
889 367
893 60
897 311
897 3
897 66
899 13
899 287
906 204
906 184
906 287
906 84
906 262
908 49
914 380
914 329
914 365
914 100
914 69
918 107
919 406
919 139
919 311
919 194
919 180
919 334
923 264
923 258
923 184
923 397
925 381
925 4
925 89
925 62
925 393
925 347
926 407
926 46
926 91
926 284
926 130
926 492
929 172
929 142
932 50
932 3
932 56
932 466
932 480
937 62
937 378
939 291
939 264
939 404
940 289
940 282
940 57
948 5
948 54
948 17
948 106
948 149
948 382
950 318
954 226
954 218
954 255
954 71
954 225
954 471
961 452
961 48
961 400
968 69
968 257
968 26
968 232
968 296
971 335
971 203
971 224
971 58
971 202
971 433
972 86
972 365
972 334
972 217
972 433
976 194
976 316
976 484
976 78
977 242
977 290
978 479
980 288
980 20
981 207
996 253
996 462
996 220
996 145
996 100
996 424
997 409
998 134
998 6
998 357
999 307
999 266
999 130
1000 289
1000 431
1000 278
1000 48
1000 388
1000 249
1001 124
1001 382
1002 428
1002 290
1002 171
1002 340
1002 67
1002 150
1004 11
1004 481
1004 384
1006 476
1006 233
1006 497
1006 139
1006 139
1006 421
1011 235
1011 209
1012 275
1012 422
1012 369
1012 162
1012 166
1013 71
1013 247
1013 456
1013 311
1015 491
1015 191
1015 417
1021 175
1021 296
1021 206
1021 492
1022 338
1022 302
1022 403
1032 15
1032 248
1032 11
1032 118
1037 188
1037 296
1039 471
1039 156
1039 145
1044 226
1049 264
1049 275
1049 278
1049 295
1049 206
1049 70
1050 470
1050 88
1050 247
1050 387
1051 400
1051 108
1053 261
1053 398
1054 93
1056 173
1056 290
1056 21
1058 225
1058 439
1058 276
1060 490
1062 462
1062 307
1062 51
1062 251
1062 403
1082 353
1082 113
1082 90
1082 402
1091 73
1091 7
1091 281
1091 496
1091 47
1093 272
1093 442
1093 86
1093 408
1093 340
1094 77
1094 154
1095 26
1095 198
1095 402
1095 33
1095 255
1100 423
1100 6
1100 238
1100 129
1100 344
1101 454
1101 300
1101 25
1101 472
1101 42
1103 476
1103 211
1103 98
1103 62
1103 386
1103 207
1104 384
1104 223
1104 454
1113 71
1113 87
1113 341
1113 151
1113 174
1113 35
1114 245
1116 155
1116 357
1116 210
1116 210
1116 307
1121 174
1121 365
1121 376
1123 88
1129 162
1131 340
1131 269
1131 354
1131 166
1131 116
1132 360
1132 337
1132 291
1132 62
1132 385
1132 367
1133 35
1133 365
1137 203
1137 143
1137 411
1137 472
1137 312
1137 424
1138 404
1138 161
1138 204
1138 8
1142 102
1142 49
1142 302
1142 98
1142 290
1142 34
1146 385
1148 49
1150 342
1151 43
1151 415
1151 324
1151 332
1151 416
1151 237
1155 419
1155 350
1155 440
1155 101
1155 456
1159 211
1159 315
1159 186
1159 244
1159 353
1162 212
1163 187
1163 219
1163 388
1164 140
1164 347
1169 223
1169 36
1169 372
1175 95
1177 28
1177 291
1177 429
1178 136
1178 182
1178 310
1178 192
1178 266
1178 297
1182 309
1182 305
1182 246
1182 95
1185 33
1185 363
1185 19
1185 240
1185 388
1190 267
1190 484
1195 73
1195 18
1195 409
1197 242
1197 295
1208 326
1208 488
1208 451
1208 122
1208 114
1209 374
1209 63
1209 284
1209 467
1209 369
1209 236
1211 66
1211 432
1211 342
1211 456
1211 277
1211 391
1213 33
1220 477
1220 65
1220 281
1231 179
1233 160
1233 381
1233 254
1233 142
1233 466
1233 139
1234 54
1234 117
1234 384
1234 109
1237 316
1240 13
1240 61
1242 357
1242 289
1242 243
1243 363
1243 204
1243 76
1243 164
1243 486
1245 313
1245 4
1245 421
1245 224
1245 329
1245 398
1248 41
1248 196
1252 80
1252 274
1252 91
1252 9
1252 221
1252 281
1255 494
1255 13
1255 129
1255 155
1255 47
1257 152
1258 209
1258 21
1258 409
1258 63
1259 457
1259 42
1259 149
1259 451
1268 51
1269 374
1269 422
1269 362
1269 387
1271 290
1273 104
1273 320
1273 470
1273 237
1274 390
1274 107
1275 276
1277 458
1277 399
1277 93
1277 442
1277 444
1278 177
1278 280
1279 332
1279 421
1279 367
1279 333
1279 429
1281 385
1281 240
1281 105
1281 437
1282 130
1282 318
1283 9
1283 394
1283 239
1283 50
1283 410
1284 472
1284 308
1284 246
1284 211
1287 29
1287 265
1287 290
1288 67
1288 240
1288 473
1288 66
1288 222
1288 267
1289 227
1289 391
1289 331
1289 202
1290 449
1290 144
1290 392
1290 343
1290 10
1295 199
1295 422
1295 83
1303 158
1303 105
1303 164
1303 39
1303 283
1304 464
1304 369
1307 217
1307 403
1316 408
1316 173
1320 447
1320 192
1320 414
1321 494
1322 242
1322 301
1322 186
1322 372
1324 215
1324 387
1324 135
1325 490
1325 265
1325 344
1325 338
1325 49
1327 65
1327 491
1327 74
1327 459
1327 451
1328 147
1328 118
1328 458
1328 247
1329 457
1329 353
1329 120
1331 271
1331 231
1331 428
1332 293
1332 123
1332 499
1334 377
1334 170
1334 10
1339 426
1339 317
1339 260
1339 340
1339 435
1340 469
1340 370
1340 126
1343 123
1343 320
1343 22
1343 126
1343 163
1345 136
1345 109
1345 392
1345 333
1353 413
1353 431
1353 467
1354 213
1354 431
1356 308
1356 229
1356 325
1357 309
1358 193
1358 379
1358 7
1358 89
1358 399
1366 268
1367 169
1371 261
1371 324
1371 182
1373 164
1373 226
1373 22
1373 434
1373 268
1373 297
1377 141
1377 287
1377 377
1377 274
1377 187
1378 192
1378 154
1379 101
1379 127
1379 249
1385 170
1385 144
1385 429
1385 319
1385 346
1385 189
1386 90
1386 117
1386 138
1387 171
1387 42
1387 28
1388 87
1388 165
1388 373
1388 239
1391 306
1391 305
1391 457
1391 2
1391 269
1391 185
1393 109
1393 445
1393 331
1393 412
1394 412
1394 314
1394 102
1394 124
1394 278
1412 64
1412 239
1419 141
1420 268
1420 324
1420 113
1420 491
1420 50
1420 279
1422 355
1422 58
1423 30
1424 415
1424 357
1424 256
1424 243
1424 492
1425 10
1427 282
1427 400
1427 308
1427 469
1433 323
1433 134
1433 168
1433 37
1433 309
1435 84
1435 59
1435 167
1435 35
1436 435
1436 473
1443 22
1443 116
1443 390
1443 61
1443 359
1446 159
1446 265
1446 265
1448 406
1448 23
1448 492
1457 450
1460 91
1460 95
1460 310
1460 283
1460 310
1460 156
1461 219
1461 103
1464 21
1464 115
1464 335
1464 192
1464 386
1465 185
1465 93
1465 368
1465 248
1467 236
1469 240
1469 420
1469 161
1469 88
1469 181
1469 89
1473 8
1473 113
1473 269
1473 332
1475 427
1479 115
1484 327
1489 281
1489 316
1491 292
1491 451
1491 146
1491 254
1491 22
1491 401
1494 154
1494 308
1494 367
1494 131
1495 463
1495 367
1495 243
1495 135
1495 301
1495 96
1497 380
1497 215
1497 78
1497 318
1499 9
1499 484
1499 83
1499 63
1499 213
1504 335
1514 227
1514 416
1514 255
1517 348
1517 354
1517 470
1517 252
1517 163
1517 217
1518 310
1518 64
1518 467
1524 366
1524 45
1528 207
1533 92
1533 481
1533 325
1533 168
1533 445
1533 194
1534 259
1535 22
1535 420
1536 211
1536 112
1542 155
1542 477
1542 172
1542 237
1542 19
1542 135
1549 5
1549 99
1549 135
1549 70
1551 477
1551 336
1552 232
1552 279
1552 217
1552 401
1552 445
1552 115
1554 407
1554 253
1554 380
1554 484
1554 368
1554 81
1556 344
1556 182
1556 119
1556 465
1556 468
1556 239
1557 117
1557 458
1557 261
1557 312
1557 344
1559 29
1559 271
1560 161
1560 78
1560 66
1560 203
1560 290
1561 489
1561 237
1561 466
1561 295
1561 492
1561 10
1565 144
1565 271
1565 405
1565 110
1578 175
1578 305
1578 9
1584 415
1584 298
1584 52
1584 142
1584 151
1584 299
1586 458
1586 61
1586 268
1592 390
1592 85
1595 424
1595 149
1595 100
1595 52
1595 151
1595 187
1597 361
1597 446
1597 309
1600 41
1600 191
1600 276
1603 462
1603 150
1603 190
1605 441
1616 341
1616 68
1616 165
1616 236
1616 46
1616 223
1621 350
1621 330
1621 406
1624 144
1624 258
1624 133
1624 154
1624 183
1624 225
1625 160
1625 124
1625 137
1625 164
1625 282
1630 162
1630 12
1630 391
1630 231
1630 43
1630 2
1634 7
1634 341
1634 260
1634 344
1636 344
1636 18
1636 422
1638 342
1638 332
1638 344
1638 22
1638 338
1638 95
1640 229
1640 499
1640 327
1646 495
1646 51
1646 71
1646 112
1646 126
1658 228
1658 116
1658 102
1658 200
1658 8
1658 207
1663 369
1663 72
1663 65
1663 12
1664 137
1664 474
1664 333
1667 88
1667 462
1667 131
1667 2
1667 482
1667 186
1671 304
1671 146
1674 301
1674 295
1674 204
1674 41
1674 243
1676 17
1676 135
1676 334
1676 335
1676 396
1676 112
1679 7
1679 237
1679 472
1679 23
1680 40
1680 464
1680 251
1680 141
1680 359
1682 294
1686 117
1686 328
1686 237
1686 99
1686 83
1686 141
1695 245
1695 70
1696 160
1696 489
1696 453
1696 221
1696 302
1696 333
1703 298
1703 485
1703 283
1703 101
1704 11
1705 414
1705 386
1707 291
1707 190
1707 246
1709 87
1709 96
1709 9
1711 368
1711 350
1711 77
1711 230
1711 463
1711 124
1713 475
1713 261
1713 152
1713 278
1713 332
1714 338
1719 300
1719 342
1719 46
1721 33
1726 7
1726 18
1726 25
1726 270
1726 98
1726 106
1729 471
1729 262
1729 401
1729 470
1732 189
1732 295
1732 82
1732 431
1732 178
1739 90
1739 340
1741 253
1741 241
1741 365
1741 159
1741 214
1741 491
1743 453
1743 356
1743 86
1743 484
1743 158
1743 110
1744 252
1744 358
1744 249
1746 224
1746 324
1746 163
1746 59
1746 426
1746 387
1757 320
1757 73
1757 316
1757 223
1760 268
1760 69
1760 423
1760 214
1760 34
1768 245
1768 236
1768 31
1773 469
1773 96
1774 474
1774 290
1774 343
1774 239
1774 392
1774 369
1775 436
1775 223
1776 397
1776 330
1776 197
1780 151
1780 64
1780 140
1780 257
1780 441
1781 490
1781 251
1781 187
1781 246
1781 35
1781 267
1786 308
1786 17
1786 410
1786 361
1786 406
1786 229
1788 261
1788 489
1788 59
1791 32
1791 477
1791 221
1794 147
1794 193
1794 35
1794 207
1794 80
1795 167
1795 351
1795 155
1795 2
1797 293
1797 8
1797 322
1797 437
1797 87
1797 66
1812 310
1812 26
1816 237
1816 371
1818 101
1818 172
1820 277
1820 36
1820 136
1820 465
1820 261
1825 375
1825 9
1825 95
1825 19
1831 81
1831 307
1831 34
1831 353
1832 86
1832 39
1834 413
1834 476
1834 38
1834 186
1834 363
1835 324
1835 400
1835 7
1835 257
1835 395
1836 226
1836 358
1836 336
1837 281
1837 432
1837 91
1837 104
1837 71
1839 92
1841 229
1841 384
1841 333
1841 198
1841 78
1848 416
1849 167
1849 317
1849 483
1850 351
1850 386
1851 61
1851 476
1851 331
1851 169
1851 470
1852 397
1852 94
1852 171
1852 97
1852 102
1852 298
1853 251
1853 346
1853 363
1853 151
1853 308
1853 284
1860 74
1860 391
1860 492
1862 304
1862 15
1862 500
1862 373
1862 87
1866 280
1875 286
1875 209
1883 429
1883 185
1883 126
1885 252
1885 438
1885 299
1885 76
1885 185
1886 72
1886 37
1886 149
1886 163
1886 9
1888 347
1888 245
1888 453
1895 233
1895 146
1896 28
1896 262
1903 449
1904 367
1905 320
1905 160
1909 432
1909 303
1909 351
1909 39
1918 446
1918 292
1919 385
1920 129
1920 88
1921 386
1921 98
1921 93
1921 371
1921 89
1921 71
1922 12
1922 264
1922 470
1922 260
1922 26
1925 21
1925 33
1925 450
1926 342
1926 116
1926 205
1926 26
1927 87
1927 161
1927 271
1928 274
1928 302
1928 412
1928 364
1931 267
1932 460
1932 71
1932 286
1932 238
1935 459
1935 355
1935 198
1936 18
1936 349
1936 35
1936 405
1936 174
1938 388
1938 469
1938 173
1939 184
1939 50
1939 229
1940 173
1940 69
1940 5
1940 429
1945 292
1945 137
1945 301
1945 395
1945 78
1946 126
1946 267
1946 68
1946 455
1946 219
1946 89
1947 407
1949 386
1949 307
1949 248
1952 257
1952 306
1952 319
1954 220
1954 455
1958 168
1958 274
1958 162
1966 14
1966 264
1966 240
1969 406
1969 344
1969 32
1971 364
1971 426
1971 248
1971 367
1971 298
1977 316
1977 244
1977 69
1977 325
1977 237
1984 445
1988 474
1988 155
1988 15
1990 223
1990 32
1990 93
1990 317
1990 433
1993 400
1993 107
2000 417
2001 335
2002 129
2002 299
2002 444
2002 145
2003 498
2004 209
2004 325
2004 1
2004 376
2004 62
2004 269
2008 426
2013 208
2013 335
2013 287
2013 437
2013 386
2014 416
2014 398
2015 276
2016 164
2016 167
2018 415
2018 493
2025 173
2027 210
2027 473
2027 64
2027 480
2028 477
2028 480
2030 77
2030 81
2030 484
2033 97
2033 49
2033 409
2036 211
2036 225
2036 405
2037 280
2037 384
2039 239
2042 163
2042 204
2042 158
2052 274
2052 195
2052 224
2052 11
2052 86
2055 371
2055 104
2056 357
2056 192
2056 421
2056 260
2056 294
2059 315
2059 451
2059 187
2060 66
2060 49
2062 3
2062 192
2064 481
2064 120
2069 280
2069 111
2069 254
2070 111
2070 103
2070 478
2071 141
2071 442
2071 239
2072 440
2072 395
2072 297
2073 175
2073 467
2073 76
2073 170
2073 61
2076 270
2076 109
2076 303
2082 216
2082 398
2085 273
2085 458
2085 248
2087 82
2087 272
2087 12
2087 163
2087 384
2090 417
2090 407
2090 98
2090 430
2090 392
2090 429
2091 122
2091 279
2091 393
2091 208
2091 316
2091 164
2093 317
2093 220
2102 421
2102 435
2102 247
2103 449
2103 85
2107 281
2107 143
2107 131
2107 257
2107 15
2111 86
2111 197
2111 66
2111 345
2112 263
2112 41
2112 376
2112 133
2112 417
2112 456
2113 121
2113 173
2113 161
2113 203
2113 496
2114 160
2114 281
2114 122
2114 299
2114 389
2114 491
2116 399
2116 264
2118 198
2118 68
2118 341
2118 303
2120 381
2120 150
2120 266
2123 309
2123 167
2123 35
2124 141
2127 195
2127 127
2127 469
2127 344
2127 4
2127 71
2130 73
2130 427
2130 222
2130 177
2135 92
2135 19
2138 435
2138 276
2138 337
2138 136
2139 172
2139 479
2141 117
2141 98
2141 65
2146 245
2148 60
2148 259
2148 105
2148 140
2149 341
2149 459
2149 221
2149 340
2149 9
2149 338
2151 149
2151 359
2151 367
2151 116
2163 378
2163 214
2163 304
2164 51
2164 71
2164 95
2164 302
2170 7
2170 447
2170 338
2170 403
2170 485
2170 61
2174 394
2174 442
2174 203
2184 94
2184 356
2184 373
2185 422
2185 42
2185 327
2185 311
2185 287
2185 197
2196 39
2196 186
2196 482
2196 361
2204 95
2204 493
2204 113
2205 224
2213 224
2213 447
2213 35
2213 34
2213 373
2215 101
2220 26
2220 91
2225 454
2225 72
2225 9
2225 424
2227 336
2227 14
2227 385
2227 282
2227 61
2227 109
2232 155
2232 315
2234 411
2234 264
2237 51
2237 389
2237 306
2237 204
2237 175
2237 138
2238 470
2239 152
2239 440
2240 183
2241 336
2241 70
2243 126
2244 259
2244 460
2244 277
2248 422
2248 5
2248 205
2255 303
2255 261
2261 448
2261 30
2261 136
2261 153
2261 344
2265 460
2265 357
2265 88
2266 76
2266 172
2266 316
2271 285
2271 477
2271 174
2271 223
2272 384
2272 461
2272 423
2272 406
2272 268
2274 200
2274 212
2274 88
2274 122
2274 386
2275 294
2275 400
2275 290
2275 133
2283 479
2283 152
2283 2
2284 451
2284 422
2284 451
2284 88
2284 482
2287 91
2290 378
2290 251
2291 266
2293 127
2293 253
2300 470
2300 302
2300 371
2300 377
2300 454
2300 153
2302 462
2307 39
2308 86
2308 288
2308 359
2308 182
2308 341
2310 113
2310 405
2310 214
2310 190
2312 358
2312 287
2312 212
2312 228
2312 355
2327 105
2327 151
2327 80
2327 267
2327 445
2336 441
2336 338
2336 269
2336 354
2336 407
2338 373
2338 409
2338 251
2338 207
2338 334
2342 52
2342 352
2342 466
2342 427
2342 169
2342 498
2344 141
2344 101
2347 342
2347 349
2347 28
2347 387
2352 467
2352 57
2352 2
2352 283
2352 18
2352 75
2353 195
2353 33
2353 215
2353 340
2353 136
2353 43
2354 488
2354 405
2354 338
2355 15
2355 141
2355 216
2355 71
2355 27
2355 78
2359 437
2359 201
2359 182
2360 250
2360 385
2360 286
2360 232
2363 195
2363 144
2365 11
2365 26
2365 206
2365 461
2365 490
2366 99
2366 405
2366 174
2367 159
2367 9
2367 256
2367 312
2367 52
2369 403
2369 366
2369 320
2370 160
2370 23
2378 300
2378 363
2381 218
2381 499
2381 192
2385 160
2385 413
2385 366
2389 18
2389 1
2390 344
2392 376
2392 315
2395 362
2395 9
2395 179
2396 429
2396 100
2396 322
2403 123
2404 114
2404 345
2404 421
2404 341
2404 480
2404 179
2407 431
2407 436
2407 258
2408 226
2408 310
2408 421
2408 6
2408 458
2410 259
2410 155
2410 169
2410 436
2411 369
2411 22
2413 133
2413 56
2413 374
2413 341
2413 192
2415 409
2415 339
2416 471
2416 242
2417 140
2424 482
2424 475
2425 264
2425 307
2425 13
2432 334
2432 293
2436 110
2436 162
2436 430
2436 88
2436 210
2440 158
2440 446
2440 297
2441 182
2444 384
2444 38
2444 59
2445 102
2445 287
2445 287
2445 368
2445 376
2446 392
2446 415
2446 213
2446 398
2446 149
2446 184
2447 278
2447 119
2447 182
2447 465
2447 458
2448 56
2448 460
2450 102
2451 169
2451 2
2456 374
2458 441
2458 421
2458 226
2463 96
2464 371
2464 480
2464 413
2464 197
2464 453
2466 140
2466 392
2466 150
2466 65
2466 232
2468 105
2470 365
2470 359
2471 419
2471 75
2472 259
2472 256
2472 316
2477 474
2477 365
2477 142
2477 324
2481 120
2481 159
2481 172
2481 277
2489 118
2507 230
2510 90
2512 137
2512 26
2512 243
2512 415
2512 175
2512 277
2520 354
2520 73
2520 270
2524 162
2524 418
2524 446
2524 424
2525 35
2525 33
2528 56
2533 175
2533 368
2533 119
2533 273
2533 160
2533 175
2534 302
2534 116
2534 347
2535 265
2535 386
2535 472
2535 27
2544 436
2544 44
2544 244
2544 176
2544 48
2546 388
2546 456
2546 206
2546 143
2546 53
2548 439
2548 89
2548 413
2548 186
2548 56
2548 386
2551 382
2553 186
2553 338
2553 93
2553 433
2553 299
2554 79
2554 252
2554 349
2554 241
2554 72
2554 272
2558 135
2558 249
2558 207
2558 151
2558 98
2562 390
2562 286
2562 452
2562 295
2562 347
2562 387
2566 58
2566 424
2566 400
2566 233
2566 354
2571 434
2571 105
2574 329
2574 304
2577 403
2577 72
2577 97
2577 236
2577 346
2578 316
2578 51
2578 210
2578 471
2578 65
2585 338
2585 366
2585 40
2585 3
2586 359
2586 3
2586 167
2589 425
2589 1
2589 68
2589 455
2589 223
2589 123
2602 341
2602 254
2603 207
2603 132
2603 282
2603 454
2605 228
2611 298
2611 338
2611 344
2611 88
2611 296
2611 375
2612 89
2612 421
2612 1
2612 118
2612 407
2612 37
2617 338
2617 287
2620 260
2620 291
2620 282
2620 48
2622 317
2622 489
2624 137
2624 236
2624 77
2624 301
2624 257
2624 102
2632 119
2632 213
2632 235
2633 79
2634 93
2634 19
2635 447
2635 140
2635 249
2637 122
2637 499
2641 20
2642 386
2642 496
2642 119
2642 149
2642 108
2646 89
2646 390
2646 190
2647 396
2647 490
2647 194
2647 402
2647 129
2649 130
2649 159
2649 279
2649 317
2649 326
2650 127
2650 436
2650 8
2650 286
2654 123
2665 259
2665 41
2665 281
2665 207
2665 446
2665 36
2666 261
2666 281
2666 341
2666 11
2666 159
2666 242
2673 34
2673 498
2673 21
2673 345
2674 332
2674 105
2681 6
2681 374
2681 174
2681 279
2682 451
2682 358
2682 373
2683 15
2683 252
2683 290
2683 5
2683 490
2686 324
2686 12
2686 378
2686 494
2686 384
2687 220
2687 217
2687 447
2687 50
2687 461
2689 36
2689 371
2689 381
2689 327
2690 222
2690 259
2690 70
2694 496
2694 333
2694 228
2694 66
2696 433
2696 396
2696 124
2699 464
2699 271
2706 434
2706 498
2706 71
2706 331
2706 423
2707 198
2707 347
2707 401
2707 56
2707 195
2707 442
2709 339
2713 297
2713 146
2713 153
2713 406
2713 336
2714 409
2720 465
2720 20
2720 477
2720 365
2722 286
2722 294
2725 309
2725 289
2725 290
2725 105
2727 169
2733 45
2733 226
2733 445
2733 469
2733 142
2733 478
2734 444
2734 113
2736 11
2736 495
2736 345
2738 82
2738 61
2738 492
2738 433
2738 273
2738 460
2740 341
2740 159
2740 13
2740 408
2740 115
2740 294
2741 433
2744 185
2744 414
2744 380
2744 297
2744 319
2746 50
2746 330
2748 432
2748 209
2748 60
2755 350
2755 419
2755 410
2755 58
2760 177
2760 441
2760 25
2760 160
2763 414
2775 416
2775 12
2775 102
2775 231
2775 348
2775 87
2777 407
2777 59
2777 258
2777 83
2777 235
2778 189
2778 500
2778 453
2778 449
2778 86
2781 370
2781 153
2783 143
2783 377
2783 452
2783 334
2783 306
2783 399
2787 112
2787 127
2787 192
2787 432
2787 296
2787 199
2788 263
2788 431
2788 306
2788 304
2788 18
2788 211
2791 384
2791 235
2791 204
2798 24
2798 116
2798 121
2802 282
2802 483
2802 60
2802 335
2802 138
2803 282
2803 284
2803 44
2803 204
2803 460
2806 285
2806 258
2808 294
2808 379
2809 220
2809 138
2809 228
2809 251
2809 75
2812 252
2812 149
2812 455
2812 286
2812 162
2812 80
2814 74
2814 433
2815 358
2815 241
2815 436
2815 127
2815 168
2818 15
2818 331
2818 165
2818 38
2820 103
2823 310
2823 87
2823 245
2823 398
2823 259
2825 477
2825 432
2825 497
2825 116
2825 223
2831 144
2831 86
2834 185
2836 227
2839 125
2839 149
2839 447
2839 223
2839 102
2839 466
2840 381
2840 426
2840 488
2840 225
2840 340
2840 36
2843 232
2843 255
2843 6
2843 168
2844 166
2844 239
2844 499
2844 55
2845 446
2845 384
2845 123
2845 251
2845 5
2846 369
2846 481
2846 346
2847 71
2847 382
2847 180
2848 442
2848 152
2848 235
2848 218
2848 373
2850 62
2850 473
2851 466
2852 38
2852 126
2852 68
2854 352
2854 360
2854 249
2854 258
2855 462
2855 483
2855 201
2858 138
2858 173
2858 97
2858 315
2858 463
2858 101
2861 11
2861 486
2861 56
2861 15
2867 11
2867 37
2867 497
2872 127
2872 119
2872 479
2873 30
2873 437
2873 434
2873 59
2873 221
2873 488
2880 136
2880 133
2883 444
2883 387
2886 83
2886 275
2886 55
2886 429
2887 22
2887 426
2887 393
2888 302
2890 134
2890 156
2890 413
2890 26
2890 419
2893 298
2893 373
2899 337
2899 51
2910 386
2910 177
2910 466
2911 204
2911 455
2911 169
2914 379
2915 157
2915 88
2915 299
2915 6
2918 392
2918 425
2920 17
2920 393
2920 9
2921 156
2921 61
2921 432
2921 282
2921 261
2921 458
2928 328
2928 92
2934 335
2934 447
2934 48
2934 494
2934 393
2934 375
2935 39
2935 162
2937 232
2937 364
2937 120
2937 436
2937 236
2942 86
2942 284
2942 59
2942 284
2942 476
2942 170
2943 190
2950 21
2950 278
2950 357
2952 277
2952 427
2952 121
2952 191
2952 325
2952 107
2957 326
2957 318
2957 186
2957 185
2957 235
2957 257
2960 178
2960 412
2962 456
2962 357
2962 465
2965 450
2965 298
2967 494
2967 202
2970 74
2970 13
2970 207
2970 108
2970 471
2978 19
2978 347
2978 456
2978 16
2978 148
2978 458
2980 37
2980 463
2980 485
2980 70
2980 243
2983 72
2983 127
2983 367
2983 479
2987 118
2987 460
2987 211
2987 37
2989 64
2989 447
2992 164
2992 279
2992 172
2992 214
2992 356
2992 413
3002 309
3002 324
3003 235
3003 152
3003 442
3003 15
3003 303
3012 233
3015 350
3015 248
3015 88
3015 466
3015 402
3016 352
3016 403
3016 297
3016 79
3016 249
3016 97
3018 180
3018 440
3021 254
3021 405
3021 238
3021 282
3021 211
3021 141
3022 218
3022 380
3022 396
3022 1
3023 71
3023 367
3023 158
3023 144
3023 216
3023 301
3025 473
3026 81
3026 446
3026 116
3029 272
3029 110
3029 239
3029 376
3029 351
3036 220
3036 174
3036 446
3036 211
3040 346
3040 408
3040 179
3040 441
3040 6
3047 210
3047 483
3047 403
3047 151
3048 296
3048 126
3048 66
3048 61
3048 134
3049 64
3049 168
3049 76
3052 453
3052 219
3052 410
3052 344
3052 122
3055 62
3055 372
3055 469
3055 353
3056 83
3056 109
3058 144
3058 453
3058 472
3058 410
3058 251
3060 14
3060 436
3060 295
3060 299
3064 477
3064 356
3064 157
3064 355
3069 478
3069 473
3069 284
3069 25
3069 135
3069 240
3071 15
3071 287
3071 54
3071 91
3071 383
3071 65
3072 308
3072 360
3072 482
3072 112
3072 348
3072 310
3074 64
3075 448
3075 328
3075 130
3075 68
3075 91
3077 401
3077 412
3077 26
3088 75
3091 177
3091 236
3091 33
3092 29
3092 27
3092 450
3092 95
3093 147
3093 36
3093 497
3093 102
3102 65
3102 469
3102 199
3102 123
3102 91
3110 115
3110 401
3110 334
3110 21
3110 382
3110 109
3111 461
3111 106
3111 260
3111 471
3111 321
3111 190
3112 108
3113 148
3113 2
3113 468
3117 308
3117 275
3117 227
3118 483
3118 112
3118 370
3118 243
3118 277
3118 469
3122 360
3122 208
3122 491
3122 465
3122 194
3124 169
3124 199
3124 407
3125 220
3125 429
3125 8
3125 468
3127 462
3127 497
3127 187
3127 388
3140 149
3140 482
3140 105
3140 209
3140 261
3140 428
3142 419
3142 352
3143 463
3143 128
3144 43
3145 117
3145 408
3145 390
3149 57
3149 67
3149 1
3149 240
3149 65
3151 210
3151 167
3152 92
3152 104
3152 11
3152 472
3155 27
3155 5
3155 373
3156 423
3156 251
3156 267
3156 196
3156 255
3157 426
3157 406
3157 252
3157 23
3157 377
3157 409
3159 417
3159 359
3159 75
3159 136
3160 331
3160 201
3160 95
3160 59
3161 341
3161 421
3161 87
3161 207
3161 258
3161 142
3163 245
3163 418
3163 132
3163 291
3163 313
3165 152
3165 2
3165 153
3165 347
3166 285
3166 257
3166 301
3170 198
3170 103
3170 141
3170 256
3172 113
3172 75
3172 140
3172 338
3174 500
3174 161
3174 81
3174 124
3181 241
3181 200
3181 209
3181 406
3181 379
3181 213
3185 495
3185 56
3185 251
3185 257
3185 421
3185 104
3187 20
3187 228
3187 81
3187 76
3187 350
3190 150
3196 484
3201 360
3201 430
3201 494
3201 185
3201 372
3202 42
3202 215
3202 206
3202 147
3202 141
3205 324
3205 193
3205 164
3205 271
3208 423
3208 363
3210 132
3210 368
3210 456
3210 5
3214 105
3214 107
3214 253
3214 191
3218 283
3218 458
3218 343
3218 443
3218 178
3221 199
3221 185
3221 259
3221 175
3224 262
3224 33
3224 88
3230 225
3230 318
3230 362
3230 341
3230 325
3230 264
3234 403
3234 279
3234 257
3234 217
3234 9
3237 147
3240 219
3240 273
3241 405
3241 149
3241 168
3242 107
3242 445
3245 186
3245 62
3245 367
3245 479
3245 42
3245 372
3246 482
3246 167
3246 81
3246 436
3246 492
3246 49
3249 435
3249 274
3249 312
3250 428
3250 321
3250 181
3250 329
3250 387
3251 470
3252 395
3254 395
3258 25
3258 402
3262 162
3263 386
3263 10
3263 313
3263 120
3264 246
3264 178
3264 267
3264 52
3264 106
3264 29
3271 476
3275 462
3275 497
3275 134
3278 382
3285 99
3285 169
3285 216
3285 357
3286 73
3286 230
3286 204
3286 324
3291 166
3291 6
3291 38
3291 460
3291 404
3296 14
3300 67
3300 164
3300 300
3300 452
3300 150
3300 141
3306 186
3306 182
3306 48
3306 218
3306 393
3306 71
3312 171
3312 268
3312 236
3315 9
3315 455
3319 333
3319 342
3319 491
3323 416
3323 112
3323 388
3323 192
3323 423
3323 454
3326 358
3326 160
3326 47
3331 137
3331 257
3331 24
3333 38
3333 107
3333 491
3333 110
3337 222
3337 485
3337 440
3342 292
3343 222
3346 262
3346 394
3346 281
3348 283
3348 75
3348 198
3348 117
3348 450
3354 38
3354 319
3354 302
3355 193
3355 339
3355 298
3355 43
3355 248
3355 211
3356 88
3356 338
3356 418
3357 381
3357 26
3359 395
3359 392
3359 56
3359 279
3370 97
3370 92
3370 331
3370 322
3371 298
3371 448
3371 3
3371 490
3371 196
3371 40
3374 118
3374 229
3374 115
3382 107
3385 13
3385 319
3385 170
3388 469
3388 36
3388 73
3389 151
3393 259
3393 184
3393 364
3393 227
3393 336
3393 20
3395 9
3395 206
3395 127
3395 256
3396 106
3396 348
3396 434
3396 489
3396 389
3396 233
3397 217
3397 212
3397 169
3402 382
3404 418
3404 325
3404 77
3404 36
3406 141
3409 397
3409 395
3409 196
3409 33
3409 385
3409 249
3416 223
3416 356
3416 418
3416 478
3416 357
3416 199
3418 215
3418 209
3418 118
3418 331
3418 172
3418 39
3420 201
3420 35
3423 244
3423 334
3423 218
3423 256
3423 215
3423 22
3425 240
3425 229
3425 470
3429 481
3429 3
3429 201
3429 470
3429 227
3429 18
3431 469
3431 396
3431 296
3431 158
3434 291
3434 40
3434 358
3435 371
3435 143
3435 39
3435 109
3435 198
3442 497
3442 201
3442 353
3442 325
3442 298
3442 102
3450 402
3450 171
3451 149
3451 253
3451 290
3451 164
3451 457
3456 154
3456 147
3456 474
3461 190
3461 285
3463 445
3466 358
3466 261
3466 138
3466 238
3466 63
3466 488
3468 272
3468 245
3468 381
3468 71
3468 11
3468 157
3470 444
3470 336
3470 48
3471 264
3471 187
3471 8
3471 335
3471 300
3471 150
3473 91
3473 128
3473 350
3473 454
3475 88
3475 145
3475 3
3475 254
3479 288
3479 384
3484 73
3484 273
3484 304
3484 45
3484 116
3484 190
3485 486
3485 200
3485 38
3486 201
3486 22
3486 341
3486 130
3492 396
3496 129
3496 324
3496 296
3497 109
3497 64
3497 225
3497 265
3500 426
3500 221
3500 134
3500 352
3500 157
3500 266
3502 499
3502 74
3502 270
3502 403
3505 367
3505 317
3505 243
3505 311
3511 72
3511 399
3511 362
3511 99
3511 355
3511 89
3512 171
3512 304
3512 416
3512 52
3516 33
3516 262
3520 162
3520 100
3520 281
3520 322
3520 447
3520 330
3523 439
3523 269
3523 146
3523 320
3524 282
3528 410
3528 33
3528 138
3529 121
3529 307
3529 483
3529 400
3530 212
3530 322
3530 26
3530 12
3530 475
3530 120
3531 367
3531 185
3531 270
3531 111
3531 148
3534 450
3536 179
3536 411
3536 381
3536 223
3538 266
3538 71
3538 12
3538 433
3538 445
3538 333
3539 146
3539 38
3539 93
3545 232
3545 407
3547 483
3547 255
3553 461
3553 22
3554 258
3554 75
3554 150
3554 167
3554 483
3562 344
3567 362
3568 350
3568 408
3568 259
3568 183
3568 172
3569 262
3569 46
3569 403
3569 384
3571 185
3571 206
3571 486
3571 41
3571 277
3572 109
3572 193
3573 2
3573 71
3573 322
3574 248
3574 385
3574 262
3574 239
3574 238
3574 93
3581 123
3581 275
3582 231
3586 469
3586 111
3586 360
3586 407
3589 48
3589 148
3589 418
3589 136
3590 321
3592 115
3592 145
3592 166
3596 356
3596 155
3596 76
3596 415
3596 50
3596 311
3604 18
3607 367
3607 362
3607 290
3607 119
3609 94
3609 152
3609 374
3609 312
3609 224
3612 71
3612 497
3612 468
3613 141
3613 111
3613 319
3613 63
3614 455
3614 82
3614 366
3614 27
3615 98
3615 158
3615 121
3615 102
3615 462
3615 338
3624 269
3626 484
3626 454
3626 175
3626 316
3626 116
3629 476
3629 162
3631 222
3631 445
3636 383
3636 460
3636 355
3636 122
3636 451
3636 71
3641 46
3641 65
3641 376
3646 169
3646 408
3652 460
3652 105
3654 150
3654 252
3654 341
3654 336
3654 13
3656 373
3656 499
3656 418
3660 326
3660 164
3660 188
3660 310
3660 158
3660 133
3664 196
3664 472
3664 132
3664 197
3664 194
3664 116
3670 213
3670 65
3670 160
3670 254
3671 443
3671 200
3671 137
3673 308
3673 308
3673 343
3676 34
3676 415
3676 220
3676 457
3677 327
3677 123
3679 372
3679 352
3679 405
3679 142
3679 163
3680 93
3680 9
3680 69
3682 297
3682 230
3682 442
3682 423
3682 149
3682 481
3690 145
3692 459
3692 449
3692 372
3693 442
3693 296
3693 161
3693 26
3693 324
3694 280
3694 349
3699 210
3699 61
3699 439
3699 216
3699 86
3699 277
3700 135
3700 196
3700 155
3700 207
3704 3
3704 116
3704 332
3704 284
3704 229
3709 227
3709 342
3713 391
3713 312
3713 254
3716 111
3716 101
3724 320
3724 83
3724 53
3727 242
3727 348
3727 500
3727 24
3729 77
3730 221
3730 461
3731 108
3731 496
3731 186
3731 19
3731 25
3741 153
3742 167
3742 196
3742 242
3742 87
3742 228
3742 90
3743 140
3743 79
3743 485
3747 486
3747 105
3750 181
3750 288
3750 31
3750 281
3759 364
3759 181
3759 463
3759 105
3760 52
3760 71
3761 454
3761 180
3761 143
3774 85
3774 22
3774 303
3774 332
3774 162
3774 274
3775 67
3775 201
3775 494
3775 65
3775 324
3781 102
3787 281
3787 305
3787 456
3791 495
3791 192
3793 360
3793 11
3794 202
3794 238
3794 107
3794 402
3796 462
3796 333
3796 198
3796 234
3796 273
3796 22
3797 73
3797 377
3797 39
3797 167
3797 381
3799 381
3799 102
3799 118
3799 427
3799 11
3802 85
3802 419
3802 7
3803 307
3803 373
3803 165
3804 402
3804 30
3804 482
3804 190
3804 433
3804 431
3812 254
3812 43
3812 314
3813 404
3813 399
3813 273
3813 176
3825 419
3825 6
3825 36
3826 368
3826 497
3826 410
3826 7
3829 291
3829 412
3829 254
3829 215
3829 497
3835 60
3835 483
3835 411
3838 489
3838 171
3838 411
3840 21
3843 488
3843 133
3843 102
3843 55
3843 52
3844 294
3844 168
3844 373
3844 16
3844 346
3844 225
3845 442
3845 418
3845 478
3845 363
3845 163
3851 249
3851 485
3851 302
3851 32
3853 61
3853 240
3853 116
3859 243
3859 302
3859 281
3859 81
3861 352
3864 459
3864 386
3864 482
3864 376
3865 58
3865 184
3865 290
3865 247
3865 228
3866 89
3867 315
3867 222
3869 361
3869 441
3871 229
3871 244
3876 277
3876 364
3880 461
3880 472
3888 71
3888 26
3888 81
3888 296
3894 359
3894 136
3899 366
3899 104
3900 105
3903 41
3903 27
3903 88
3903 294
3903 167
3903 187
3908 235
3908 30
3908 67
3908 209
3909 2
3909 171
3909 85
3909 62
3909 196
3914 159
3914 37
3914 148
3914 370
3919 32
3919 330
3919 45
3919 117
3919 332
3919 332
3921 473
3921 145
3921 213
3921 248
3921 382
3921 240
3924 220
3924 374
3926 69
3926 340
3926 445
3928 197
3928 197
3928 281
3928 165
3928 115
3930 60
3930 311
3930 127
3933 198
3933 26
3933 124
3933 68
3933 51
3933 253
3935 326
3935 272
3938 147
3938 348
3938 365
3938 450
3938 145
3940 300
3940 189
3940 15
3942 295
3942 437
3942 140
3943 481
3943 109
3943 225
3944 35
3944 251
3944 470
3944 435
3944 322
3945 47
3945 368
3945 17
3945 375
3947 327
3947 210
3947 274
3947 386
3947 214
3947 488
3951 56
3951 329
3951 37
3951 474
3951 277
3952 284
3952 27
3952 273
3952 85
3952 385
3952 286
3954 413
3954 288
3954 23
3954 471
3955 291
3955 7
3955 210
3955 31
3960 475
3962 72
3962 394
3962 297
3965 217
3965 340
3972 482
3972 56
3972 121
3975 32
3975 97
3975 1
3975 397
3975 499
3975 289
3977 155
3977 467
3977 75
3977 366
3977 191
3977 253
3978 300
3978 67
3978 7
3978 419
3981 113
3981 286
3981 497
3981 391
3981 90
3981 215
3982 460
3982 397
3982 125
3982 36
3982 272
3982 161
3988 404
3989 170
3998 286
3998 461
3998 36
3998 397
3998 469
3998 112
3999 146
3999 289
3999 436
3999 91
3999 262
3999 463
4001 159
4001 61
4001 129
4001 221
4001 208
4001 102
4003 164
4003 240
4003 471
4004 36
4004 271
4004 37
4010 113
4010 448
4012 268
4012 338
4012 48
4012 182
4013 405
4013 109
4020 339
4020 78
4020 83
4020 78
4023 150
4023 267
4023 212
4023 254
4023 207
4024 80
4024 44
4036 271
4036 330
4036 496
4038 168
4042 137
4043 320
4044 62
4045 69
4045 301
4045 30
4045 94
4045 107
4045 169
4046 398
4047 169
4047 292
4047 370
4047 167
4047 336
4047 433
4052 389
4052 445
4052 405
4052 167
4054 37
4054 447
4054 9
4054 43
4054 86
4057 417
4057 132
4062 459
4062 436
4062 309
4062 421
4062 339
4062 149
4064 418
4064 97
4064 202
4064 25
4064 307
4064 154
4065 67
4065 243
4065 165
4065 241
4065 342
4065 297
4068 149
4070 300
4070 434
4070 347
4070 70
4070 43
4073 98
4073 89
4073 381
4073 255
4073 365
4076 327
4076 118
4076 319
4076 363
4077 381
4077 81
4078 116
4078 331
4078 64
4078 91
4086 96
4086 246
4086 405
4086 73
4086 65
4086 418
4087 381
4090 460
4090 158
4090 291
4090 159
4093 276
4093 15
4095 236
4095 264
4095 198
4095 104
4095 326
4097 153
4097 414
4099 281
4099 75
4099 66
4101 306
4101 264
4101 50
4101 200
4102 259
4109 201
4109 165
4109 281
4109 415
4109 54
4109 264
4110 258
4110 130
4110 464
4117 383
4117 70
4117 234
4117 371
4117 209
4119 194
4119 105
4119 178
4119 73
4119 369
4120 209
4120 102
4120 148
4120 59
4120 403
4120 96
4121 365
4121 489
4121 183
4121 260
4121 126
4121 480
4124 316
4124 204
4126 150
4126 44
4126 199
4126 477
4126 391
4127 30
4127 295
4127 90
4128 437
4128 84
4128 488
4128 351
4128 102
4129 423
4129 204
4129 438
4129 136
4129 428
4130 400
4130 174
4130 197
4130 25
4131 383
4131 269
4131 72
4131 187
4131 239
4139 245
4149 423
4149 183
4149 52
4150 446
4150 22
4150 447
4156 134
4156 475
4159 389
4164 254
4164 73
4165 4
4166 401
4166 369
4170 59
4170 217
4170 229
4170 431
4170 336
4170 228
4172 179
4172 58
4172 210
4172 249
4176 197
4176 459
4176 447
4176 329
4176 2
4178 386
4178 65
4178 339
4178 9
4178 457
4180 294
4180 455
4180 235
4180 471
4181 13
4181 463
4182 316
4182 375
4182 433
4182 171
4183 433
4183 472
4183 191
4184 455
4184 346
4184 40
4184 493
4184 256
4184 354
4185 370
4185 282
4185 246
4185 229
4185 457
4195 128
4195 49
4195 168
4195 47
4195 306
4196 410
4196 22
4196 123
4196 223
4196 362
4196 393
4199 194
4199 390
4206 411
4206 460
4206 482
4208 49
4208 402
4208 393
4208 430
4208 375
4208 105
4211 489
4211 128
4211 311
4211 156
4211 378
4211 94
4213 14
4213 449
4214 345
4214 364
4215 400
4215 53
4219 339
4219 84
4221 354
4221 373
4221 378
4221 4
4222 241
4222 277
4222 244
4222 150
4223 391
4223 416
4227 176
4227 317
4227 308
4227 323
4227 15
4228 406
4228 478
4228 461
4228 72
4229 192
4229 348
4236 43
4236 111
4236 425
4237 223
4237 91
4237 214
4237 115
4237 235
4237 479
4241 212
4241 498
4241 388
4243 144
4243 272
4243 338
4245 229
4245 375
4245 194
4247 209
4247 9
4247 451
4247 212
4247 25
4247 149
4250 239
4250 281
4250 147
4250 226
4251 383
4251 452
4252 498
4252 426
4252 433
4252 456
4252 182
4255 365
4255 60
4255 111
4260 73
4260 173
4260 155
4260 399
4264 205
4264 147
4265 403
4265 472
4265 446
4266 14
4266 402
4269 75
4269 69
4269 349
4269 83
4270 68
4270 74
4270 413
4270 108
4271 368
4271 418
4271 73
4271 196
4272 182
4284 378
4284 321
4284 76
4286 421
4286 452
4286 182
4286 328
4286 102
4286 401
4287 320
4287 320
4288 3
4288 353
4288 284
4288 400
4293 230
4297 386
4297 128
4297 90
4297 402
4297 340
4303 319
4303 39
4303 18
4303 45
4303 187
4307 164
4309 152
4316 39
4317 254
4321 160
4321 476
4321 379
4321 360
4325 470
4325 369
4325 186
4325 417
4331 68
4331 51
4331 259
4331 118
4331 167
4331 53
4337 421
4337 118
4337 159
4343 75
4343 464
4349 425
4349 104
4349 119
4349 263
4357 80
4357 123
4357 234
4357 39
4362 34
4365 264
4365 302
4365 325
4365 15
4365 194
4366 452
4371 101
4371 413
4376 404
4376 165
4376 176
4376 282
4376 59
4376 430
4378 248
4378 85
4378 465
4378 212
4378 54
4379 73
4379 42
4379 240
4379 163
4380 277
4381 335
4381 462
4381 392
4381 295
4381 364
4382 394
4383 70
4383 127
4383 356
4383 118
4383 245
4383 326
4384 334
4385 321
4385 363
4385 432
4387 96
4390 248
4393 167
4393 415
4393 441
4393 398
4393 342
4393 469
4395 470
4395 180
4405 255
4405 289
4405 116
4405 22
4405 238
4405 136
4409 109
4409 365
4409 222
4409 170
4417 7
4417 344
4417 70
4417 466
4423 265
4423 103
4426 110
4428 106
4428 375
4428 287
4428 431
4428 37
4428 499
4429 30
4429 365
4429 139
4429 56
4429 342
4429 95
4434 290
4434 393
4435 393
4436 248
4436 428
4437 192
4437 389
4437 112
4440 278
4440 253
4440 264
4447 2
4447 212
4447 216
4447 1
4455 39
4455 107
4456 465
4456 474
4462 445
4465 72
4465 216
4465 373
4465 444
4465 306
4469 474
4477 381
4477 230
4477 167
4477 291
4477 69
4480 111
4480 190
4480 46
4480 1
4480 245
4480 393
4481 33
4481 459
4481 465
4481 141
4484 345
4484 174
4484 222
4484 246
4484 234
4485 118
4485 234
4485 159
4485 239
4485 472
4486 171
4486 82
4486 159
4487 8
4487 245
4487 196
4487 364
4493 239
4493 428
4493 403
4495 258
4495 288
4495 454
4495 302
4495 328
4501 174
4501 283
4505 462
4505 433
4505 273
4505 459
4505 50
4506 170
4509 342
4509 335
4509 457
4509 468
4509 89
4509 493
4512 119
4512 62
4512 151
4512 347
4512 122
4513 134
4516 241
4516 83
4516 474
4516 423
4518 189
4518 107
4518 43
4518 394
4518 417
4518 208
4521 195
4521 395
4521 204
4521 304
4521 355
4521 222
4524 60
4524 369
4529 497
4529 133
4529 481
4529 373
4529 69
4531 327
4531 255
4532 66
4533 242
4533 177
4534 283
4534 440
4534 398
4534 3
4534 284
4537 488
4537 220
4537 390
4537 49
4537 226
4538 428
4538 200
4538 367
4538 472
4538 76
4543 45
4543 442
4543 125
4543 210
4543 174
4544 457
4544 363
4544 33
4544 173
4544 305
4544 400
4547 493
4551 148
4551 469
4551 3
4552 82
4552 384
4552 51
4552 493
4555 153
4555 470
4555 482
4556 139
4556 279
4556 39
4556 183
4556 180
4558 431
4558 491
4558 336
4561 180
4561 419
4561 2
4561 201
4561 225
4565 324
4565 180
4565 324
4565 251
4565 454
4567 446
4569 399
4569 123
4569 335
4569 412
4569 169
4573 273
4580 417
4580 331
4580 115
4580 123
4580 412
4585 118
4585 480
4585 205
4590 325
4590 160
4590 179
4590 202
4590 11
4596 228
4596 416
4599 474
4599 460
4599 11
4599 328
4603 437
4603 171
4603 468
4608 130
4608 442
4608 412
4608 162
4613 175
4613 3
4615 242
4618 21
4618 25
4618 51
4618 326
4618 283
4621 417
4621 89
4625 496
4625 280
4625 260
4625 380
4627 204
4627 440
4627 360
4627 440
4631 429
4634 332
4634 152
4634 83
4634 441
4634 384
4634 312
4642 420
4642 493
4642 80
4642 13
4643 80
4643 425
4645 253
4646 1
4646 35
4646 236
4650 139
4651 281
4651 77
4656 354
4656 254
4656 43
4656 224
4656 17
4658 226
4658 475
4662 442
4662 476
4662 220
4671 237
4671 423
4673 366
4673 497
4677 80
4677 474
4677 366
4677 348
4677 309
4679 347
4679 99
4680 451
4680 324
4680 495
4680 347
4683 496
4683 292
4686 260
4686 189
4686 349
4686 91
4686 377
4693 366
4693 136
4693 345
4693 7
4693 150
4693 455
4695 458
4697 16
4700 207
4706 222
4706 2
4706 320
4714 141
4714 213
4714 418
4714 287
4714 184
4714 61
4715 427
4716 276
4716 443
4716 143
4716 318
4716 273
4716 18
4724 231
4724 254
4725 283
4725 161
4725 347
4727 76
4727 184
4727 78
4727 182
4727 462
4727 105
4731 305
4731 182
4731 210
4731 6
4732 203
4734 190
4734 285
4734 202
4734 408
4738 137
4738 439
4738 454
4738 68
4738 280
4738 201
4739 312
4739 227
4739 53
4742 50
4742 151
4742 478
4742 285
4742 245
4742 19
4743 247
4743 240
4743 498
4744 227
4746 18
4747 421
4747 270
4747 320
4747 426
4747 227
4755 37
4755 150
4755 118
4757 34
4757 343
4757 219
4757 62
4757 119
4757 300
4765 371
4765 496
4765 89
4765 465
4765 384
4765 331
4767 198
4767 356
4772 132
4772 468
4772 117
4772 102
4774 339
4774 406
4774 358
4774 366
4774 406
4774 80
4776 379
4776 266
4776 210
4782 370
4782 108
4782 226
4797 159
4797 358
4797 308
4798 391
4798 335
4798 368
4798 251
4802 167
4802 374
4802 414
4802 398
4802 393
4804 354
4804 92
4807 150
4807 422
4807 408
4807 400
4807 317
4810 427
4810 135
4810 380
4810 305
4811 162
4811 433
4811 449
4811 102
4811 393
4817 152
4819 129
4819 384
4819 43
4819 279
4820 187
4820 18
4820 23
4820 237
4823 478
4823 452
4823 165
4823 219
4823 488
4824 447
4824 361
4824 477
4825 73
4825 271
4825 35
4826 176
4826 208
4827 224
4827 336
4827 434
4827 200
4827 386
4829 354
4836 303
4839 101
4839 18
4839 380
4841 325
4841 42
4841 489
4841 265
4841 194
4841 214
4842 51
4842 489
4842 430
4842 89
4842 160
4847 455
4847 326
4847 407
4847 316
4848 269
4853 209
4853 208
4854 21
4854 389
4855 332
4855 274
4855 474
4855 112
4855 205
4857 339
4857 246
4857 185
4860 245
4860 137
4860 216
4860 27
4860 62
4868 182
4868 4
4868 18
4868 319
4871 127
4872 329
4873 194
4873 310
4873 77
4873 116
4873 328
4873 21
4875 126
4875 312
4881 172
4881 14
4881 497
4881 412
4881 445
4883 49
4883 120
4883 329
4883 30
4883 146
4883 428
4885 214
4885 423
4885 487
4885 412
4885 15
4888 230
4888 178
4888 263
4888 110
4892 190
4894 180
4894 126
4894 185
4894 282
4894 320
4896 159
4896 379
4896 440
4896 178
4896 139
4908 190
4908 87
4908 413
4908 112
4910 91
4911 477
4911 234
4911 208
4911 372
4911 302
4912 39
4912 239
4912 383
4922 451
4922 376
4922 58
4922 65
4922 316
4923 266
4923 483
4923 450
4928 36
4929 375
4929 347
4929 443
4929 88
4931 495
4931 214
4931 288
4931 141
4931 104
4931 500
4937 405
4937 326
4937 399
4937 236
4938 159
4939 277
4939 309
4939 470
4939 86
4939 129
4939 39
4940 347
4940 385
4940 440
4940 243
4940 294
4946 184
4946 15
4946 196
4946 201
4946 456
4946 272
4947 181
4947 224
4947 161
4948 466
4948 105
4951 15
4951 159
4951 178
4951 232
4962 177
4962 203
4962 75
4962 242
4962 24
4963 439
4963 461
4963 163
4965 442
4965 201
4965 83
4965 286
4965 167
4965 9
4967 341
4974 294
4975 246
4975 306
4975 340
4975 397
4977 423
4977 293
4977 129
4977 109
4977 279
4977 2
4978 487
4978 165
4978 127
4979 248
4979 148
4979 252
4979 440
4980 211
4980 59
4981 204
4981 407
4981 96
4981 251
4981 247
4982 408
4982 270
4983 53
4983 448
4983 300
4983 237
4983 251
4989 484
4989 210
4989 106
4989 357
4989 124
4989 366
4991 363
4993 18
4993 441
4993 307
4998 176
4998 7
4998 426
4998 478
4998 242
4998 263
4999 390
5004 205
5007 441
5007 25
5007 199
5007 413
5007 68
5010 347
5010 318
5010 353
5010 49
5010 106
5011 241
5012 421
5012 490
5012 336
5012 357
5012 381
5012 242
5013 144
5013 376
5013 340
5013 373
5013 136
5013 61
5014 395
5017 197
5017 349
5017 285
5018 400
5018 44
5018 392
5018 320
5018 258
5019 11
5019 258
5019 186
5019 460
5019 392
5021 386
5021 290
5021 222
5021 84
5028 116
5028 491
5028 237
5028 168
5030 196
5034 276
5034 445
5034 115
5034 193
5034 196
5034 279
5036 286
5036 169
5036 177
5041 195
5043 405
5043 312
5044 325
5044 433
5044 1
5044 384
5045 446
5045 30
5045 160
5045 233
5045 37
5045 118
5046 43
5046 20
5046 169
5046 226
5048 223
5048 250
5048 317
5048 462
5048 303
5048 86
5051 186
5051 453
5052 105
5052 486
5052 424
5052 416
5052 493
5058 427
5058 282
5058 423
5058 327
5058 449
5058 336
5059 15
5059 383
5059 121
5066 285
5066 271
5066 83
5073 39
5073 4
5073 368
5073 280
5074 339
5074 105
5074 407
5074 414
5075 395
5075 152
5075 482
5075 406
5076 486
5076 374
5082 11
5082 237
5082 393
5093 213
5093 480
5093 96
5093 52
5093 441
5093 138
5098 151
5098 102
5099 94
5099 289
5099 348
5101 416
5101 80
5104 303
5104 167
5107 253
5107 157
5107 449
5107 335
5107 309
5114 168
5114 155
5114 49
5114 396
5115 387
5118 163
5118 260
5121 303
5121 141
5122 398
5122 198
5122 10
5123 225
5123 472
5123 19
5123 467
5125 318
5125 130
5125 188
5125 458
5125 383
5125 8
5128 394
5128 332
5128 155
5129 445
5129 210
5129 92
5131 338
5131 6
5131 484
5131 272
5131 468
5134 261
5134 30
5134 89
5134 74
5134 265
5140 22
5141 276
5141 393
5142 8
5142 221
5142 96
5142 267
5142 423
5144 11
5144 177
5144 144
5144 100
5145 120
5145 424
5145 135
5145 472
5147 385
5147 279
5147 23
5147 75
5147 212
5150 70
5150 389
5150 361
5150 282
5150 376
5150 98
5152 211
5152 3
5152 406
5152 476
5152 48
5152 443
5153 457
5159 431
5159 71
5159 74
5159 414
5159 22
5159 171
5161 470
5161 120
5161 257
5161 456
5161 378
5166 199
5166 429
5166 361
5166 38
5166 430
5171 11
5171 366
5171 44
5171 176
5171 103
5171 18
5172 420
5172 453
5172 273
5173 324
5173 367
5173 370
5173 459
5173 125
5173 453
5175 77
5175 332
5175 329
5175 300
5175 304
5176 51
5176 62
5180 317
5182 238
5182 26
5185 123
5185 202
5185 157
5185 332
5185 341
5185 293
5188 24
5188 190
5190 205
5190 31
5190 352
5190 144
5192 282
5192 68
5192 280
5197 273
5197 9
5197 191
5197 300
5197 453
5199 292
5199 287
5199 107
5205 174
5205 102
5205 370
5205 95
5205 447
5206 354
5206 390
5208 400
5208 469
5208 225
5208 49
5210 402
5210 164
5210 119
5210 489
5210 87
5214 285
5214 500
5214 235
5219 439
5219 48
5219 161
5220 358
5224 419
5224 339
5224 167
5224 307
5224 409
5224 187
5227 109
5227 13
5228 36
5228 246
5228 254
5228 31
5228 191
5230 227
5230 460
5230 33
5230 467
5231 116
5231 335
5232 242
5232 434
5232 139
5236 287
5236 401
5236 225
5236 136
5236 55
5237 419
5237 426
5238 226
5238 235
5239 396
5239 255
5239 153
5241 273
5241 284
5243 282
5243 43
5244 442
5244 116
5244 309
5244 347
5254 478
5254 17
5254 17
5254 114
5254 418
5259 149
5259 211
5259 292
5260 11
5260 366
5260 203
5261 299
5261 470
5261 434
5261 87
5262 102
5263 172
5263 157
5263 379
5263 387
5263 368
5264 21
5264 141
5267 61
5267 404
5267 117
5267 469
5267 144
5268 394
5268 45
5269 231
5269 290
5269 54
5269 183
5269 484
5269 404
5280 223
5280 208
5283 322
5295 346
5299 269
5299 439
5299 319
5300 243
5300 373
5300 173
5302 362
5302 419
5302 61
5302 47
5302 142
5305 472
5305 450
5305 207
5308 361
5310 450
5310 273
5310 131
5310 478
5313 71
5313 204
5313 113
5314 121
5314 430
5314 327
5316 169
5318 45
5319 57
5319 281
5319 182
5319 224
5319 216
5319 151
5322 38
5324 369
5324 56
5324 264
5324 120
5324 356
5325 372
5325 461
5325 171
5325 139
5325 425
5331 131
5331 20
5333 329
5333 327
5333 294
5333 402
5334 432
5335 311
5335 468
5335 328
5339 14
5339 179
5339 213
5339 233
5346 225
5346 437
5346 446
5346 158
5346 249
5347 95
5350 99
5350 461
5351 34
5352 440
5352 358
5352 495
5352 481
5352 404
5352 326
5357 369
5357 329
5357 123
5357 302
5357 431
5360 265
5360 228
5363 495
5363 368
5363 291
5363 204
5366 211
5366 276
5366 102
5366 242
5366 192
5366 50
5371 194
5371 92
5371 126
5371 241
5371 378
5371 319
5372 159
5372 488
5372 324
5373 496
5373 494
5373 183
5373 253
5373 358
5376 467
5376 147
5376 62
5376 492
5388 326
5388 166
5391 18
5391 251
5391 126
5391 214
5391 14
5392 141
5392 219
5392 88
5392 188
5392 85
5392 137
5395 290
5395 124
5395 87
5396 462
5396 464
5396 234
5401 439
5401 57
5401 327
5401 73
5401 232
5401 150
5402 377
5404 194
5404 500
5409 293
5409 97
5409 420
5409 486
5411 346
5411 61
5413 452
5413 281
5413 69
5413 169
5414 113
5414 479
5416 348
5416 284
5416 147
5416 97
5416 327
5419 442
5419 45
5423 183
5423 65
5423 372
5423 171
5423 238
5424 489
5424 153
5424 408
5424 56
5433 384
5433 325
5434 76
5434 240
5434 68
5434 60
5435 188
5435 314
5435 334
5435 95
5435 256
5437 379
5437 270
5437 453
5439 382
5439 26
5439 163
5439 35
5439 352
5439 141
5446 396
5446 191
5446 460
5446 275
5450 147
5450 318
5450 85
5450 426
5450 72
5450 338
5452 86
5452 434
5452 286
5452 153
5452 400
5452 107
5453 416
5453 86
5454 263
5454 146
5454 11
5454 353
5454 59
5454 134
5457 475
5457 7
5457 441
5458 461
5460 280
5460 141
5463 424
5463 434
5463 172
5463 132
5467 480
5472 268
5472 159
5472 183
5472 464
5472 407
5472 442
5473 470
5473 440
5473 405
5473 392
5473 213
5474 470
5474 113
5474 470
5474 174
5474 195
5476 293
5476 187
5476 52
5476 394
5476 189
5476 287
5479 476
5479 394
5479 143
5479 391
5479 52
5479 345
5487 76
5487 395
5488 377
5488 240
5492 328
5492 344
5492 382
5494 106
5494 447
5495 295
5497 127
5497 74
5499 327
5499 491
5499 115
5499 257
5499 468
5500 59
5500 314
5500 341
5500 312
5503 322
5503 150
5503 285
5503 86
5503 349
5506 86
5506 419
5514 287
5514 172
5515 190
5515 240
5516 150
5516 248
5516 4
5516 412
5516 33
5518 133
5518 92
5518 380
5518 450
5518 411
5518 382
5520 87
5520 328
5522 77
5522 163
5522 109
5522 486
5522 399
5522 111
5524 398
5524 413
5526 500
5526 34
5526 157
5526 424
5526 123
5526 460
5533 313
5533 3
5533 436
5533 161
5533 297
5543 300
5543 387
5543 228
5543 363
5544 437
5544 325
5545 405
5545 360
5545 170
5545 8
5548 346
5548 453
5552 74
5552 411
5555 394
5555 172
5555 342
5556 326
5556 372
5556 20
5556 131
5556 466
5559 235
5559 294
5559 306
5559 30
5559 180
5564 223
5564 174
5564 232
5564 92
5564 129
5568 417
5568 389
5568 71
5569 233
5569 267
5569 234
5571 14
5571 123
5571 8
5571 100
5571 418
5572 375
5572 105
5572 151
5572 488
5572 137
5572 252
5576 215
5576 342
5576 312
5577 9
5577 333
5577 314
5582 3
5582 39
5582 403
5582 218
5582 371
5582 489
5588 363
5588 456
5589 405
5592 175
5593 373
5593 395
5593 428
5593 43
5593 229
5597 472
5597 396
5597 467
5597 58
5597 106
5597 48
5601 263
5601 36
5601 392
5601 334
5602 380
5602 473
5602 453
5603 304
5603 117
5603 183
5603 134
5603 162
5605 448
5605 231
5605 300
5605 271
5607 488
5607 366
5607 92
5607 365
5607 313
5607 385
5608 175
5608 309
5608 448
5609 102
5613 300
5613 457
5613 423
5613 404
5615 191
5615 386
5615 99
5615 181
5615 433
5615 87
5616 117
5616 187
5616 442
5616 445
5617 49
5617 83
5617 209
5617 364
5617 439
5617 435
5618 339
5618 71
5618 378
5618 350
5618 247
5633 418
5634 223
5634 218
5634 229
5634 18
5645 46
5645 348
5645 16
5645 70
5647 468
5647 489
5647 285
5647 100
5647 484
5647 283
5655 329
5655 376
5655 352
5658 206
5658 18
5658 172
5660 52
5660 459
5660 186
5660 144
5660 66
5660 39
5669 315
5669 206
5669 449
5669 291
5669 293
5669 205
5673 339
5673 342
5673 493
5674 460
5674 2
5678 133
5678 167
5678 203
5678 23
5678 115
5678 155
5681 174
5681 330
5681 455
5681 321
5681 59
5681 152
5685 241
5685 354
5685 359
5685 481
5685 217
5685 413
5686 217
5686 235
5686 409
5689 456
5689 224
5691 113
5691 497
5693 483
5693 448
5693 143
5693 276
5693 329
5693 332
5696 168
5696 273
5696 134
5696 338
5701 94
5709 103
5709 280
5709 351
5711 104
5720 74
5720 92
5720 473
5721 139
5721 15
5722 243
5724 246
5724 145
5726 466
5730 35
5730 199
5730 319
5737 496
5737 61
5737 227
5739 226
5739 29
5739 198
5739 104
5739 335
5741 327
5741 365
5741 75
5742 42
5742 201
5742 403
5742 107
5742 99
5747 462
5747 406
5747 327
5747 234
5749 197
5752 21
5752 292
5752 194
5752 101
5752 6
5756 353
5756 139
5758 184
5758 385
5758 93
5758 254
5758 298
5758 274
5759 76
5759 364
5759 462
5759 251
5759 314
5760 141
5764 134
5765 98
5765 88
5766 209
5766 318
5766 139
5766 112
5766 427
5771 23
5777 141
5784 429
5786 372
5786 436
5786 256
5786 41
5787 66
5787 218
5787 491
5787 191
5795 191
5795 66
5795 495
5795 442
5798 495
5798 144
5798 388
5798 421
5798 491
5801 330
5803 317
5803 44
5803 347
5803 235
5803 488
5803 124
5806 226
5806 164
5806 345
5807 52
5807 65
5807 221
5807 274
5807 144
5810 446
5810 307
5810 322
5810 250
5820 498
5828 321
5828 347
5828 231
5828 460
5829 99
5829 432
5829 170
5829 400
5829 214
5835 115
5835 291
5835 132
5835 341
5835 59
5835 258
5836 411
5836 494
5837 94
5837 427
5837 111
5837 336
5837 27
5837 249
5843 474
5843 130
5843 126
5843 205
5843 4
5843 425
5846 391
5846 238
5846 360
5846 31
5846 85
5846 292
5850 335
5850 267
5850 263
5850 52
5850 2
5852 139
5852 457
5852 336
5852 243
5853 162
5854 278
5854 84
5855 271
5855 11
5855 104
5855 212
5855 436
5855 137
5857 299
5857 322
5857 81
5857 154
5858 46
5858 344
5858 100
5858 361
5858 138
5859 106
5859 439
5859 380
5861 478
5862 394
5862 291
5862 347
5862 458
5862 147
5862 450
5865 483
5865 450
5865 224
5865 325
5865 172
5865 121
5867 476
5867 41
5867 466
5871 98
5871 136
5871 211
5871 4
5871 193
5875 274
5875 153
5875 248
5881 203
5888 236
5888 173
5888 382
5888 385
5888 201
5891 250
5891 385
5891 319
5891 301
5891 414
5892 447
5892 320
5892 312
5892 1
5892 267
5892 347
5898 457
5898 178
5898 496
5898 267
5900 479
5903 481
5903 208
5903 58
5904 35
5904 21
5904 321
5906 108
5907 29
5907 377
5907 278
5907 126
5907 15
5907 441
5913 238
5913 272
5913 13
5920 390
5923 209
5923 369
5924 439
5924 261
5924 320
5924 316
5926 368
5926 329
5926 306
5926 225
5930 493
5930 244
5932 274
5932 227
5932 420
5932 436
5932 397
5933 440
5933 19
5933 381
5933 305
5933 284
5937 481
5937 345
5937 490
5937 170
5937 187
5939 496
5946 351
5946 169
5946 223
5946 498
5946 246
5946 276
5949 369
5949 210
5949 37
5949 66
5949 344
5949 487
5950 186
5950 195
5950 108
5952 66
5954 136
5954 87
5954 30
5957 261
5957 226
5957 77
5957 59
5960 371
5960 401
5960 148
5961 387
5961 200
5961 295
5961 203
5962 465
5962 170
5962 262
5962 223
5962 117
5965 410
5968 472
5968 207
5968 44
5968 452
5969 125
5969 251
5969 456
5972 367
5972 407
5972 253
5972 82
5981 36
5981 94
5981 36
5981 327
5981 364
5987 249
5987 222
5987 227
5987 255
5987 308
5993 394
5993 333
5993 312
5993 223
5997 224
5997 361
5997 492
5997 204
5997 22
5997 107
5999 171
5999 43
5999 81
5999 275
6022 370
6022 174
6022 115
6022 37
6023 212
6023 81
6023 37
6023 345
6023 442
6023 18
6025 345
6025 432
6025 45
6025 363
6027 288
6027 296
6027 333
6028 439
6037 458
6037 367
6037 365
6038 344
6046 370
6046 152
6046 84
6046 312
6049 310
6049 60
6049 218
6049 315
6049 211
6049 333
6051 473
6051 37
6051 196
6051 144
6051 359
6055 453
6055 340
6060 57
6060 169
6060 384
6063 51
6063 441
6063 141
6063 31
6063 104
6063 292
6080 268
6080 154
6080 405
6080 398
6080 212
6081 304
6081 30
6086 384
6086 263
6086 67
6086 450
6086 176
6086 259
6089 234
6089 15
6089 65
6089 310
6089 391
6089 22
6096 189
6096 400
6096 270
6103 318
6103 26
6103 66
6103 8
6103 374
6103 48
6104 490
6104 358
6104 268
6110 132
6110 462
6110 434
6110 451
6110 38
6110 81
6113 363
6113 177
6113 473
6117 416
6118 371
6118 77
6118 387
6119 282
6120 345
6120 225
6126 264
6126 167
6126 23
6126 80
6128 70
6128 89
6128 271
6130 157
6131 262
6131 86
6131 90
6133 298
6133 425
6133 428
6133 398
6135 206
6135 402
6135 208
6135 359
6137 294
6137 209
6137 111
6137 310
6137 96
6137 419
6138 13
6138 59
6138 33
6138 155
6138 2
6138 428
6142 198
6142 51
6142 152
6142 206
6142 124
6142 143
6143 47
6143 288
6143 416
6143 154
6143 279
6147 387
6147 159
6147 255
6147 92
6149 404
6150 93
6152 343
6152 133
6152 209
6152 268
6154 126
6154 108
6154 36
6154 496
6154 165
6157 378
6157 265
6157 159
6157 72
6157 165
6161 421
6172 391
6172 260
6172 341
6172 386
6173 221
6173 391
6173 346
6174 402
6174 351
6175 184
6175 67
6175 140
6175 226
6181 406
6181 94
6185 359
6185 193
6189 360
6189 450
6189 141
6190 60
6190 359
6190 272
6190 372
6190 1
6193 322
6193 247
6197 290
6197 342
6197 117
6197 351
6197 151
6199 268
6199 68
6203 388
6203 393
6204 327
6204 289
6204 315
6204 74
6208 220
6211 393
6211 465
6211 15
6211 388
6211 152
6211 433
6214 202
6214 377
6214 423
6215 492
6215 456
6218 460
6220 156
6220 408
6220 139
6220 262
6220 245
6220 353
6226 44
6226 373
6226 338
6226 141
6226 448
6228 371
6228 72
6228 208
6228 101
6228 198
6228 406
6229 363
6230 372
6230 245
6231 265
6231 367
6231 404
6231 420
6231 6
6231 37
6232 342
6235 342
6235 433
6235 264
6235 181
6235 175
6240 418
6247 113
6247 300
6247 96
6247 238
6247 467
6248 89
6248 380
6248 226
6248 81
6249 125
6249 337
6249 266
6249 107
6250 18
6250 368
6253 436
6253 261
6254 36
6254 191
6254 51
6259 487
6259 312
6259 11
6259 43
6259 26
6263 83
6263 268
6263 71
6263 449
6269 489
6273 172
6273 434
6273 353
6273 205
6277 164
6277 178
6277 428
6277 224
6278 363
6278 192
6278 156
6278 442
6278 331
6278 232
6281 120
6281 151
6285 114
6285 238
6285 443
6288 490
6288 106
6288 273
6288 280
6288 265
6294 73
6294 41
6294 183
6294 38
6294 454
6299 148
6299 317
6299 344
6299 371
6299 437
6300 255
6300 381
6300 419
6300 469
6300 241
6301 135
6301 69
6301 364
6301 459
6301 340
6304 328
6306 345
6306 214
6306 402
6306 476
6316 18
6316 108
6316 432
6317 420
6317 255
6317 289
6324 47
6326 439
6326 249
6326 346
6326 346
6326 494
6328 468
6328 291
6328 131
6331 405
6331 266
6331 17
6331 159
6337 494
6337 289
6337 466
6337 351
6337 406
6337 449
6341 116
6343 139
6346 11
6347 181
6347 194
6347 54
6347 412
6349 364
6349 383
6349 76
6350 446
6350 27
6350 38
6350 275
6350 499
6351 490
6351 309
6351 354
6351 197
6351 168
6356 385
6356 430
6356 231
6356 376
6356 142
6356 79
6359 119
6359 8
6361 74
6362 253
6365 437
6365 459
6365 495
6365 420
6365 231
6366 21
6366 179
6366 38
6366 251
6366 145
6366 5
6368 13
6368 351
6368 369
6371 386
6371 372
6371 471
6373 307
6373 353
6373 156
6373 200
6374 227
6374 356
6374 458
6374 466
6374 442
6376 496
6381 26
6381 48
6381 78
6381 42
6382 465
6382 466
6383 208
6383 217
6383 259
6383 491
6390 348
6390 286
6390 311
6390 4
6390 445
6390 344
6391 165
6391 350
6391 413
6391 460
6391 87
6397 381
6398 48
6398 237
6398 105
6399 382
6402 236
6402 79
6402 357
6405 386
6405 161
6406 478
6406 228
6410 105
6412 26
6412 33
6412 163
6412 143
6413 293
6413 429
6421 88
6427 482
6427 115
6429 277
6429 329
6429 181
6429 258
6429 369
6429 66
6430 459
6430 290
6430 163
6430 301
6433 412
6433 136
6433 190
6433 370
6433 78
6436 443
6436 227
6436 195
6436 117
6438 350
6438 460
6438 170
6438 420
6438 228
6438 279
6439 244
6447 403
6447 233
6447 204
6447 207
6447 451
6447 424
6449 54
6451 148
6451 3
6451 448
6451 27
6453 155
6453 59
6453 439
6453 253
6453 51
6455 469
6455 249
6455 474
6455 219
6457 104
6457 291
6457 25
6459 10
6459 86
6459 350
6465 449
6465 488
6465 249
6465 387
6465 455
6466 288
6466 53
6466 93
6467 36
6467 163
6470 464
6470 54
6475 44
6475 193
6475 251
6475 202
6475 88
6479 102
6479 130
6479 20
6484 367
6484 351
6484 35
6488 114
6488 23
6489 451
6489 429
6489 499
6489 36
6489 455
6489 72
6490 337
6492 85
6492 138
6495 66
6495 266
6495 68
6495 12
6495 420
6498 76
6498 343
6498 129
6501 377
6501 83
6501 391
6501 156
6501 102
6502 364
6502 389
6502 417
6505 70
6505 487
6505 241
6505 388
6508 17
6508 342
6508 24
6510 233
6510 150
6510 265
6510 470
6513 2
6513 32
6513 52
6513 360
6513 21
6515 46
6517 68
6517 462
6517 44
6517 44
6517 172
6518 252
6520 224
6520 243
6525 139
6534 210
6534 325
6534 404
6535 389
6535 449
6535 97
6536 27
6536 426
6540 108
6540 239
6540 123
6540 311
6540 412
6540 375
6545 68
6545 380
6547 406
6547 454
6548 393
6548 233
6553 244
6553 265
6559 76
6561 167
6566 223
6572 252
6572 185
6572 429
6572 230
6572 330
6572 336
6573 355
6573 130
6574 174
6574 343
6574 356
6574 25
6577 401
6582 419
6582 398
6582 293
6587 414
6589 188
6589 236
6589 280
6589 23
6590 323
6591 286
6591 410
6591 393
6591 389
6596 118
6596 338
6596 290
6596 290
6602 182
6602 302
6602 399
6602 141
6602 247
6602 237
6603 89
6603 56
6608 393
6608 393
6610 141
6610 358
6614 286
6615 327
6615 216
6615 386
6615 386
6621 380
6621 190
6623 356
6623 129
6623 175
6623 378
6623 209
6623 378
6625 60
6625 289
6625 73
6625 45
6625 376
6625 97
6626 41
6626 133
6626 52
6626 70
6626 144
6626 130
6627 231
6627 81
6627 15
6628 173
6628 299
6628 373
6628 236
6630 189
6630 192
6630 134
6630 371
6631 284
6631 86
6632 273
6632 369
6632 235
6633 102
6633 137
6633 6
6633 309
6636 300
6636 365
6636 42
6636 145
6636 328
6636 48
6639 342
6639 340
6639 96
6646 355
6646 188
6646 355
6646 297
6646 30
6647 20
6647 354
6651 350
6651 23
6651 118
6651 350
6654 347
6654 347
6654 306
6654 346
6656 146
6656 297
6656 33
6656 176
6656 49
6659 151
6659 342
6659 115
6659 173
6660 262
6660 299
6660 341
6662 278
6662 339
6662 41
6669 332
6669 238
6669 82
6669 332
6669 332
6670 105
6670 1
6670 270
6670 331
6670 331
6676 152
6676 325
6685 108
6689 139
6689 265
6689 9
6689 312
6690 244
6690 80
6690 306
6690 251
6690 311
6692 309
6695 306
6695 306
6695 306
6695 306
6695 306
6695 209
6697 84
6697 26
6697 39
6700 301
6700 235
6700 301
6700 84
6702 299
6702 299
6702 178
6702 279
6702 299
6703 298
6703 298
6704 232
6704 259
6704 297
6704 297
6704 249
6705 11
6705 266
6705 296
6705 56
6707 30
6714 218
6714 287
6714 35
6714 287
6714 153
6714 72
6716 285
6716 177
6716 285
6716 285
6717 284
6717 80
6717 284
6718 38
6718 177
6718 283
6718 4
6720 257
6720 142
6729 272
6731 270
6731 45
6731 179
6731 128
6731 270
6731 168
6733 268
6733 104
6733 268
6733 27
6733 268
6733 180
6735 266
6735 161
6735 257
6735 53
6736 265
6736 265
6736 106
6740 74
6740 30
6740 261
6745 65
6745 45
6748 253
6753 111
6753 248
6753 248
6759 242
6759 242
6761 240
6761 240
6761 62
6761 100
6761 173
6761 96
6767 234
6767 234
6767 4
6767 143
6768 149
6768 233
6768 233
6769 232
6769 211
6769 232
6769 129
6769 232
6769 160
6776 13
6776 225
6776 225
6776 111
6778 121
6778 74
6778 223
6778 223
6778 51
6778 223
6779 222
6779 222
6779 25
6779 222
6779 222
6780 18
6784 217
6784 217
6790 211
6791 181
6791 27
6791 210
6791 210
6794 38
6794 207
6796 205
6796 205
6796 205
6796 205
6796 205
6799 86
6800 201
6800 201
6800 201
6800 201
6804 197
6804 133
6804 197
6804 123
6804 197
6804 197
6807 61
6807 194
6807 194
6807 194
6807 194
6813 188
6813 121
6813 188
6813 188
6813 188
6813 103
6814 187
6814 187
6814 187
6814 142
6814 6
6814 187
6830 107
6830 171
6830 171
6830 171
6830 171
6833 168
6833 168
6835 166
6835 166
6840 130
6843 158
6843 22
6843 158
6847 154
6847 58
6847 154
6847 136
6847 154
6847 154
6849 152
6849 152
6849 152
6849 152
6849 152
6849 152
6853 148
6853 77
6853 148
6853 148
6854 147
6857 144
6857 31
6857 144
6857 144
6857 144
6857 144
6859 142
6859 142
6859 137
6873 128
6873 128
6873 128
6873 65
6873 128
6877 21
6877 124
6877 124
6877 49
6883 76
6885 43
6885 116
6885 41
6885 116
6885 116
6889 112
6889 112
6889 111
6889 112
6889 112
6889 112
6890 111
6890 85
6890 99
6890 25
6891 7
6891 110
6891 110
6891 110
6891 110
6891 110
6892 88
6892 81
6892 109
6892 109
6895 106
6895 50
6895 71
6895 106
6895 106
6895 106
6896 105
6898 103
6898 3
6898 103
6898 103
6898 11
6905 96
6913 88
6917 84
6917 84
6920 81
6920 81
6928 73
6928 73
6928 73
6928 73
6931 70
6931 70
6931 70
6932 69
6932 69
6932 69
6932 69
6932 69
6933 68
6933 68
6933 24
6937 64
6937 64
6937 64
6937 64
6937 64
6937 64
6939 62
6939 62
6939 62
6939 62
6939 15
6948 53
6948 53
6948 53
6948 53
6951 50
6951 50
6951 50
6957 44
6957 44
6957 44
6967 34
6969 32
6969 32
6969 32
6969 32
6969 32
6970 31
6970 31
6970 31
6970 31
6971 30
6971 30
6971 30
6972 29
6972 29
6972 29
6972 29
6972 29
6972 18
6973 28
6973 28
6973 28
6973 28
6973 28
6976 25
6976 25
6976 25
6976 25
6976 7
6985 16
6985 16
6985 16
6987 14
6999 1
6999 2
6999 2
