9999 9999
2 659
2 607
2 23
5 65
5 494
6 454
6 336
6 163
6 776
6 556
11 993
11 200
11 373
11 886
13 529
13 927
13 979
13 305
13 154
14 102
14 81
14 367
14 564
14 184
15 592
15 359
15 831
15 687
15 418
16 36
19 589
19 306
19 507
23 8
27 348
27 934
30 898
30 544
30 835
30 408
30 742
32 662
32 808
32 294
34 566
34 323
34 734
34 761
34 341
36 664
36 222
36 50
38 441
38 367
38 778
42 887
43 171
43 428
43 196
43 555
43 541
44 368
44 938
44 965
46 773
46 383
48 337
48 910
48 441
48 184
52 431
52 327
52 593
52 800
52 938
58 792
58 153
60 512
61 708
61 955
64 705
64 862
64 967
64 580
64 987
66 120
67 503
67 177
69 183
69 450
69 401
69 571
70 187
70 844
72 787
72 921
72 427
73 98
73 596
74 781
77 636
80 980
80 795
80 477
80 21
80 609
81 499
82 310
84 886
84 585
84 923
84 198
84 279
88 733
88 221
88 155
88 917
90 844
90 961
91 216
91 610
91 253
92 866
92 765
94 393
96 103
96 878
96 619
101 190
101 102
101 180
101 326
101 204
106 75
106 396
110 309
110 381
110 647
112 470
112 9
112 604
112 464
112 359
117 391
117 266
117 321
117 695
117 411
118 331
118 134
118 547
118 397
118 129
121 706
121 812
121 714
121 724
122 189
123 211
126 334
126 520
126 299
126 276
136 765
136 953
138 520
139 153
139 861
143 486
144 742
144 181
146 401
146 902
146 68
148 59
154 664
154 630
154 935
154 50
154 751
163 263
163 684
170 167
170 669
170 367
171 538
171 45
171 711
171 401
176 662
176 594
187 959
187 485
187 7
188 44
193 774
193 981
193 515
193 818
193 118
201 815
201 639
201 164
209 915
211 411
211 1
215 385
215 280
215 681
218 518
218 407
218 42
218 114
218 634
219 710
219 921
223 451
226 103
226 155
229 472
229 893
229 388
229 1
229 520
230 692
230 484
230 208
232 68
233 362
233 62
233 71
235 102
235 507
235 820
235 899
235 833
236 421
236 744
240 546
240 278
240 695
241 259
241 152
243 728
243 645
243 386
245 760
245 240
245 768
245 267
245 642
246 82
246 641
248 568
248 588
248 327
248 482
248 788
249 731
249 363
249 559
249 5
249 539
250 300
252 814
252 918
252 575
252 539
252 117
257 595
257 653
257 586
257 493
259 795
259 804
259 895
261 113
261 22
261 240
261 444
261 747
275 671
275 873
275 885
276 96
276 71
276 421
276 468
276 450
279 288
279 600
279 769
288 460
288 264
288 478
292 107
292 512
292 967
293 410
300 703
300 866
300 868
308 863
310 318
310 369
310 348
310 856
310 552
316 141
316 118
316 584
316 817
316 339
317 644
317 477
317 119
317 97
317 799
319 146
319 927
319 592
319 388
319 121
320 286
320 675
323 752
323 265
323 450
336 282
336 881
339 513
340 126
340 672
343 165
343 906
343 143
345 136
345 430
345 780
345 391
347 445
347 844
347 231
347 51
348 441
348 927
348 17
348 52
351 420
351 468
351 849
351 303
351 548
353 648
353 682
353 321
353 924
353 49
356 840
356 118
356 145
356 159
356 722
357 480
358 603
358 174
358 274
360 551
360 186
360 446
360 640
362 201
362 238
363 148
364 593
366 590
366 228
366 957
366 174
366 607
369 204
370 622
370 122
370 327
372 103
372 261
372 268
372 858
375 233
375 594
375 756
375 801
375 348
379 78
379 244
379 107
379 831
379 532
381 814
384 395
384 874
392 854
392 870
392 368
392 452
392 887
393 87
393 165
393 545
393 733
393 114
395 245
395 305
396 394
396 418
396 459
401 473
404 862
404 514
404 226
404 402
404 175
409 170
409 251
410 281
411 768
411 208
411 874
412 230
412 996
412 223
412 124
412 234
413 394
413 107
413 451
413 518
413 278
416 384
418 766
418 731
419 75
419 404
419 408
423 132
423 245
423 930
423 291
424 428
424 124
424 688
425 248
425 519
426 898
426 506
426 906
431 983
431 238
431 249
433 394
433 44
433 499
433 240
433 811
437 988
437 282
441 104
441 915
441 141
446 42
446 912
446 544
446 416
446 575
447 967
447 573
454 948
454 964
454 702
454 473
454 200
462 851
462 280
462 210
462 529
463 131
463 608
463 687
463 129
467 712
467 275
467 548
467 990
467 900
472 116
472 182
472 218
472 486
472 82
474 221
474 130
481 237
487 832
487 908
487 214
487 327
487 770
490 545
492 541
492 794
492 800
492 748
492 895
494 185
494 117
494 676
502 26
502 508
502 392
504 162
504 623
504 708
504 134
507 37
507 637
516 102
516 7
516 213
516 222
516 646
520 809
521 586
522 389
522 659
522 30
522 98
523 328
523 436
523 468
523 731
528 660
528 781
528 196
528 636
528 869
530 885
530 624
530 240
531 745
531 823
531 571
531 506
531 650
535 264
535 718
536 450
536 45
536 586
536 247
539 218
543 780
543 557
543 352
543 185
543 214
544 371
544 763
544 232
544 787
545 546
545 415
545 844
545 892
551 88
553 185
553 606
553 683
553 497
553 30
558 75
558 304
560 783
560 76
560 54
560 690
566 800
566 559
570 989
570 611
572 158
572 37
572 59
572 153
574 247
576 292
576 775
576 882
576 25
581 89
584 815
584 123
585 90
585 922
596 534
596 244
605 719
605 648
606 709
606 705
606 143
606 186
606 506
613 641
613 972
614 33
614 329
614 168
614 497
616 450
618 43
618 207
618 71
618 936
618 318
619 60
619 710
619 62
619 186
619 60
624 580
624 43
624 815
624 383
624 677
625 627
625 667
625 8
625 473
625 492
631 888
636 46
636 851
636 349
636 758
639 466
640 794
640 774
640 511
642 439
646 893
652 755
652 752
652 883
653 659
653 196
653 334
653 872
653 895
654 891
654 788
654 130
654 840
662 463
662 752
662 593
662 173
662 512
663 296
663 446
663 601
664 719
666 93
666 247
666 362
672 939
672 723
672 909
672 287
672 85
674 82
674 395
677 478
677 684
677 446
679 947
681 665
681 514
685 392
685 922
685 686
685 754
685 996
687 441
687 614
687 618
687 57
688 344
688 76
688 841
688 354
689 238
691 18
691 495
691 71
691 297
693 204
693 847
693 815
693 114
693 321
697 122
697 416
697 617
697 388
697 151
699 473
699 446
699 467
700 727
700 126
700 383
700 561
700 999
703 208
703 899
705 433
705 708
707 177
714 584
718 853
718 637
718 427
728 300
733 539
734 796
734 722
738 71
738 51
738 962
738 934
738 563
747 990
747 759
747 866
747 847
747 315
748 249
748 238
748 56
748 932
748 588
756 934
756 267
756 301
756 936
756 308
757 856
757 922
758 668
758 817
758 950
758 719
764 850
764 888
764 759
764 127
765 185
767 849
770 465
773 9
773 441
773 728
774 128
774 306
774 606
774 138
774 770
777 473
777 21
777 770
777 586
777 475
781 30
781 576
781 242
782 482
782 306
782 84
782 499
782 832
785 39
785 841
785 37
787 913
787 429
791 204
791 207
795 615
796 232
796 554
796 528
796 153
796 669
797 436
797 331
797 431
802 235
810 594
810 669
810 893
810 378
817 365
817 376
817 222
817 149
818 420
818 164
820 829
820 837
820 617
820 267
820 769
826 223
826 104
830 204
830 525
830 338
830 803
835 413
835 238
835 655
846 940
846 601
850 667
856 257
856 278
856 330
857 638
857 610
857 966
857 156
857 684
864 693
864 102
864 688
867 451
868 464
868 427
874 834
878 788
882 121
882 267
882 600
882 595
882 256
885 294
886 143
886 963
886 865
886 112
886 372
891 671
891 404
891 993
891 715
893 817
893 224
893 695
893 545
896 392
896 434
896 430
896 256
896 954
900 713
900 631
903 509
903 357
903 595
903 765
903 380
908 242
908 755
908 305
908 542
911 532
911 576
911 83
911 876
911 864
912 31
912 943
915 51
915 976
916 13
916 480
916 491
922 325
922 509
922 141
922 886
929 376
929 547
931 520
931 209
931 337
931 969
936 51
936 868
936 30
937 768
937 614
937 739
937 248
937 547
940 659
940 849
940 842
940 624
940 318
945 588
945 501
946 814
946 620
946 201
946 989
947 723
947 552
947 276
954 777
954 962
954 323
954 755
954 246
955 402
955 595
955 879
955 251
955 232
958 762
958 162
959 649
959 556
959 523
959 952
960 4
961 204
961 811
961 279
961 600
961 423
966 336
966 784
976 507
976 832
977 669
977 338
977 161
977 692
977 344
979 916
980 774
980 100
981 156
981 304
987 383
987 382
987 51
987 308
988 694
988 407
988 403
988 766
992 646
992 813
992 919
992 630
993 225
993 51
993 363
993 307
993 856
996 586
996 231
996 266
996 130
996 682
1005 274
1005 723
1005 404
1007 286
1007 490
1007 270
1008 327
1009 451
1009 621
1011 472
1012 402
1012 550
1012 746
1012 280
1016 410
1016 841
1016 547
1016 536
1016 775
1018 684
1018 516
1018 575
1020 630
1020 513
1020 817
1020 347
1022 501
1026 42
1026 690
1026 400
1031 80
1031 259
1031 712
1037 425
1037 214
1037 121
1037 716
1043 512
1043 916
1043 738
1043 74
1044 930
1044 930
1044 889
1044 419
1044 334
1047 363
1050 75
1050 751
1054 152
1054 356
1054 678
1055 26
1055 732
1055 969
1055 176
1055 857
1056 510
1060 502
1060 346
1060 189
1060 270
1060 985
1062 521
1062 805
1062 315
1062 61
1062 178
1063 407
1063 527
1063 416
1066 550
1066 791
1066 343
1066 127
1069 934
1069 990
1069 34
1070 761
1070 357
1075 185
1075 58
1075 819
1075 602
1078 679
1078 385
1078 385
1078 102
1079 830
1079 866
1079 887
1079 436
1080 469
1083 529
1084 326
1084 820
1084 729
1084 207
1084 960
1087 803
1087 690
1088 86
1088 76
1088 599
1090 757
1090 263
1090 212
1091 122
1093 290
1093 352
1101 118
1101 92
1101 46
1101 404
1101 211
1102 808
1102 277
1102 583
1102 937
1103 115
1103 603
1103 172
1103 71
1107 455
1109 960
1109 926
1109 105
1109 507
1109 387
1112 907
1112 130
1114 421
1114 758
1114 333
1114 292
1115 609
1115 42
1116 276
1118 947
1118 87
1118 791
1118 592
1118 617
1120 235
1120 698
1129 448
1129 54
1138 758
1138 547
1138 431
1143 207
1143 131
1143 53
1143 891
1144 851
1144 351
1144 770
1144 873
1148 884
1148 700
1148 261
1148 843
1148 395
1155 757
1155 760
1155 141
1155 919
1155 273
1158 386
1159 21
1159 455
1160 906
1160 963
1163 86
1163 315
1165 616
1165 849
1165 551
1166 622
1166 274
1168 896
1168 700
1170 108
1170 54
1170 328
1170 638
1170 780
1171 6
1171 854
1171 176
1171 216
1173 638
1173 43
1175 228
1175 997
1175 462
1178 601
1178 573
1178 793
1183 886
1187 511
1187 948
1188 559
1188 176
1188 562
1189 677
1189 13
1190 828
1190 861
1192 376
1192 108
1192 539
1192 916
1194 91
1194 316
1194 371
1195 717
1195 64
1197 58
1197 175
1197 352
1197 520
1200 494
1200 367
1200 975
1200 811
1200 148
1203 15
1206 538
1206 339
1206 584
1208 307
1213 62
1213 963
1213 446
1213 714
1213 799
1215 282
1215 568
1215 439
1215 19
1219 308
1219 804
1219 584
1219 439
1219 185
1223 498
1223 186
1223 507
1224 913
1224 401
1224 739
1224 70
1227 116
1227 532
1228 206
1228 585
1228 154
1229 57
1231 120
1231 114
1233 633
1233 299
1233 671
1237 884
1237 616
1243 293
1243 959
1245 436
1247 353
1250 184
1254 490
1254 959
1256 958
1256 126
1260 793
1260 616
1260 43
1260 144
1261 391
1265 956
1265 234
1265 423
1265 721
1266 742
1266 297
1270 102
1270 612
1270 690
1270 403
1270 579
1273 479
1277 175
1277 123
1277 511
1278 871
1278 658
1278 862
1278 831
1285 180
1285 329
1286 146
1286 180
1286 986
1286 917
1294 821
1295 938
1295 122
1295 472
1295 204
1296 497
1296 460
1296 165
1298 787
1298 595
1300 368
1300 388
1301 343
1302 626
1308 987
1308 191
1308 277
1310 448
1316 557
1316 148
1316 443
1318 105
1318 547
1318 645
1324 293
1324 639
1324 593
1327 92
1327 936
1327 721
1327 306
1328 174
1328 106
1328 181
1328 709
1328 103
1334 410
1334 909
1334 371
1334 880
1334 190
1336 851
1336 853
1336 978
1336 181
1343 308
1348 344
1348 1
1348 114
1348 13
1352 180
1352 655
1352 103
1352 720
1353 825
1353 864
1353 15
1353 146
1354 798
1354 88
1354 174
1354 887
1355 389
1355 840
1366 776
1366 743
1366 374
1366 789
1366 795
1369 688
1369 120
1369 105
1369 498
1371 339
1371 976
1371 205
1374 885
1374 358
1374 59
1374 974
1374 473
1376 921
1376 687
1376 967
1376 778
1379 923
1379 872
1379 2
1379 593
1381 23
1381 71
1381 746
1381 676
1381 22
1382 74
1382 97
1382 643
1382 524
1382 806
1393 687
1395 961
1395 160
1398 174
1398 503
1400 601
1400 994
1401 673
1401 763
1401 801
1404 557
1404 217
1404 651
1404 813
1406 89
1413 555
1413 77
1413 820
1413 876
1415 273
1415 99
1415 943
1415 588
1415 539
1418 771
1418 427
1418 426
1427 712
1427 39
1427 54
1427 538
1427 425
1430 942
1430 147
1430 794
1430 64
1435 704
1435 293
1435 29
1435 228
1435 755
1437 413
1437 362
1437 933
1437 968
1437 965
1438 721
1439 102
1439 682
1439 925
1439 555
1439 564
1440 583
1440 890
1457 231
1457 787
1457 546
1457 106
1457 45
1462 513
1462 99
1462 620
1464 420
1464 288
1466 347
1468 156
1468 700
1468 574
1468 861
1468 740
1469 772
1469 322
1469 204
1470 993
1470 777
1470 78
1470 620
1471 516
1473 723
1473 529
1477 185
1477 982
1477 357
1477 984
1478 541
1478 480
1480 484
1480 931
1493 574
1494 224
1494 367
1495 807
1503 439
1504 11
1504 478
1504 259
1505 166
1505 971
1506 167
1506 310
1506 487
1507 65
1507 808
1507 830
1507 240
1508 784
1508 164
1508 556
1508 394
1508 872
1510 289
1510 424
1510 904
1514 65
1514 73
1514 590
1514 469
1514 190
1515 968
1515 100
1515 681
1515 197
1515 372
1518 307
1518 549
1520 589
1520 296
1520 692
1520 253
1521 204
1521 356
1521 450
1528 51
1528 499
1528 563
1531 885
1534 309
1537 878
1537 881
1537 126
1537 133
1539 179
1539 652
1539 453
1539 466
1539 454
1541 284
1541 786
1542 789
1542 264
1542 791
1543 788
1543 473
1543 273
1543 579
1546 354
1546 986
1546 627
1546 172
1546 422
1547 607
1548 634
1548 44
1548 306
1550 669
1550 243
1550 344
1550 809
1551 101
1551 576
1553 86
1553 39
1554 441
1554 535
1557 630
1557 579
1557 415
1557 508
1562 101
1562 580
1562 583
1562 913
1563 70
1563 616
1563 118
1563 942
1565 977
1567 264
1568 988
1568 483
1568 307
1568 710
1577 440
1580 850
1582 603
1582 197
1584 981
1585 389
1585 624
1586 905
1586 653
1586 499
1588 138
1604 299
1604 849
1609 803
1609 768
1609 708
1609 354
1610 224
1610 366
1610 330
1610 713
1610 138
1615 514
1615 51
1623 898
1623 868
1623 420
1624 141
1624 260
1624 514
1626 753
1626 100
1631 931
1631 268
1632 584
1632 586
1632 541
1640 60
1640 997
1640 382
1640 262
1642 965
1642 697
1642 13
1642 835
1651 159
1651 388
1660 519
1660 641
1660 933
1661 234
1661 259
1661 662
1673 211
1673 547
1673 160
1673 929
1674 86
1674 601
1674 764
1677 982
1677 213
1677 612
1679 308
1679 497
1679 944
1679 296
1679 448
1681 516
1681 181
1681 66
1681 813
1681 328
1683 522
1683 507
1683 96
1683 274
1683 717
1686 499
1686 7
1686 811
1686 304
1686 66
1687 661
1687 337
1693 286
1693 587
1693 942
1695 820
1695 122
1695 175
1695 401
1695 791
1697 880
1697 457
1697 377
1698 372
1703 582
1703 906
1703 69
1703 950
1705 871
1705 493
1705 60
1707 26
1707 765
1712 204
1712 533
1713 367
1713 119
1713 66
1713 957
1713 583
1720 360
1720 111
1720 769
1720 806
1720 722
1722 926
1722 231
1722 836
1724 51
1724 724
1724 342
1724 58
1724 696
1725 793
1725 861
1725 186
1725 843
1725 208
1728 846
1728 569
1728 108
1730 341
1730 149
1730 900
1731 964
1731 441
1735 135
1737 938
1737 148
1738 760
1738 761
1740 393
1741 921
1741 820
1741 594
1741 495
1741 898
1742 131
1742 629
1747 720
1747 767
1747 797
1747 734
1752 961
1752 330
1752 69
1754 242
1754 916
1756 315
1756 612
1756 663
1756 88
1756 108
1759 759
1759 948
1763 790
1763 333
1764 312
1767 26
1767 507
1768 278
1768 990
1768 224
1774 179
1774 366
1776 682
1780 579
1780 197
1780 453
1780 740
1780 986
1782 424
1782 969
1782 358
1782 789
1784 540
1784 963
1784 606
1784 199
1788 336
1788 472
1788 474
1788 65
1789 656
1789 665
1789 366
1792 66
1798 119
1798 756
1798 770
1799 920
1799 560
1799 291
1804 225
1804 504
1804 402
1804 550
1805 571
1805 976
1805 70
1805 204
1807 757
1807 677
1807 189
1807 897
1807 407
1810 994
1810 498
1813 679
1813 162
1813 281
1815 573
1816 644
1816 505
1820 46
1821 65
1821 169
1821 790
1821 779
1823 216
1826 291
1830 249
1830 851
1830 333
1830 967
1831 846
1831 114
1831 105
1831 203
1836 584
1837 755
1837 649
1837 87
1837 53
1837 825
1839 610
1839 423
1839 631
1846 372
1846 706
1846 628
1851 141
1851 343
1851 334
1853 136
1853 36
1853 282
1853 82
1857 534
1857 205
1857 663
1857 321
1864 27
1864 172
1864 703
1869 987
1872 610
1872 180
1875 332
1877 541
1877 908
1877 486
1878 189
1878 743
1878 304
1882 615
1882 891
1887 52
1887 925
1887 599
1887 844
1887 407
1890 27
1892 620
1893 264
1893 431
1896 152
1897 228
1897 682
1897 748
1897 450
1899 624
1899 564
1899 472
1899 879
1899 217
1902 784
1902 545
1910 995
1910 547
1910 747
1910 704
1914 813
1914 434
1914 450
1914 664
1914 329
1916 382
1916 187
1916 130
1916 332
1918 834
1920 836
1925 861
1925 671
1925 49
1926 378
1926 852
1926 828
1926 452
1930 36
1930 485
1930 843
1930 968
1931 907
1931 486
1931 819
1931 663
1934 134
1936 633
1936 485
1937 409
1937 840
1937 574
1937 858
1937 907
1938 61
1938 636
1938 888
1947 953
1948 836
1948 976
1948 418
1948 307
1948 833
1949 167
1949 903
1960 844
1960 429
1963 162
1963 752
1963 714
1963 422
1963 338
1964 278
1964 759
1967 889
1967 970
1967 820
1967 433
1967 564
1968 392
1968 952
1968 894
1979 842
1979 670
1979 51
1981 453
1981 832
1981 87
1988 54
1988 356
1988 436
1988 771
1988 836
1989 673
1997 155
1997 824
2003 244
2003 897
2003 368
2006 368
2006 911
2006 246
2006 643
2010 91
2012 897
2020 926
2020 797
2020 926
2020 176
2022 726
2022 62
2022 583
2023 540
2023 294
2024 470
2024 565
2024 304
2030 621
2030 320
2030 649
2030 551
2032 824
2032 506
2032 45
2032 23
2032 760
2033 302
2033 709
2033 71
2033 639
2033 497
2034 929
2034 430
2037 917
2037 123
2037 303
2037 916
2038 725
2038 612
2038 542
2038 187
2041 141
2045 520
2045 133
2048 891
2049 535
2049 147
2049 487
2049 770
2050 827
2050 469
2050 272
2050 280
2050 136
2054 843
2055 140
2055 48
2055 918
2055 230
2055 578
2062 72
2062 481
2062 471
2062 352
2064 924
2064 683
2064 932
2064 632
2065 265
2065 953
2070 281
2070 268
2073 58
2073 473
2077 138
2077 732
2077 676
2077 600
2078 674
2078 57
2078 185
2078 190
2079 738
2079 954
2080 323
2083 547
2083 192
2083 994
2083 802
2083 507
2084 652
2087 963
2087 593
2087 907
2087 944
2087 833
2096 396
2096 255
2096 894
2101 651
2101 113
2101 818
2101 808
2101 583
2106 881
2106 67
2106 871
2106 608
2106 377
2113 117
2113 679
2114 51
2115 735
2115 440
2115 476
2115 662
2115 233
2119 844
2121 237
2121 826
2133 786
2133 674
2133 186
2135 698
2135 994
2135 18
2136 436
2138 610
2140 353
2140 830
2151 733
2151 66
2159 155
2159 675
2159 551
2159 608
2159 292
2165 30
2165 204
2165 526
2165 73
2168 717
2168 81
2170 526
2171 293
2174 521
2174 180
2174 51
2177 787
2177 141
2177 924
2179 963
2179 551
2183 145
2183 534
2183 284
2183 436
2183 677
2184 201
2184 348
2184 380
2185 256
2185 244
2187 617
2187 555
2187 756
2187 654
2187 918
2188 883
2188 992
2189 482
2189 512
2189 793
2193 773
2198 207
2198 328
2203 459
2203 749
2206 565
2206 469
2206 817
2208 481
2208 402
2208 278
2211 131
2211 344
2211 606
2211 389
2211 753
2212 241
2212 733
2212 454
2212 15
2212 592
2216 733
2216 790
2217 534
2217 800
2217 723
2217 184
2221 343
2222 296
2222 76
2222 906
2222 860
2222 932
2223 569
2223 202
2223 67
2223 692
2223 338
2226 819
2226 980
2226 280
2226 765
2227 248
2227 461
2228 661
2228 713
2228 752
2228 741
2228 228
2233 288
2236 270
2236 527
2236 670
2236 988
2236 930
2237 392
2237 479
2237 551
2237 463
2238 895
2238 813
2238 813
2238 295
2241 657
2253 661
2253 437
2253 842
2253 185
2256 723
2257 373
2257 560
2257 255
2257 435
2257 733
2263 299
2263 423
2265 451
2273 234
2280 968
2280 742
2280 668
2280 522
2284 613
2284 777
2287 30
2287 556
2287 51
2287 759
2287 694
2288 902
2288 226
2288 414
2288 417
2288 648
2289 399
2289 140
2289 745
2289 11
2290 931
2290 549
2292 311
2292 369
2292 861
2293 86
2293 263
2294 360
2294 37
2294 473
2298 344
2303 863
2303 187
2312 579
2312 661
2312 135
2314 84
2314 960
2315 357
2315 980
2315 602
2321 365
2321 773
2322 896
2322 960
2327 611
2327 829
2327 319
2327 800
2327 718
2330 235
2330 743
2330 217
2331 770
2331 632
2331 507
2334 809
2334 926
2334 290
2334 519
2334 744
2337 559
2337 316
2337 680
2339 603
2339 605
2343 248
2343 190
2343 530
2344 580
2344 405
2344 723
2344 670
2344 740
2347 860
2347 978
2347 380
2348 18
2348 734
2348 549
2348 810
2356 387
2356 988
2358 402
2360 328
2360 756
2360 641
2361 290
2361 790
2363 70
2363 344
2364 61
2364 275
2369 908
2369 858
2369 5
2369 549
2369 141
2379 456
2383 31
2383 853
2383 120
2383 135
2383 203
2384 944
2384 316
2384 672
2384 86
2384 522
2393 46
2393 713
2397 533
2397 605
2402 312
2402 679
2402 162
2402 532
2403 816
2403 392
2403 468
2405 503
2405 350
2405 419
2405 715
2406 541
2406 605
2407 787
2407 673
2407 594
2409 945
2409 820
2409 393
2409 544
2409 786
2410 171
2413 764
2413 95
2414 363
2414 695
2414 352
2416 610
2416 694
2416 563
2417 441
2417 304
2417 408
2417 627
2418 677
2418 806
2421 782
2421 509
2421 432
2421 898
2424 401
2424 204
2424 424
2424 30
2426 968
2426 770
2426 543
2426 817
2427 166
2427 176
2427 961
2428 688
2428 893
2429 559
2429 147
2429 946
2429 982
2432 335
2432 481
2432 631
2432 310
2435 165
2435 165
2437 302
2438 669
2438 603
2438 610
2438 782
2439 821
2442 275
2442 526
2442 992
2444 53
2444 925
2444 121
2445 60
2445 490
2447 941
2447 225
2447 758
2449 897
2449 373
2449 711
2452 758
2456 741
2456 919
2456 524
2459 817
2459 220
2459 294
2459 614
2459 909
2463 27
2463 233
2465 730
2467 859
2467 772
2467 953
2467 905
2467 954
2468 71
2468 753
2468 843
2468 736
2475 612
2475 749
2475 512
2476 874
2476 768
2476 859
2478 714
2478 217
2478 525
2478 759
2480 826
2482 913
2482 90
2482 730
2482 854
2482 95
2483 604
2484 592
2484 927
2484 455
2484 554
2484 430
2485 725
2487 361
2489 999
2489 624
2491 943
2491 469
2491 406
2491 557
2491 998
2492 187
2500 225
2500 315
2500 97
2500 559
2500 179
2501 763
2502 303
2504 754
2504 938
2504 460
2506 458
2506 49
2507 879
2509 383
2509 320
2515 534
2515 2
2515 862
2515 968
2521 177
2521 166
2522 699
2523 49
2523 86
2523 841
2523 537
2524 630
2527 853
2527 279
2527 148
2527 984
2527 951
2535 817
2535 85
2535 515
2535 137
2537 148
2537 383
2538 753
2541 906
2541 624
2546 814
2546 890
2546 822
2546 448
2559 105
2565 234
2565 563
2565 291
2565 892
2565 316
2566 830
2566 836
2566 981
2568 621
2568 684
2568 554
2568 140
2568 881
2570 883
2570 15
2570 190
2570 773
2572 206
2575 920
2575 398
2575 141
2576 473
2576 919
2576 807
2576 297
2576 925
2577 18
2577 235
2577 100
2577 208
2580 195
2580 641
2584 336
2584 257
2584 619
2584 191
2586 694
2589 638
2589 100
2595 898
2595 904
2597 31
2597 137
2597 300
2597 776
2597 204
2601 43
2601 454
2601 13
2601 261
2601 235
2603 742
2603 406
2603 199
2603 512
2603 984
2606 382
2606 54
2606 15
2606 352
2608 773
2609 904
2609 252
2609 600
2609 931
2609 260
2614 705
2614 36
2616 943
2616 853
2616 639
2624 334
2624 961
2624 116
2630 615
2630 739
2634 178
2634 954
2645 368
2645 59
2645 358
2645 270
2646 335
2646 275
2647 276
2648 786
2648 570
2648 489
2648 982
2648 564
2650 168
2651 953
2651 780
2657 826
2657 791
2657 841
2657 767
2657 520
2658 743
2658 852
2658 926
2658 407
2659 690
2664 432
2665 54
2665 757
2669 399
2669 499
2669 294
2671 925
2671 811
2671 297
2672 841
2672 806
2677 282
2677 786
2678 335
2678 562
2678 789
2678 215
2680 224
2680 25
2680 829
2680 457
2683 15
2683 977
2685 834
2686 310
2687 656
2687 777
2687 766
2687 217
2690 239
2702 274
2702 820
2707 343
2707 897
2707 919
2707 943
2707 534
2709 90
2709 770
2709 895
2709 73
2709 705
2710 161
2710 453
2710 423
2710 509
2710 494
2719 652
2719 119
2719 228
2720 912
2720 193
2720 206
2720 216
2720 947
2721 923
2721 607
2722 813
2722 547
2722 372
2722 686
2723 283
2723 372
2723 338
2724 830
2724 515
2724 774
2724 977
2724 644
2725 414
2725 916
2725 353
2725 895
2725 890
2727 770
2727 944
2731 179
2731 165
2731 784
2731 475
2732 816
2732 133
2732 948
2734 370
2734 254
2734 738
2735 186
2735 123
2741 226
2741 342
2741 537
2741 5
2741 945
2743 721
2746 9
2747 398
2747 38
2747 776
2750 867
2750 159
2753 936
2753 793
2753 952
2753 743
2757 929
2757 963
2757 700
2761 998
2761 241
2763 565
2763 550
2763 177
2763 143
2766 902
2769 819
2769 723
2771 783
2771 280
2771 187
2771 90
2771 778
2774 473
2774 902
2774 167
2774 200
2782 135
2782 747
2782 974
2782 139
2785 754
2785 78
2785 232
2788 660
2788 535
2788 769
2788 102
2792 892
2792 851
2792 421
2794 143
2796 730
2800 109
2800 710
2804 409
2804 434
2804 946
2806 359
2808 172
2808 29
2808 371
2808 415
2812 933
2812 71
2812 603
2812 784
2816 549
2816 857
2818 260
2819 175
2819 359
2819 763
2819 724
2819 120
2820 748
2820 777
2820 65
2820 35
2820 139
2827 853
2827 834
2827 665
2827 948
2831 449
2831 773
2832 253
2835 312
2835 328
2835 420
2835 687
2837 534
2837 864
2841 718
2841 718
2842 134
2842 469
2846 415
2846 247
2846 53
2847 305
2847 173
2848 410
2849 590
2849 242
2849 4
2849 342
2849 238
2850 193
2851 541
2855 753
2855 225
2858 333
2858 285
2858 840
2858 677
2858 244
2861 96
2861 638
2861 356
2864 36
2864 415
2864 18
2864 376
2864 620
2866 431
2866 208
2866 306
2866 229
2868 951
2871 731
2871 268
2871 736
2871 851
2872 717
2879 183
2879 137
2882 640
2882 771
2882 598
2883 980
2887 433
2887 776
2887 828
2890 95
2890 166
2890 361
2890 331
2891 466
2891 559
2897 658
2909 608
2909 886
2909 406
2909 879
2914 269
2914 618
2914 397
2914 740
2920 585
2920 729
2922 614
2922 455
2924 830
2924 561
2925 852
2925 39
2926 623
2926 722
2926 100
2926 235
2926 284
2929 960
2929 927
2930 153
2930 453
2930 234
2930 671
2932 656
2932 126
2933 544
2933 280
2933 761
2935 298
2935 467
2935 194
2937 688
2937 69
2937 381
2937 917
2946 242
2946 733
2948 130
2948 839
2948 13
2948 377
2950 211
2950 784
2950 711
2950 868
2951 102
2952 812
2953 304
2953 266
2953 411
2954 274
2954 53
2954 540
2954 865
2954 705
2955 837
2973 359
2973 770
2973 515
2973 195
2983 214
2983 512
2983 62
2983 817
2991 151
2991 410
2991 838
2991 802
2991 325
3001 962
3001 277
3001 161
3001 856
3013 332
3013 739
3013 376
3014 98
3014 490
3014 274
3014 416
3017 847
3023 841
3025 826
3025 434
3027 321
3027 447
3034 347
3034 465
3034 23
3034 170
3034 661
3035 272
3035 817
3035 123
3035 950
3035 664
3038 688
3038 344
3038 609
3038 986
3039 634
3039 298
3039 9
3041 159
3041 560
3041 506
3041 343
3042 573
3042 355
3042 147
3042 465
3044 311
3044 141
3044 35
3044 710
3044 754
3046 751
3046 845
3046 534
3048 859
3049 161
3049 600
3049 254
3049 702
3050 321
3050 59
3052 381
3054 693
3060 980
3061 53
3062 235
3062 844
3062 324
3062 838
3068 414
3068 115
3068 575
3068 824
3072 358
3072 177
3072 160
3075 248
3075 995
3079 512
3079 356
3079 713
3079 846
3079 737
3082 499
3082 196
3082 354
3082 682
3082 386
3089 184
3090 124
3090 272
3090 591
3099 701
3102 773
3102 192
3102 38
3102 38
3102 179
3107 296
3107 726
3107 949
3107 593
3109 457
3109 312
3109 976
3109 36
3112 827
3112 68
3112 654
3112 564
3112 990
3113 159
3113 952
3113 846
3116 241
3120 290
3123 791
3123 758
3127 863
3127 692
3127 388
3127 127
3135 275
3135 525
3135 350
3135 215
3142 898
3145 216
3147 756
3150 761
3154 996
3154 862
3155 741
3155 557
3155 197
3155 299
3156 380
3156 965
3156 763
3160 323
3160 488
3160 54
3163 198
3167 27
3167 623
3167 863
3167 675
3167 235
3171 309
3171 314
3176 945
3176 369
3176 659
3178 469
3178 791
3178 635
3178 598
3178 105
3179 205
3179 681
3179 733
3179 609
3179 992
3182 785
3182 698
3182 57
3182 129
3182 337
3183 646
3183 674
3194 943
3194 73
3194 840
3194 108
3194 555
3196 284
3202 241
3202 727
3202 716
3208 159
3208 588
3208 593
3208 345
3210 153
3210 464
3210 723
3210 700
3212 368
3212 408
3212 724
3214 593
3214 666
3214 735
3214 637
3214 589
3216 185
3216 867
3218 370
3218 803
3222 58
3222 701
3224 806
3224 130
3224 319
3224 515
3229 297
3229 575
3230 890
3230 521
3230 334
3230 62
3230 540
3232 11
3232 672
3232 70
3232 22
3232 902
3238 866
3238 987
3238 650
3241 380
3241 100
3242 983
3245 324
3245 84
3245 9
3245 274
3245 687
3252 166
3255 123
3255 933
3255 22
3255 879
3255 403
3258 281
3268 893
3268 29
3268 423
3268 434
3268 851
3271 237
3272 983
3272 607
3272 143
3272 236
3277 246
3277 207
3277 469
3277 172
3277 890
3281 354
3292 675
3292 573
3292 634
3293 740
3293 950
3294 482
3294 813
3294 71
3295 107
3295 455
3295 967
3295 619
3300 703
3300 578
3300 357
3300 428
3300 729
3302 748
3302 538
3302 261
3304 892
3304 508
3304 148
3304 521
3305 86
3305 761
3305 713
3305 499
3305 26
3307 200
3307 958
3307 923
3308 9
3308 557
3308 496
3310 637
3310 243
3310 870
3311 511
3315 578
3315 845
3315 893
3315 720
3316 395
3316 358
3316 755
3316 149
3318 844
3319 106
3319 536
3319 339
3319 731
3322 788
3322 506
3322 972
3322 562
3334 91
3336 204
3336 636
3336 725
3336 790
3336 656
3341 295
3341 803
3341 233
3343 461
3343 325
3345 770
3345 461
3345 393
3347 614
3347 357
3347 586
3347 86
3347 360
3348 356
3348 101
3348 193
3351 953
3351 601
3351 764
3351 524
3351 701
3353 850
3356 26
3361 653
3361 69
3363 786
3363 301
3363 118
3363 398
3363 610
3364 431
3364 422
3369 781
3369 452
3369 431
3373 949
3373 862
3378 273
3383 258
3383 668
3383 858
3386 272
3386 357
3387 967
3387 501
3387 48
3387 505
3387 822
3390 488
3390 754
3390 424
3390 894
3390 541
3394 877
3394 568
3395 148
3395 723
3395 951
3397 273
3397 675
3397 813
3397 123
3404 9
3404 205
3414 979
3414 508
3415 234
3415 220
3415 396
3415 348
3421 507
3421 162
3421 785
3422 208
3422 885
3422 574
3422 766
3422 565
3424 253
3424 391
3424 202
3424 134
3424 376
3428 837
3428 628
3432 7
3433 753
3435 491
3437 993
3437 588
3437 361
3438 432
3438 370
3438 560
3438 721
3438 545
3440 332
3440 460
3440 59
3445 429
3447 123
3447 18
3447 921
3447 539
3450 658
3450 567
3450 578
3450 650
3451 671
3451 235
3451 433
3451 961
3451 194
3453 925
3453 454
3453 776
3453 636
3457 780
3457 481
3460 379
3460 260
3461 441
3461 318
3461 564
3461 689
3461 880
3463 180
3463 846
3469 218
3469 122
3469 865
3469 265
3471 932
3471 709
3471 654
3473 913
3474 787
3474 101
3474 830
3474 935
3474 3
3476 418
3476 175
3476 473
3476 961
3476 456
3478 150
3480 864
3480 448
3480 734
3480 806
3485 270
3485 755
3490 433
3493 905
3493 365
3493 686
3493 633
3493 281
3494 146
3494 809
3494 624
3494 282
3494 242
3496 982
3496 642
3496 833
3502 776
3502 138
3502 201
3502 893
3502 147
3503 165
3503 226
3503 71
3503 624
3506 768
3506 356
3506 503
3506 864
3506 628
3508 126
3508 317
3508 260
3508 603
3511 713
3511 328
3511 25
3511 344
3512 878
3512 830
3512 112
3513 603
3513 308
3513 959
3513 442
3514 69
3514 865
3514 909
3514 430
3514 71
3518 993
3518 9
3518 525
3518 335
3520 635
3520 59
3520 848
3520 890
3520 678
3523 36
3523 723
3523 931
3523 162
3524 304
3524 465
3524 270
3524 407
3524 112
3530 661
3530 765
3530 260
3542 385
3542 21
3542 643
3542 584
3545 82
3545 115
3545 155
3546 721
3546 112
3546 329
3546 121
3551 624
3551 680
3551 666
3551 652
3553 67
3553 34
3553 131
3556 815
3556 392
3556 323
3556 281
3556 398
3558 281
3560 840
3560 356
3560 512
3560 321
3560 965
3561 181
3561 981
3561 997
3561 293
3564 758
3564 29
3564 259
3564 35
3565 716
3565 147
3569 630
3569 620
3569 71
3569 808
3573 261
3573 407
3574 679
3575 815
3575 955
3575 756
3575 9
3577 830
3577 620
3577 23
3577 189
3577 208
3578 749
3582 878
3582 339
3582 337
3585 168
3587 934
3587 153
3587 301
3587 239
3588 103
3588 452
3590 207
3590 626
3592 600
3592 483
3596 626
3598 514
3599 426
3602 93
3602 256
3602 446
3602 643
3602 433
3607 68
3607 210
3607 380
3607 748
3607 46
3609 628
3609 8
3611 229
3611 118
3611 747
3611 282
3612 964
3612 15
3613 877
3613 180
3613 536
3613 545
3613 493
3614 407
3615 337
3615 67
3615 784
3615 87
3615 710
3616 167
3616 185
3616 165
3619 75
3619 151
3619 970
3619 464
3619 810
3621 771
3622 59
3622 985
3622 321
3624 830
3624 204
3624 95
3633 175
3633 64
3634 936
3634 757
3634 186
3634 914
3634 646
3635 135
3640 917
3640 280
3640 506
3640 926
3640 309
3643 972
3643 667
3645 748
3645 619
3645 174
3645 225
3645 809
3647 467
3647 983
3647 550
3648 635
3648 75
3648 856
3648 66
3648 390
3649 477
3649 604
3649 941
3654 643
3654 324
3654 562
3654 356
3654 430
3655 303
3655 751
3655 122
3655 99
3658 22
3658 263
3658 330
3658 531
3660 797
3660 85
3660 714
3660 556
3660 591
3661 587
3661 555
3661 58
3661 22
3663 447
3665 571
3665 634
3665 653
3665 983
3666 144
3666 849
3667 141
3667 896
3667 215
3667 991
3667 69
3671 791
3672 46
3672 985
3672 670
3675 678
3675 243
3675 507
3675 578
3684 56
3685 216
3685 327
3688 824
3688 225
3688 113
3690 571
3690 815
3691 577
3691 676
3691 710
3691 127
3691 258
3692 813
3692 487
3692 587
3692 985
3692 204
3694 700
3694 803
3694 998
3694 36
3694 714
3700 907
3700 769
3700 360
3701 510
3701 421
3701 678
3701 114
3701 845
3702 423
3705 853
3705 322
3705 211
3706 786
3706 496
3706 811
3706 614
3706 324
3707 81
3708 214
3710 674
3710 519
3712 266
3712 276
3715 523
3715 85
3715 523
3715 943
3715 658
3720 742
3720 120
3720 225
3720 80
3721 865
3721 531
3721 871
3721 843
3721 202
3722 21
3723 115
3723 583
3723 425
3723 268
3723 104
3724 729
3724 459
3725 282
3725 233
3727 363
3727 768
3727 319
3727 815
3727 796
3729 320
3729 36
3729 701
3731 342
3732 672
3732 596
3732 423
3732 702
3732 131
3735 91
3735 334
3735 148
3735 623
3736 49
3736 846
3736 541
3737 987
3737 234
3737 742
3737 700
3737 623
3739 612
3739 811
3743 241
3743 685
3743 179
3743 76
3743 638
3746 873
3747 867
3753 859
3757 508
3757 259
3757 374
3760 507
3760 15
3760 922
3760 818
3760 951
3761 888
3761 208
3763 213
3766 515
3766 270
3766 347
3766 675
3766 442
3767 330
3771 477
3771 834
3781 886
3781 594
3781 688
3783 275
3785 617
3785 813
3788 170
3791 92
3791 780
3792 594
3792 71
3792 492
3793 844
3794 732
3794 771
3794 235
3794 899
3795 333
3799 734
3799 551
3799 11
3799 362
3802 923
3802 743
3802 743
3802 688
3802 58
3804 535
3811 525
3811 249
3811 976
3814 1
3815 448
3815 124
3820 751
3824 312
3827 555
3828 354
3828 803
3828 204
3828 309
3828 294
3829 664
3829 355
3832 175
3832 342
3833 728
3835 197
3835 732
3835 921
3836 46
3838 677
3838 135
3838 282
3838 146
3838 751
3842 925
3842 735
3842 712
3842 141
3842 593
3849 15
3849 581
3852 56
3852 748
3852 745
3852 892
3852 592
3854 425
3854 85
3854 11
3854 872
3855 172
3855 767
3855 974
3855 409
3855 528
3858 200
3858 574
3858 412
3858 481
3859 368
3859 118
3859 679
3861 436
3861 293
3861 506
3861 738
3865 728
3865 433
3865 373
3867 377
3867 366
3867 578
3867 81
3867 392
3868 723
3868 308
3868 90
3873 831
3873 401
3873 955
3873 499
3873 368
3874 830
3874 224
3879 491
3879 476
3887 296
3887 652
3889 111
3890 185
3890 321
3890 593
3890 229
3890 761
3892 315
3892 429
3892 130
3892 57
3892 660
3895 746
3895 942
3895 365
3896 447
3901 165
3903 9
3903 384
3903 581
3904 730
3904 865
3904 285
3904 141
3908 233
3908 941
3908 652
3908 866
3908 606
3912 131
3912 677
3912 550
3912 475
3912 425
3914 897
3914 83
3915 81
3919 469
3919 210
3919 779
3919 964
3920 860
3920 321
3924 349
3924 727
3925 802
3925 349
3925 565
3928 45
3929 460
3929 86
3929 992
3929 169
3932 423
3932 888
3932 682
3936 747
3936 155
3936 935
3946 651
3946 631
3946 299
3946 918
3947 572
3947 167
3947 474
3949 58
3949 301
3949 737
3949 151
3951 490
3951 521
3951 11
3951 133
3954 930
3956 998
3956 372
3956 44
3956 828
3958 718
3963 911
3963 672
3965 890
3965 492
3965 348
3965 409
3971 344
3971 643
3971 22
3971 264
3971 490
3973 653
3973 127
3977 658
3977 506
3977 942
3977 821
3977 993
3978 59
3978 922
3979 458
3979 520
3979 377
3979 2
3979 103
3982 755
3987 705
3987 205
3987 440
3987 596
3987 172
3990 326
3990 401
3990 174
3990 721
3990 340
3991 289
3991 612
3991 71
3991 124
4000 897
4000 490
4000 988
4011 785
4011 874
4011 645
4011 52
4011 130
4014 186
4014 114
4014 292
4014 792
4014 590
4015 949
4018 658
4018 72
4019 293
4019 465
4019 351
4024 979
4024 693
4024 784
4024 335
4024 543
4025 404
4025 876
4025 397
4025 67
4029 389
4030 792
4030 954
4031 841
4031 971
4031 102
4031 101
4032 831
4033 566
4033 153
4033 337
4034 888
4037 588
4037 756
4037 685
4037 550
4037 187
4038 829
4038 374
4038 897
4043 877
4043 777
4043 275
4043 998
4044 466
4044 827
4044 464
4044 349
4044 18
4045 664
4045 800
4049 259
4049 826
4049 952
4050 172
4050 406
4050 688
4050 317
4050 296
4056 591
4056 456
4056 895
4061 351
4061 390
4061 821
4063 578
4063 720
4063 878
4063 814
4063 798
4064 730
4064 734
4064 412
4066 397
4066 754
4066 87
4068 592
4068 535
4068 425
4069 597
4069 674
4069 237
4069 661
4072 938
4072 344
4072 196
4072 486
4072 989
4073 46
4073 97
4073 655
4073 562
4073 306
4077 769
4078 30
4079 135
4079 93
4079 695
4079 248
4083 758
4083 204
4083 876
4083 857
4083 349
4093 264
4093 493
4093 202
4093 102
4095 216
4095 61
4095 368
4095 387
4095 767
4100 782
4100 912
4100 261
4100 715
4104 768
4104 44
4104 52
4109 265
4109 938
4109 80
4109 300
4110 165
4110 190
4114 964
4114 622
4114 54
4122 91
4124 195
4125 22
4125 655
4125 102
4125 357
4125 794
4128 903
4128 469
4131 68
4131 705
4131 422
4131 679
4131 317
4132 856
4132 160
4132 203
4132 415
4134 918
4138 400
4138 178
4138 401
4139 263
4139 493
4139 659
4139 104
4139 144
4141 74
4141 235
4141 896
4143 857
4143 648
4143 968
4144 53
4144 534
4144 582
4146 49
4146 608
4146 678
4149 393
4149 679
4149 477
4149 539
4150 166
4150 703
4154 932
4155 227
4155 902
4155 293
4155 237
4167 598
4167 562
4168 914
4168 526
4168 751
4168 15
4168 93
4170 881
4170 581
4170 337
4170 712
4172 778
4172 811
4173 298
4173 473
4178 897
4186 869
4189 279
4189 403
4189 911
4189 264
4189 239
4191 259
4191 6
4192 727
4193 468
4193 709
4193 485
4198 174
4200 194
4200 976
4200 621
4201 22
4201 807
4201 962
4201 471
4201 353
4202 679
4202 692
4202 589
4203 946
4203 307
4206 795
4206 318
4206 767
4206 815
4206 151
4210 43
4210 261
4210 900
4210 410
4211 506
4211 600
4211 828
4211 954
4213 482
4213 882
4213 948
4215 936
4215 775
4215 190
4215 851
4216 813
4216 545
4217 286
4217 812
4217 91
4217 302
4219 994
4219 51
4219 201
4222 513
4222 352
4222 976
4222 262
4227 886
4227 712
4227 385
4227 588
4228 425
4228 772
4228 26
4228 235
4228 933
4234 357
4234 823
4234 984
4234 116
4250 286
4250 646
4250 946
4250 258
4253 789
4253 511
4257 782
4257 676
4260 181
4260 917
4260 674
4260 239
4264 861
4264 598
4264 508
4266 118
4266 911
4266 508
4266 938
4266 419
4272 123
4272 476
4272 929
4272 877
4277 785
4277 568
4277 294
4278 490
4278 618
4278 234
4278 807
4278 304
4279 161
4280 412
4280 189
4280 130
4280 215
4282 793
4282 380
4282 622
4282 164
4285 799
4285 362
4287 69
4287 630
4287 810
4287 672
4291 990
4291 108
4291 394
4291 826
4293 476
4293 716
4293 262
4293 809
4293 218
4297 813
4297 721
4297 582
4297 926
4301 100
4301 788
4301 191
4303 589
4303 837
4308 483
4308 298
4308 344
4311 489
4311 819
4311 144
4311 135
4311 201
4315 821
4315 829
4315 881
4315 879
4319 588
4319 205
4319 912
4319 345
4319 872
4320 943
4320 50
4320 86
4320 707
4321 179
4321 226
4321 183
4322 460
4322 379
4327 889
4327 146
4327 45
4327 9
4328 260
4328 174
4328 171
4328 867
4328 280
4329 54
4329 817
4329 821
4330 525
4330 75
4330 416
4331 23
4331 335
4331 126
4331 616
4331 640
4332 600
4332 61
4333 427
4333 421
4333 717
4335 255
4336 959
4336 243
4336 409
4340 968
4340 369
4342 449
4342 87
4344 837
4344 361
4344 898
4344 385
4351 811
4351 780
4351 939
4352 956
4356 339
4357 288
4357 822
4357 887
4357 29
4358 833
4358 300
4358 303
4358 429
4361 679
4365 735
4365 384
4365 721
4365 744
4365 643
4369 572
4369 238
4369 524
4369 916
4371 25
4371 768
4373 98
4373 655
4373 155
4373 775
4373 464
4374 777
4374 628
4374 674
4374 261
4375 251
4375 953
4375 58
4376 132
4376 586
4377 834
4377 106
4377 80
4377 829
4377 120
4380 297
4380 679
4380 480
4380 947
4385 291
4385 524
4386 972
4386 471
4399 755
4399 565
4399 997
4400 670
4400 300
4400 673
4400 576
4400 640
4404 203
4404 17
4405 233
4419 91
4419 563
4419 323
4419 629
4423 648
4423 478
4433 795
4433 526
4433 983
4433 200
4433 982
4436 701
4436 147
4437 861
4437 922
4437 825
4441 611
4441 925
4441 745
4441 848
4447 497
4447 272
4447 794
4447 985
4448 767
4448 422
4448 379
4448 990
4451 544
4452 204
4452 453
4452 379
4452 349
4452 599
4453 99
4455 472
4455 706
4455 462
4455 966
4455 128
4456 22
4456 754
4462 730
4462 427
4462 362
4462 733
4462 913
4469 310
4469 335
4469 460
4469 224
4469 221
4470 822
4470 401
4470 918
4472 227
4472 475
4473 334
4475 885
4475 980
4475 212
4478 377
4478 501
4479 496
4479 531
4479 613
4486 64
4486 210
4486 13
4486 491
4488 440
4488 388
4488 697
4488 321
4488 105
4493 365
4493 234
4494 870
4496 85
4496 113
4498 787
4498 273
4498 138
4502 439
4502 225
4502 864
4502 419
4505 554
4505 474
4505 426
4506 970
4506 529
4506 443
4506 914
4506 818
4510 317
4511 175
4515 790
4515 688
4515 675
4515 499
4517 234
4517 391
4518 627
4523 418
4523 371
4523 174
4523 247
4524 601
4524 217
4524 270
4524 241
4525 336
4525 532
4525 398
4525 405
4526 394
4526 836
4526 261
4526 130
4526 722
4528 483
4534 474
4534 378
4536 117
4536 445
4536 670
4536 337
4536 685
4537 464
4537 393
4539 732
4543 774
4543 422
4543 77
4545 768
4545 712
4547 492
4547 337
4547 993
4547 448
4550 701
4555 654
4555 210
4555 395
4555 404
4556 463
4556 453
4556 254
4556 824
4560 712
4560 51
4565 282
4565 17
4565 889
4565 211
4566 588
4566 844
4566 136
4566 894
4567 81
4567 738
4571 492
4571 118
4571 727
4571 347
4571 963
4573 467
4576 705
4576 113
4576 834
4576 592
4576 629
4580 851
4582 652
4582 477
4582 644
4582 18
4584 587
4584 939
4584 351
4584 679
4584 568
4585 608
4585 407
4591 651
4591 898
4601 223
4601 558
4601 71
4601 496
4606 357
4606 65
4606 998
4609 459
4610 904
4610 773
4610 782
4610 267
4611 910
4611 835
4611 969
4613 514
4613 241
4614 140
4614 568
4614 442
4614 333
4614 432
4616 813
4618 351
4618 775
4618 881
4618 595
4622 710
4622 923
4624 298
4627 785
4630 106
4631 373
4631 745
4631 652
4632 794
4632 59
4633 525
4633 284
4633 686
4633 780
4633 39
4637 81
4637 170
4637 676
4641 942
4641 655
4644 235
4644 490
4644 711
4644 929
4644 561
4651 945
4651 601
4651 564
4654 392
4654 701
4654 476
4654 859
4654 288
4659 572
4659 360
4659 818
4659 703
4659 208
4661 964
4661 131
4661 636
4661 373
4663 460
4663 650
4666 308
4666 338
4666 650
4666 207
4666 419
4669 182
4669 129
4669 399
4673 819
4676 490
4676 5
4681 150
4684 152
4684 846
4684 660
4687 608
4687 368
4690 604
4690 887
4690 922
4697 993
4697 880
4697 315
4700 815
4700 927
4700 43
4700 457
4706 549
4706 776
4708 817
4708 644
4710 129
4712 282
4713 822
4713 15
4713 991
4715 696
4715 61
4720 529
4723 467
4724 376
4724 749
4725 186
4725 294
4725 938
4725 476
4730 575
4730 769
4737 311
4737 969
4737 8
4740 185
4740 635
4740 501
4740 700
4747 280
4747 866
4747 263
4747 688
4750 847
4750 766
4750 809
4750 260
4750 606
4753 59
4753 514
4757 26
4757 978
4757 736
4757 869
4758 270
4758 458
4758 987
4768 578
4768 255
4768 516
4772 846
4772 270
4773 338
4780 869
4786 682
4786 339
4786 284
4788 231
4789 171
4789 726
4789 599
4792 306
4793 451
4793 741
4796 615
4796 309
4796 566
4798 570
4798 570
4800 454
4800 597
4800 271
4800 813
4807 205
4807 69
4807 974
4807 709
4807 251
4809 901
4815 710
4815 388
4815 140
4815 605
4816 83
4816 251
4816 349
4816 346
4816 725
4817 359
4817 845
4817 955
4817 174
4822 921
4822 401
4822 49
4822 654
4826 920
4831 884
4831 123
4831 130
4832 30
4832 444
4845 838
4845 677
4847 172
4848 19
4848 142
4848 898
4848 809
4854 615
4854 208
4854 888
4854 858
4862 265
4865 833
4865 71
4865 839
4865 737
4865 407
4868 703
4869 610
4870 106
4872 70
4872 990
4873 801
4873 824
4876 747
4884 734
4884 212
4884 347
4884 964
4885 1
4885 95
4885 424
4889 184
4889 329
4889 505
4889 554
4889 790
4891 570
4891 132
4891 837
4891 145
4893 723
4895 655
4895 293
4895 379
4895 764
4895 666
4898 777
4909 988
4909 846
4909 144
4909 959
4909 825
4912 728
4912 172
4915 427
4915 80
4916 949
4916 440
4916 51
4917 178
4917 281
4921 67
4923 725
4923 811
4923 169
4925 493
4925 114
4925 83
4925 417
4933 942
4933 294
4933 374
4937 440
4937 947
4937 793
4937 585
4937 105
4938 405
4942 994
4942 136
4942 66
4942 141
4942 481
4945 368
4945 406
4945 618
4945 553
4945 592
4946 614
4946 852
4949 582
4949 727
4950 204
4950 408
4953 217
4957 736
4957 714
4957 654
4957 496
4957 599
4958 538
4959 881
4959 906
4963 52
4963 163
4963 628
4966 363
4966 238
4966 676
4966 386
4966 71
4967 678
4969 76
4970 195
4970 76
4970 332
4970 224
4972 115
4976 470
4976 133
4976 786
4978 726
4978 520
4979 963
4979 715
4979 510
4979 747
4983 327
4983 533
4983 29
4983 602
4987 909
4987 954
4987 192
4989 558
4989 957
4989 945
4989 705
4989 243
4992 186
4994 196
4996 327
4996 215
4996 82
4996 998
5002 540
5004 691
5004 11
5004 857
5004 532
5004 174
5009 432
5009 644
5009 631
5009 858
5011 302
5011 305
5011 468
5012 445
5012 635
5012 299
5012 252
5012 18
5015 114
5015 968
5019 858
5019 282
5024 66
5024 450
5025 544
5025 540
5029 718
5029 426
5029 305
5029 609
5031 2
5033 524
5033 226
5033 826
5033 135
5038 667
5038 564
5042 128
5042 303
5042 787
5047 241
5047 619
5060 305
5060 904
5060 430
5065 11
5065 753
5065 853
5066 582
5066 51
5066 696
5067 892
5067 991
5067 433
5067 51
5067 802
5068 609
5068 527
5068 43
5069 698
5069 67
5069 733
5070 811
5070 19
5070 369
5070 365
5075 449
5075 711
5075 74
5075 185
5075 920
5076 804
5076 57
5077 159
5080 558
5080 479
5081 214
5081 815
5082 308
5082 393
5082 480
5091 594
5091 354
5096 981
5096 127
5097 360
5097 968
5097 495
5097 9
5100 314
5100 466
5100 269
5100 423
5102 787
5102 248
5102 947
5102 342
5102 175
5105 905
5105 943
5105 166
5108 101
5108 988
5108 588
5108 183
5108 343
5110 491
5110 452
5115 714
5115 946
5115 878
5115 585
5115 171
5120 651
5121 559
5121 401
5121 734
5121 240
5121 749
5122 215
5127 609
5129 496
5129 258
5129 876
5129 215
5129 609
5135 600
5137 769
5137 224
5137 693
5142 616
5144 598
5144 85
5145 760
5145 499
5145 756
5151 816
5151 831
5151 844
5151 356
5155 65
5155 35
5155 990
5156 400
5156 289
5156 432
5158 358
5158 30
5158 461
5160 914
5162 814
5162 976
5162 357
5166 806
5166 653
5166 993
5166 522
5168 811
5168 871
5168 161
5169 756
5169 417
5169 305
5169 860
5169 102
5170 43
5173 730
5173 535
5174 366
5174 958
5174 296
5178 557
5178 912
5178 504
5178 141
5178 688
5179 982
5179 574
5179 490
5179 601
5179 480
5180 730
5180 697
5181 104
5181 727
5181 134
5184 363
5185 302
5185 316
5185 476
5185 322
5191 50
5191 178
5191 258
5191 339
5191 820
5193 753
5193 632
5194 988
5196 738
5196 885
5196 390
5197 408
5197 821
5197 774
5198 322
5198 924
5198 367
5204 517
5204 249
5204 453
5208 67
5218 49
5218 618
5218 83
5218 36
5218 252
5222 117
5222 168
5222 853
5224 469
5224 775
5226 484
5226 682
5227 472
5227 183
5227 748
5227 511
5227 242
5232 346
5233 287
5233 493
5234 620
5234 201
5235 558
5235 744
5235 187
5235 801
5235 946
5239 222
5239 880
5239 429
5239 773
5239 444
5243 60
5243 331
5243 326
5243 474
5243 11
5246 774
5246 792
5246 72
5246 587
5247 130
5247 892
5248 678
5248 681
5248 640
5248 26
5250 974
5250 932
5250 77
5250 470
5253 949
5253 930
5259 596
5264 777
5264 913
5264 813
5267 4
5267 221
5267 894
5267 889
5269 148
5269 834
5269 223
5271 227
5271 569
5271 409
5280 280
5281 337
5281 53
5281 111
5281 239
5282 96
5282 76
5286 542
5286 748
5286 261
5288 421
5288 121
5288 861
5288 153
5288 503
5289 385
5289 273
5289 150
5290 885
5290 889
5290 575
5290 588
5290 938
5291 751
5293 743
5293 900
5293 661
5293 88
5293 645
5299 616
5299 816
5299 960
5299 691
5300 479
5300 279
5306 468
5306 935
5306 639
5306 431
5307 126
5307 370
5307 727
5314 118
5314 126
5314 147
5314 604
5319 80
5320 626
5320 347
5320 78
5325 556
5325 88
5325 405
5325 949
5327 741
5327 37
5327 393
5327 491
5328 448
5328 231
5328 816
5328 535
5328 22
5329 841
5329 674
5329 787
5329 533
5329 201
5330 503
5331 727
5332 426
5332 832
5332 928
5332 324
5332 811
5333 870
5333 549
5333 481
5333 232
5333 701
5340 101
5340 939
5340 543
5343 288
5343 212
5345 465
5347 229
5347 821
5347 222
5347 643
5348 106
5348 957
5348 603
5348 59
5348 721
5350 96
5351 873
5351 325
5351 124
5358 716
5358 288
5358 841
5360 949
5360 340
5360 15
5361 398
5361 857
5361 445
5362 378
5362 311
5362 237
5365 481
5365 458
5365 209
5365 201
5367 393
5367 487
5367 27
5367 751
5367 469
5369 670
5369 362
5369 8
5369 751
5371 231
5371 571
5371 661
5371 184
5372 967
5372 848
5374 2
5374 67
5374 647
5377 179
5377 727
5377 668
5380 143
5381 813
5381 549
5382 992
5382 604
5382 376
5383 306
5384 67
5388 944
5388 50
5388 93
5390 234
5390 456
5391 446
5396 172
5396 888
5398 29
5398 415
5398 748
5407 186
5407 229
5408 432
5413 397
5413 177
5413 714
5417 97
5419 760
5419 546
5419 858
5419 404
5419 72
5420 654
5423 520
5425 736
5425 66
5427 676
5427 223
5427 37
5429 797
5432 301
5432 615
5432 192
5432 833
5433 429
5434 191
5434 678
5434 364
5434 697
5434 331
5440 557
5442 59
5442 576
5444 232
5446 528
5446 275
5446 406
5446 792
5446 328
5449 354
5449 979
5452 702
5452 650
5452 656
5452 229
5452 549
5454 800
5454 346
5454 918
5455 737
5455 882
5455 253
5455 246
5459 11
5459 503
5459 175
5459 211
5459 559
5460 986
5460 264
5460 400
5460 819
5460 866
5461 666
5461 324
5461 695
5461 736
5461 830
5462 268
5462 133
5468 897
5468 550
5471 872
5471 773
5471 627
5472 62
5472 800
5473 987
5473 61
5473 876
5474 1
5474 472
5474 402
5474 675
5477 491
5479 193
5479 296
5481 204
5485 717
5485 201
5485 755
5486 253
5486 975
5490 783
5490 327
5490 282
5490 962
5491 152
5491 633
5491 367
5497 429
5497 392
5500 429
5501 228
5501 121
5501 558
5501 182
5501 474
5509 259
5509 154
5510 310
5510 728
5510 476
5510 491
5511 134
5514 53
5514 351
5514 664
5514 48
5516 803
5516 900
5516 742
5516 108
5519 141
5523 742
5523 951
5523 73
5526 830
5526 96
5526 3
5526 408
5526 879
5529 739
5529 870
5529 755
5533 474
5535 487
5535 780
5535 797
5535 806
5544 985
5544 233
5544 852
5544 198
5544 3
5546 797
5546 316
5556 476
5556 633
5556 158
5556 616
5556 263
5557 374
5557 362
5557 327
5559 973
5559 640
5559 7
5561 78
5561 670
5561 26
5561 591
5561 333
5562 234
5562 456
5562 149
5565 433
5570 381
5570 346
5572 695
5572 577
5572 485
5576 617
5576 73
5576 667
5577 671
5577 346
5577 717
5577 570
5580 66
5580 587
5580 950
5580 117
5580 563
5582 672
5585 749
5585 417
5586 73
5586 183
5588 151
5588 409
5588 410
5591 596
5591 802
5594 613
5600 177
5600 448
5600 397
5600 60
5600 486
5607 908
5607 700
5607 639
5608 140
5608 448
5608 611
5608 698
5608 61
5609 887
5609 890
5609 538
5609 99
5611 549
5611 203
5611 663
5611 822
5613 359
5613 43
5613 778
5613 526
5613 349
5616 649
5616 557
5616 616
5616 246
5619 730
5619 394
5620 141
5620 257
5620 113
5621 176
5622 91
5629 427
5629 637
5629 377
5629 302
5631 721
5631 462
5631 49
5631 240
5631 519
5634 816
5634 598
5634 656
5634 296
5634 717
5641 882
5641 218
5641 759
5641 842
5641 448
5643 228
5643 404
5643 8
5643 882
5647 19
5647 49
5647 564
5648 96
5648 725
5648 167
5648 710
5649 997
5650 950
5650 427
5650 495
5650 143
5652 423
5652 577
5652 508
5655 22
5655 459
5657 187
5657 13
5657 496
5657 906
5658 4
5658 671
5658 839
5658 67
5659 254
5659 415
5661 97
5661 251
5666 440
5669 628
5669 971
5669 582
5671 988
5672 225
5672 437
5672 754
5672 350
5672 580
5674 377
5674 172
5675 851
5675 49
5677 537
5681 996
5681 710
5681 309
5681 718
5681 102
5683 366
5683 992
5683 54
5683 935
5683 676
5684 554
5684 213
5684 291
5684 189
5684 548
5685 909
5685 674
5685 655
5687 599
5687 286
5687 710
5687 914
5688 545
5688 931
5688 82
5688 429
5694 666
5694 746
5694 882
5694 300
5694 840
5705 789
5705 437
5705 333
5706 768
5706 971
5706 81
5710 206
5717 518
5717 622
5717 854
5717 52
5718 590
5718 876
5718 17
5721 958
5721 552
5723 969
5724 369
5724 484
5724 773
5724 197
5724 870
5726 515
5726 894
5727 278
5727 364
5727 49
5727 898
5727 544
5733 128
5733 449
5733 323
5733 81
5733 532
5735 393
5735 407
5735 946
5735 92
5735 86
5736 92
5736 457
5736 315
5737 677
5737 817
5738 981
5738 477
5740 226
5740 678
5740 503
5741 282
5746 272
5746 597
5746 847
5748 930
5748 149
5748 908
5748 798
5748 923
5750 68
5751 27
5751 922
5751 660
5751 767
5756 688
5756 669
5756 126
5759 399
5759 788
5759 444
5760 863
5760 751
5761 576
5761 531
5761 960
5765 62
5766 617
5766 942
5766 621
5766 864
5768 599
5768 379
5768 817
5771 146
5771 42
5774 426
5774 293
5780 597
5780 811
5780 466
5780 300
5780 884
5781 405
5781 60
5785 914
5787 512
5787 938
5787 590
5791 380
5791 508
5794 793
5794 114
5794 122
5794 808
5794 186
5796 532
5796 474
5797 520
5797 186
5797 546
5802 118
5811 986
5812 974
5812 420
5812 600
5812 859
5812 551
5814 202
5814 908
5814 834
5814 652
5814 447
5816 951
5816 198
5816 410
5816 425
5817 613
5817 262
5817 626
5819 597
5819 773
5819 926
5819 326
5819 562
5822 827
5822 360
5822 197
5822 762
5822 935
5828 261
5828 381
5828 680
5828 42
5833 985
5837 13
5837 402
5837 888
5837 191
5842 585
5842 319
5845 50
5845 565
5845 531
5847 741
5847 382
5852 573
5852 187
5855 629
5855 386
5855 999
5855 697
5855 975
5856 993
5856 936
5856 624
5856 532
5856 510
5861 348
5861 592
5863 820
5863 85
5863 100
5863 405
5864 701
5864 468
5869 558
5869 621
5872 738
5872 981
5872 601
5876 600
5876 388
5876 306
5876 271
5878 224
5878 491
5878 790
5878 266
5878 405
5879 656
5879 610
5879 777
5879 867
5882 300
5883 968
5883 839
5883 902
5883 236
5883 669
5891 268
5891 623
5891 849
5891 572
5891 808
5893 974
5893 148
5893 72
5893 401
5893 408
5896 342
5896 51
5896 544
5896 105
5898 947
5898 795
5898 943
5898 501
5898 1
5901 792
5901 437
5901 885
5901 941
5905 572
5905 150
5905 241
5905 35
5911 532
5911 409
5911 644
5911 190
5911 571
5913 717
5913 595
5913 34
5913 694
5918 358
5918 26
5922 769
5925 571
5925 2
5925 905
5925 929
5925 919
5927 246
5927 434
5927 667
5927 363
5932 823
5942 405
5942 539
5942 460
5942 949
5942 303
5943 473
5948 858
5948 453
5948 518
5948 881
5948 608
5950 26
5951 856
5951 354
5954 535
5954 5
5955 655
5955 18
5955 922
5955 956
5957 382
5957 962
5961 481
5961 67
5961 734
5962 938
5962 769
5964 811
5964 992
5964 779
5965 204
5966 66
5966 487
5966 457
5966 521
5966 376
5968 853
5973 22
5973 113
5974 659
5979 881
5979 934
5981 560
5981 928
5986 66
5992 813
5992 362
5992 201
5997 315
6010 425
6011 742
6011 894
6011 949
6016 71
6021 469
6027 739
6027 269
6027 75
6031 506
6031 330
6031 953
6031 861
6034 646
6036 411
6036 233
6036 450
6036 95
6037 57
6037 362
6037 190
6037 899
6041 913
6041 571
6041 183
6041 480
6041 558
6042 715
6042 810
6042 538
6042 395
6042 129
6043 767
6043 483
6043 624
6044 214
6044 674
6044 593
6047 886
6047 564
6047 864
6048 536
6048 486
6049 939
6049 31
6049 102
6049 809
6049 521
6060 835
6061 454
6061 389
6061 940
6061 540
6062 819
6062 856
6062 418
6064 293
6072 51
6072 328
6072 182
6072 857
6072 312
6085 531
6087 147
6087 209
6087 497
6087 137
6088 944
6088 26
6088 172
6088 650
6088 823
6100 450
6100 947
6100 904
6100 835
6100 417
6111 422
6111 25
6111 322
6111 998
6111 996
6116 815
6116 130
6116 474
6116 688
6116 834
6119 437
6119 30
6119 88
6120 669
6120 566
6120 991
6120 410
6125 787
6125 908
6131 640
6131 712
6131 659
6132 104
6132 190
6132 152
6139 664
6139 1
6144 52
6144 269
6144 386
6147 97
6147 424
6148 364
6148 292
6148 349
6148 200
6149 229
6149 703
6149 256
6153 92
6153 685
6153 688
6153 191
6155 34
6155 911
6155 201
6155 34
6155 855
6159 307
6160 609
6160 772
6160 649
6161 112
6161 164
6161 261
6161 158
6161 626
6163 425
6163 424
6166 88
6166 243
6169 673
6169 224
6169 926
6169 579
6170 893
6170 862
6170 328
6170 868
6170 42
6174 909
6174 749
6176 652
6176 368
6178 959
6178 541
6178 869
6178 495
6189 725
6189 818
6189 470
6189 779
6189 429
6196 817
6196 447
6196 665
6199 402
6199 869
6199 771
6199 742
6199 857
6202 661
6202 167
6203 352
6203 942
6203 253
6205 503
6205 121
6205 934
6205 850
6205 364
6207 561
6207 254
6207 710
6207 81
6209 918
6211 131
6212 519
6212 542
6212 911
6214 673
6214 654
6214 786
6216 412
6216 547
6216 995
6216 22
6217 382
6217 173
6217 536
6217 25
6217 945
6218 717
6218 598
6221 214
6221 280
6221 891
6222 239
6222 746
6224 686
6229 76
6229 538
6231 148
6231 932
6233 863
6233 525
6235 912
6235 743
6235 130
6235 647
6237 477
6241 962
6241 136
6241 2
6241 37
6241 489
6243 900
6243 819
6243 812
6244 480
6255 574
6255 366
6255 487
6257 345
6257 293
6257 414
6258 84
6258 90
6258 99
6258 657
6258 26
6260 471
6262 326
6265 738
6265 340
6265 789
6265 59
6266 137
6271 406
6271 320
6271 365
6271 932
6276 950
6276 777
6276 274
6281 705
6281 513
6281 89
6281 773
6285 1
6285 576
6285 790
6286 434
6300 927
6302 177
6306 831
6306 59
6306 395
6306 764
6307 837
6309 186
6309 124
6310 146
6310 9
6310 762
6317 620
6317 113
6320 731
6320 683
6320 437
6320 989
6320 199
6322 303
6322 428
6329 582
6329 965
6329 938
6329 832
6329 325
6334 492
6338 92
6339 754
6344 989
6344 49
6344 231
6344 129
6345 859
6345 534
6345 538
6345 801
6348 201
6348 484
6353 459
6353 652
6353 494
6353 122
6353 4
6357 613
6357 70
6360 90
6360 30
6360 863
6360 451
6360 629
6363 291
6363 135
6363 544
6363 949
6363 234
6365 194
6365 22
6365 733
6367 640
6367 511
6367 377
6367 622
6371 545
6371 575
6371 576
6371 275
6371 944
6373 914
6373 537
6373 829
6373 279
6378 83
6381 234
6381 638
6381 532
6382 940
6382 89
6382 392
6383 994
6383 536
6383 81
6385 84
6390 234
6390 635
6390 136
6403 60
6403 828
6411 639
6411 369
6411 883
6411 734
6411 381
6417 698
6417 149
6420 655
6420 71
6420 29
6420 233
6420 252
6423 9
6423 980
6424 638
6424 22
6424 636
6425 151
6425 467
6426 485
6426 17
6426 443
6428 479
6428 935
6428 66
6428 85
6433 515
6437 900
6437 398
6437 742
6437 274
6438 184
6438 324
6438 497
6438 631
6443 388
6443 146
6446 705
6447 721
6447 455
6447 306
6447 397
6447 31
6448 764
6448 385
6448 235
6448 385
6449 995
6449 184
6450 828
6452 985
6452 34
6455 104
6455 722
6455 327
6459 749
6459 904
6460 856
6460 116
6460 884
6460 895
6462 926
6462 967
6462 644
6463 105
6463 923
6463 890
6463 31
6463 888
6464 719
6464 487
6464 366
6464 379
6467 755
6467 576
6469 99
6469 950
6472 61
6476 939
6476 681
6476 357
6479 677
6489 571
6490 202
6490 796
6490 960
6493 121
6493 56
6494 172
6494 914
6495 991
6497 636
6497 437
6499 306
6499 844
6499 698
6499 926
6499 552
6503 707
6503 269
6503 27
6504 804
6504 971
6504 210
6504 427
6504 676
6508 44
6508 362
6508 760
6512 617
6512 443
6512 385
6512 187
6516 515
6516 73
6518 193
6518 807
6520 468
6520 37
6520 842
6523 892
6523 738
6523 758
6526 949
6526 367
6526 70
6526 652
6526 972
6528 728
6528 126
6542 861
6542 836
6543 74
6548 69
6551 163
6551 802
6553 471
6553 930
6553 557
6553 940
6555 76
6557 728
6557 11
6557 609
6558 431
6558 51
6559 813
6559 246
6566 803
6566 381
6566 871
6569 266
6569 800
6577 423
6577 592
6581 618
6581 917
6581 871
6588 370
6588 672
6588 806
6588 215
6589 993
6589 497
6589 455
6589 818
6589 985
6590 554
6590 945
6590 706
6591 897
6591 994
6596 483
6607 386
6607 531
6607 163
6607 963
6607 816
6609 222
6611 751
6611 757
6611 139
6611 676
6611 502
6612 282
6612 446
6612 560
6612 644
6612 252
6613 855
6613 679
6613 415
6613 727
6613 41
6615 680
6615 21
6615 435
6615 981
6617 725
6617 184
6619 987
6619 961
6619 42
6619 429
6620 595
6624 445
6624 283
6624 423
6624 81
6625 225
6626 29
6626 626
6626 588
6626 996
6626 319
6627 866
6627 503
6627 390
6628 405
6628 117
6628 490
6628 262
6629 827
6629 172
6629 882
6629 709
6629 863
6634 113
6636 810
6636 6
6636 242
6636 531
6638 249
6638 921
6638 567
6638 906
6638 660
6640 593
6640 30
6640 287
6640 556
6640 701
6642 562
6642 353
6642 704
6642 101
6643 109
6643 581
6643 104
6651 965
6651 808
6651 166
6651 848
6657 450
6657 862
6657 905
6657 447
6657 138
6662 298
6662 477
6663 567
6663 667
6663 751
6668 982
6668 54
6669 687
6669 462
6669 111
6673 576
6673 80
6673 739
6685 464
6686 350
6687 571
6687 768
6693 905
6694 815
6694 504
6694 533
6694 22
6694 362
6695 9
6695 458
6695 72
6695 179
6695 378
6699 325
6699 6
6699 367
6699 832
6700 826
6702 54
6702 603
6702 555
6702 29
6708 106
6708 676
6708 677
6708 930
6713 478
6721 827
6723 223
6723 563
6723 726
6724 796
6724 46
6724 245
6724 281
6724 377
6726 215
6726 50
6726 153
6726 861
6727 210
6731 954
6731 623
6731 363
6731 256
6732 417
6732 54
6732 802
6732 167
6735 552
6735 166
6735 917
6744 863
6746 683
6746 868
6746 204
6746 503
6746 862
6747 788
6748 171
6748 71
6748 344
6748 329
6748 742
6754 659
6754 836
6754 946
6754 66
6755 444
6755 616
6755 333
6757 622
6757 711
6758 13
6758 716
6758 374
6758 139
6758 19
6764 123
6764 22
6764 839
6765 745
6769 410
6769 841
6769 657
6769 77
6769 89
6771 427
6775 779
6775 419
6775 358
6775 900
6776 760
6776 655
6776 221
6777 713
6777 242
6782 638
6782 553
6782 675
6782 203
6782 973
6784 862
6784 471
6784 331
6784 544
6784 177
6786 570
6786 506
6786 167
6786 967
6788 272
6791 46
6793 778
6793 121
6793 953
6793 764
6794 737
6794 950
6798 244
6807 985
6807 858
6807 410
6807 485
6807 584
6811 53
6812 471
6812 22
6812 395
6812 577
6812 580
6816 968
6816 52
6816 896
6816 756
6816 570
6825 344
6825 765
6825 112
6829 441
6829 60
6829 439
6829 26
6833 163
6833 167
6833 658
6833 627
6837 490
6837 499
6837 19
6838 643
6838 976
6838 137
6838 268
6838 568
6840 703
6840 345
6841 441
6841 183
6841 738
6841 470
6846 314
6846 912
6846 619
6846 690
6846 104
6847 185
6850 730
6850 58
6850 669
6850 560
6857 30
6857 540
6857 786
6857 538
6858 999
6858 782
6859 488
6859 769
6859 388
6868 502
6868 136
6868 691
6868 411
6868 707
6873 777
6873 643
6873 281
6873 140
6873 292
6874 931
6874 503
6875 203
6875 630
6880 884
6882 891
6882 475
6882 680
6882 951
6882 772
6889 22
6889 160
6889 254
6889 81
6890 904
6898 243
6898 659
6898 803
6898 365
6900 673
6900 52
6900 611
6900 675
6900 524
6902 879
6903 744
6903 574
6903 208
6903 235
6903 743
6906 229
6906 718
6906 614
6906 894
6906 481
6908 821
6908 11
6908 676
6908 327
6908 136
6909 586
6909 319
6909 487
6909 631
6912 2
6912 568
6912 213
6912 282
6913 459
6913 13
6914 698
6914 498
6914 472
6914 465
6914 289
6918 860
6918 49
6918 481
6918 204
6918 933
6921 761
6923 203
6935 341
6935 570
6936 649
6936 378
6936 216
6938 996
6938 992
6939 309
6939 235
6941 71
6946 65
6946 479
6946 131
6952 91
6952 573
6952 653
6970 823
6970 113
6970 359
6970 964
6976 170
6976 127
6976 422
6976 539
6983 690
6983 902
6983 89
6984 329
6984 472
6984 271
6984 184
6984 401
6986 724
6986 565
6986 710
6988 160
6988 737
6988 66
6991 827
6991 511
6991 587
6993 361
6993 246
7001 441
7001 410
7001 677
7001 483
7005 627
7005 813
7005 686
7005 897
7007 930
7007 469
7007 445
7007 743
7007 896
7009 791
7009 805
7009 757
7009 923
7011 657
7016 702
7018 772
7018 944
7018 83
7018 757
7020 214
7022 904
7022 849
7025 493
7025 159
7025 384
7025 381
7025 412
7028 427
7028 878
7028 403
7028 86
7030 949
7030 58
7030 5
7031 604
7032 369
7032 759
7032 936
7032 799
7034 589
7034 486
7035 491
7035 806
7035 130
7035 785
7036 502
7037 285
7038 355
7038 809
7038 8
7038 197
7038 799
7040 95
7040 644
7040 394
7040 389
7040 389
7042 407
7042 316
7042 124
7042 423
7042 783
7045 333
7045 502
7047 744
7047 623
7047 378
7047 809
7050 407
7050 735
7050 716
7050 115
7050 861
7051 418
7051 622
7051 429
7059 542
7059 439
7059 292
7068 506
7068 553
7068 155
7073 209
7073 683
7073 86
7073 44
7076 791
7076 53
7076 798
7076 308
7077 300
7077 655
7077 369
7077 19
7080 972
7080 508
7080 127
7083 332
7083 187
7083 148
7083 990
7083 656
7086 809
7087 960
7087 549
7090 602
7090 986
7090 782
7090 436
7091 499
7091 354
7091 928
7091 590
7091 245
7107 728
7107 90
7108 795
7108 223
7108 716
7110 972
7110 585
7110 682
7110 107
7110 296
7111 599
7112 579
7112 172
7112 859
7112 674
7115 779
7115 997
7115 931
7115 151
7115 843
7120 953
7120 889
7121 770
7121 340
7121 87
7123 449
7125 583
7126 260
7126 370
7126 48
7126 57
7136 669
7136 606
7136 684
7136 444
7137 478
7137 829
7137 555
7139 935
7139 57
7139 654
7139 904
7145 124
7145 563
7145 918
7145 718
7147 216
7147 132
7147 782
7147 136
7149 723
7149 142
7149 162
7149 141
7155 908
7155 926
7155 146
7159 36
7159 755
7163 840
7163 925
7163 218
7163 327
7163 251
7173 712
7173 100
7175 559
7175 504
7175 225
7175 274
7178 13
7178 648
7179 104
7179 386
7179 201
7179 494
7181 833
7181 757
7181 452
7183 349
7183 622
7183 994
7183 254
7185 453
7185 241
7185 800
7185 25
7188 648
7188 855
7188 325
7188 265
7188 407
7191 529
7191 731
7191 486
7198 534
7199 818
7199 958
7199 534
7199 30
7199 608
7201 347
7206 305
7208 838
7208 118
7208 740
7208 898
7208 585
7214 312
7218 275
7218 367
7218 184
7218 174
7219 88
7219 882
7219 795
7219 913
7220 617
7220 360
7220 705
7220 955
7220 65
7221 523
7222 235
7222 48
7222 316
7225 824
7225 844
7225 530
7228 236
7228 987
7228 949
7228 124
7228 433
7230 347
7237 318
7237 880
7237 455
7242 240
7246 895
7246 171
7246 536
7246 51
7246 357
7255 418
7255 31
7255 489
7255 74
7255 105
7256 596
7256 257
7256 828
7256 210
7260 7
7260 868
7260 231
7265 644
7265 765
7265 626
7265 105
7265 4
7267 323
7267 713
7267 569
7270 630
7270 982
7270 370
7270 613
7273 693
7273 900
7273 225
7273 474
7278 778
7278 142
7278 719
7280 395
7280 15
7280 93
7280 464
7281 778
7281 452
7281 892
7283 2
7283 791
7289 651
7289 580
7289 832
7289 791
7289 27
7291 688
7291 704
7291 91
7291 540
7292 245
7295 940
7298 782
7298 797
7298 644
7298 69
7298 147
7300 751
7303 147
7303 827
7303 33
7303 837
7305 785
7305 937
7305 848
7310 440
7310 311
7312 904
7312 683
7312 928
7312 791
7312 49
7315 975
7318 393
7318 502
7318 523
7318 192
7318 314
7320 536
7320 141
7320 601
7323 687
7323 509
7323 966
7323 822
7324 899
7324 722
7324 744
7324 490
7331 990
7331 516
7331 782
7331 669
7331 256
7333 704
7333 383
7333 150
7333 249
7333 164
7334 629
7334 185
7334 46
7335 241
7335 758
7335 337
7335 264
7335 298
7336 557
7336 995
7340 118
7340 605
7344 974
7344 819
7344 977
7345 765
7345 635
7345 919
7345 567
7345 661
7346 709
7347 224
7347 475
7347 144
7347 409
7347 531
7349 528
7349 287
7351 992
7352 133
7352 427
7352 897
7352 48
7353 345
7353 970
7353 427
7355 334
7356 368
7356 550
7356 735
7356 832
7357 344
7362 905
7365 491
7366 3
7366 849
7366 251
7366 850
7366 139
7367 915
7367 165
7367 789
7367 249
7368 524
7368 369
7371 545
7372 577
7372 518
7372 175
7373 463
7373 276
7373 738
7377 160
7377 675
7377 901
7377 681
7377 59
7384 401
7385 185
7385 183
7385 71
7385 18
7385 43
7386 344
7386 196
7387 651
7387 495
7387 140
7387 317
7388 61
7388 729
7388 942
7388 435
7389 251
7389 901
7394 559
7394 53
7395 18
7395 80
7395 346
7395 239
7396 257
7396 921
7396 967
7402 708
7402 488
7402 807
7402 896
7402 823
7404 266
7405 246
7405 501
7405 216
7405 891
7405 299
7406 78
7406 958
7414 934
7414 485
7414 688
7414 572
7415 388
7416 409
7416 988
7416 307
7416 178
7416 715
7417 48
7417 348
7417 907
7417 200
7418 356
7420 225
7420 911
7420 813
7421 877
7421 301
7422 214
7422 448
7422 996
7422 210
7422 696
7423 76
7423 727
7423 30
7423 51
7425 9
7425 712
7425 628
7425 621
7428 322
7428 193
7428 256
7428 273
7428 128
7429 787
7429 223
7431 789
7431 206
7431 863
7431 569
7431 295
7434 947
7434 768
7434 196
7443 362
7443 407
7443 728
7443 665
7443 700
7444 873
7444 194
7444 462
7444 279
7444 233
7445 49
7445 422
7445 578
7446 851
7446 705
7446 35
7446 212
7446 5
7449 947
7449 780
7449 797
7453 189
7453 387
7453 85
7453 163
7453 453
7455 229
7455 235
7455 862
7455 896
7455 950
7459 952
7459 263
7459 400
7463 235
7463 802
7463 280
7464 689
7471 516
7472 136
7472 861
7472 426
7472 280
7472 37
7474 952
7474 246
7474 284
7474 492
7476 69
7476 419
7476 73
7476 939
7478 276
7478 11
7478 753
7478 982
7478 831
7481 772
7482 8
7486 559
7486 869
7486 748
7487 15
7487 729
7487 221
7487 931
7487 867
7488 22
7488 165
7490 584
7492 902
7496 314
7496 136
7500 370
7502 724
7502 727
7506 88
7506 308
7506 949
7506 274
7506 126
7507 782
7511 305
7511 277
7511 867
7511 815
7512 369
7512 309
7512 587
7512 282
7512 440
7515 111
7515 578
7515 822
7518 379
7518 573
7518 685
7518 650
7519 363
7519 105
7519 433
7519 59
7521 43
7521 325
7521 775
7521 757
7523 109
7523 802
7523 514
7523 505
7524 673
7525 363
7525 979
7527 993
7527 677
7529 620
7529 812
7529 410
7530 544
7530 241
7536 914
7543 680
7544 364
7544 241
7544 482
7544 560
7549 581
7549 887
7549 379
7549 288
7549 553
7551 771
7553 813
7553 273
7554 857
7558 354
7558 435
7558 545
7558 757
7558 831
7561 216
7561 285
7561 825
7561 89
7561 599
7562 846
7562 553
7562 710
7562 752
7562 288
7563 352
7563 340
7568 154
7571 18
7571 927
7571 252
7574 5
7574 714
7579 469
7579 141
7579 344
7584 296
7584 676
7584 123
7590 19
7590 142
7590 267
7590 353
7593 944
7593 142
7594 377
7594 128
7594 860
7594 382
7594 893
7595 565
7597 628
7599 867
7599 726
7599 152
7604 511
7604 4
7604 733
7604 621
7604 496
7608 18
7608 93
7611 801
7611 44
7611 594
7611 299
7611 754
7612 469
7612 287
7614 108
7614 827
7614 243
7614 991
7614 483
7615 910
7620 913
7626 187
7626 616
7626 62
7628 530
7628 419
7628 532
7630 9
7638 112
7638 478
7638 22
7638 855
7639 630
7639 327
7643 612
7643 414
7643 454
7643 269
7644 113
7644 671
7644 451
7645 970
7645 732
7645 29
7648 419
7648 364
7648 899
7649 783
7649 283
7649 557
7649 280
7649 813
7652 739
7652 655
7652 44
7652 136
7652 399
7653 452
7653 588
7653 587
7654 920
7654 167
7654 800
7654 928
7659 915
7659 165
7660 440
7667 816
7667 659
7667 248
7667 815
7668 531
7668 779
7668 757
7668 662
7668 975
7676 214
7676 222
7677 470
7677 649
7677 967
7677 523
7677 266
7682 312
7682 211
7692 214
7692 76
7693 545
7693 809
7693 862
7693 130
7693 334
7696 917
7696 617
7696 25
7696 484
7697 36
7697 30
7697 685
7698 283
7698 83
7699 677
7699 482
7699 648
7699 834
7700 315
7700 960
7700 548
7700 407
7701 66
7701 278
7701 374
7701 335
7701 516
7704 199
7704 259
7704 411
7704 515
7705 41
7705 798
7707 174
7709 448
7709 350
7709 712
7709 736
7709 929
7715 978
7715 269
7715 335
7724 762
7724 956
7724 951
7726 830
7727 144
7727 770
7727 148
7727 144
7730 241
7730 993
7736 472
7737 15
7737 440
7737 146
7743 93
7743 783
7743 985
7743 857
7743 803
7751 532
7751 890
7753 567
7753 541
7753 156
7756 635
7756 432
7756 717
7759 956
7759 376
7759 149
7760 300
7760 137
7760 487
7760 709
7764 928
7764 576
7764 145
7764 116
7772 525
7772 756
7775 892
7775 85
7775 400
7775 153
7775 574
7779 363
7779 323
7779 588
7780 401
7781 927
7782 833
7782 350
7782 945
7784 43
7784 960
7786 891
7786 985
7787 290
7787 172
7792 417
7792 743
7792 457
7792 472
7792 367
7793 155
7793 362
7793 131
7794 562
7795 233
7795 248
7797 212
7799 950
7799 577
7803 477
7806 576
7809 206
7810 541
7810 952
7810 602
7813 631
7813 138
7814 906
7814 857
7814 294
7819 531
7819 999
7824 128
7824 628
7824 582
7824 385
7827 159
7827 756
7827 213
7827 628
7827 69
7828 9
7828 23
7828 582
7828 706
7836 843
7836 850
7836 33
7837 386
7837 162
7837 992
7841 832
7841 918
7841 48
7841 696
7841 624
7843 626
7843 738
7844 521
7844 519
7844 432
7844 13
7844 338
7846 151
7847 799
7847 112
7847 686
7847 102
7849 995
7849 939
7849 945
7849 6
7849 112
7850 420
7850 414
7850 903
7852 174
7852 98
7852 734
7853 387
7853 288
7853 289
7857 353
7857 368
7857 135
7857 711
7857 650
7859 901
7859 805
7859 638
7861 929
7861 960
7861 659
7861 459
7862 22
7862 690
7864 689
7868 178
7869 161
7869 989
7869 958
7869 994
7869 217
7870 560
7870 756
7871 237
7871 747
7873 645
7873 568
7873 348
7873 516
7873 64
7874 606
7874 389
7874 562
7874 42
7878 557
7878 440
7878 463
7878 165
7878 583
7879 158
7879 276
7879 803
7882 166
7883 945
7883 31
7884 23
7884 926
7884 300
7884 490
7884 797
7886 597
7886 186
7886 557
7886 744
7888 464
7888 539
7888 130
7889 407
7889 554
7890 934
7890 184
7890 231
7890 520
7890 904
7894 720
7894 768
7897 31
7901 394
7901 790
7901 399
7901 658
7901 169
7902 284
7908 938
7908 276
7908 29
7909 116
7909 174
7909 799
7909 856
7909 326
7911 503
7911 579
7911 420
7914 458
7914 744
7924 703
7924 442
7924 106
7924 935
7924 121
7927 974
7927 316
7928 71
7928 202
7928 81
7928 866
7937 358
7937 514
7937 376
7942 214
7942 964
7944 996
7944 484
7947 965
7953 282
7953 149
7954 453
7954 89
7956 648
7958 706
7958 391
7964 622
7964 950
7964 608
7965 852
7965 544
7965 656
7966 143
7966 888
7974 170
7974 609
7974 104
7974 577
7974 788
7978 930
7978 239
7978 791
7978 363
7979 481
7979 563
7980 307
7980 574
7980 307
7980 512
7980 999
7983 68
7983 791
7983 51
7983 916
7983 295
7984 593
7984 807
7984 283
7992 326
7999 704
7999 748
8001 507
8001 509
8001 428
8001 86
8002 892
8002 18
8002 874
8002 930
8003 641
8003 104
8004 278
8004 463
8004 134
8004 781
8007 549
8007 901
8007 446
8007 910
8008 358
8008 686
8008 926
8008 383
8010 563
8010 838
8010 164
8010 198
8010 348
8013 989
8013 21
8013 655
8016 297
8016 137
8016 967
8019 694
8019 160
8019 621
8019 899
8023 917
8023 670
8023 291
8023 190
8023 808
8026 795
8029 453
8030 877
8030 129
8030 252
8030 989
8032 770
8032 938
8032 883
8032 748
8035 271
8035 395
8035 419
8037 760
8037 173
8037 386
8038 378
8039 693
8039 281
8039 533
8039 380
8039 46
8040 367
8040 687
8040 169
8041 588
8041 354
8041 255
8044 678
8044 207
8044 361
8044 727
8044 769
8047 821
8047 744
8048 507
8048 945
8051 985
8051 303
8060 978
8060 913
8060 360
8062 614
8062 971
8062 3
8062 71
8063 533
8064 962
8076 911
8076 451
8076 476
8076 601
8077 370
8082 989
8082 579
8083 833
8084 456
8084 358
8084 352
8084 489
8085 831
8091 8
8091 127
8091 633
8091 8
8101 366
8101 232
8101 349
8101 660
8101 942
8102 290
8102 654
8105 239
8105 294
8108 156
8108 433
8108 222
8108 22
8108 992
8110 56
8110 917
8110 459
8110 965
8113 66
8113 747
8116 823
8117 980
8118 400
8120 51
8120 609
8120 11
8120 233
8126 974
8126 746
8126 286
8127 193
8129 693
8134 988
8138 256
8138 453
8138 516
8141 694
8141 411
8141 804
8148 416
8148 540
8148 173
8148 9
8148 431
8154 262
8158 85
8158 118
8158 330
8158 537
8158 532
8165 285
8165 42
8165 204
8165 4
8165 462
8168 76
8168 593
8168 897
8170 214
8170 758
8170 50
8170 772
8170 286
8171 844
8171 555
8171 998
8171 713
8171 407
8177 306
8178 60
8178 832
8178 874
8178 579
8180 8
8180 126
8180 877
8180 558
8180 425
8187 726
8187 407
8187 418
8187 563
8187 569
8193 344
8193 934
8196 700
8196 979
8196 371
8196 796
8208 860
8208 741
8208 970
8211 95
8211 605
8211 225
8211 404
8215 15
8215 113
8215 143
8215 650
8219 947
8220 232
8220 581
8221 342
8221 564
8221 273
8221 960
8230 607
8230 128
8231 459
8234 701
8234 926
8234 373
8234 649
8237 720
8237 610
8242 947
8247 649
8247 736
8247 45
8247 165
8247 680
8250 273
8250 831
8254 369
8254 864
8258 965
8258 729
8258 400
8262 30
8264 177
8264 214
8264 657
8264 142
8264 448
8267 352
8267 202
8267 565
8267 221
8267 580
8269 516
8269 872
8269 204
8269 755
8269 158
8270 283
8272 189
8272 741
8272 30
8272 615
8272 858
8273 181
8273 856
8273 653
8274 210
8274 176
8274 354
8274 318
8275 261
8275 703
8275 950
8276 74
8276 89
8276 216
8276 476
8277 514
8279 224
8279 51
8279 841
8279 964
8285 53
8288 633
8288 563
8288 844
8289 567
8289 206
8289 912
8293 889
8293 719
8293 453
8294 840
8294 213
8294 650
8295 360
8295 909
8296 587
8296 639
8301 529
8301 867
8301 469
8304 557
8304 269
8310 523
8310 372
8310 483
8310 198
8310 414
8313 445
8313 9
8315 695
8315 575
8315 364
8315 836
8315 126
8321 406
8321 233
8324 999
8324 395
8327 681
8328 455
8328 470
8331 532
8331 170
8334 499
8334 226
8334 144
8334 198
8337 304
8337 38
8338 502
8338 453
8339 676
8339 836
8339 328
8339 400
8339 778
8340 593
8340 928
8340 793
8341 975
8341 391
8341 787
8341 897
8342 802
8342 118
8345 752
8345 102
8345 752
8345 35
8345 612
8350 525
8353 75
8353 874
8353 398
8353 74
8357 132
8357 596
8357 371
8357 401
8358 83
8361 558
8361 538
8361 328
8366 735
8366 58
8366 467
8366 914
8366 863
8367 262
8367 578
8367 18
8376 462
8376 860
8377 357
8377 266
8377 961
8377 435
8377 699
8384 874
8389 531
8389 671
8389 604
8391 216
8391 123
8391 399
8391 504
8391 892
8394 349
8394 264
8394 602
8399 945
8399 448
8399 854
8399 905
8402 260
8402 446
8402 525
8402 771
8402 679
8405 262
8405 204
8405 267
8405 686
8405 967
8413 106
8413 96
8413 471
8413 475
8413 57
8417 172
8417 766
8422 883
8422 220
8422 307
8423 825
8423 549
8423 989
8423 123
8423 413
8429 662
8429 88
8429 435
8429 741
8431 804
8431 372
8436 62
8436 833
8436 349
8437 43
8437 402
8437 332
8443 631
8443 486
8443 596
8449 817
8449 623
8449 205
8452 778
8452 87
8452 948
8452 87
8452 846
8454 495
8454 907
8461 727
8461 264
8464 124
8464 725
8464 482
8464 559
8467 858
8471 21
8471 816
8471 57
8471 729
8473 391
8473 89
8473 310
8491 835
8493 378
8493 556
8493 814
8501 892
8501 842
8501 769
8501 906
8501 976
8502 400
8502 503
8502 42
8502 493
8504 305
8504 84
8504 21
8504 152
8504 796
8509 696
8509 331
8509 717
8515 405
8517 175
8520 995
8520 105
8520 172
8520 92
8520 224
8521 99
8521 773
8521 352
8525 749
8526 441
8527 491
8528 558
8528 17
8528 878
8528 942
8528 819
8532 15
8532 811
8536 634
8536 235
8536 224
8536 293
8536 194
8538 631
8538 19
8538 986
8538 727
8538 928
8546 83
8551 11
8551 717
8558 376
8564 999
8564 156
8564 61
8564 509
8568 58
8568 509
8569 739
8569 69
8569 71
8569 291
8570 357
8574 119
8574 808
8576 988
8576 304
8582 587
8582 907
8583 889
8583 485
8583 316
8583 860
8585 671
8585 82
8585 677
8585 686
8585 22
8589 561
8589 304
8591 727
8591 7
8591 855
8591 469
8591 342
8596 452
8596 260
8596 93
8597 245
8597 165
8597 138
8597 57
8598 989
8598 628
8599 369
8599 113
8599 197
8599 902
8602 77
8603 771
8603 501
8603 218
8603 487
8603 221
8613 575
8616 532
8617 112
8617 119
8617 696
8625 387
8625 256
8625 596
8625 585
8625 377
8630 552
8630 620
8630 785
8636 368
8636 727
8636 415
8636 260
8639 672
8639 29
8648 990
8651 742
8651 9
8651 960
8651 399
8654 255
8656 878
8656 325
8656 948
8660 898
8660 179
8660 103
8660 638
8660 97
8665 267
8669 209
8671 466
8673 294
8675 763
8675 800
8675 921
8675 864
8676 67
8676 427
8677 407
8677 205
8677 395
8680 218
8680 914
8683 730
8687 443
8692 106
8692 105
8692 236
8692 879
8692 604
8693 234
8693 604
8693 842
8693 83
8693 523
8696 111
8698 666
8698 304
8698 342
8700 95
8700 830
8700 221
8702 391
8702 524
8702 485
8702 1
8704 805
8704 164
8707 243
8707 915
8707 96
8714 272
8722 555
8722 247
8723 305
8728 235
8728 258
8728 480
8728 204
8728 668
8732 179
8732 792
8732 694
8732 958
8733 814
8733 972
8733 872
8733 150
8733 598
8741 435
8746 123
8746 721
8746 141
8755 928
8755 368
8755 100
8756 901
8757 589
8757 928
8758 140
8761 847
8761 344
8765 754
8765 915
8765 235
8765 303
8765 191
8767 326
8767 563
8767 701
8767 139
8771 415
8771 176
8771 660
8774 222
8774 278
8777 817
8777 241
8777 33
8777 373
8777 371
8780 242
8780 965
8783 74
8786 117
8786 71
8786 51
8787 235
8787 88
8787 880
8787 343
8788 982
8788 68
8788 316
8793 814
8793 873
8793 954
8796 732
8796 136
8796 296
8799 561
8799 413
8804 782
8804 324
8804 351
8804 529
8804 118
8809 303
8811 254
8811 566
8811 997
8815 150
8822 592
8824 703
8824 331
8824 200
8824 552
8824 704
8828 831
8828 947
8828 249
8834 938
8836 515
8836 223
8836 804
8836 617
8836 203
8837 177
8837 380
8838 735
8838 667
8838 901
8838 417
8838 942
8840 824
8840 236
8840 25
8840 306
8844 180
8845 222
8845 137
8845 266
8848 507
8848 127
8848 959
8848 700
8848 593
8851 138
8851 4
8851 707
8851 930
8851 491
8854 833
8855 652
8859 720
8859 960
8859 453
8859 338
8859 855
8860 95
8860 701
8860 172
8860 943
8860 288
8866 258
8866 960
8869 86
8869 246
8869 355
8869 235
8870 241
8870 215
8871 142
8876 665
8876 810
8876 665
8879 200
8879 650
8881 522
8881 184
8881 581
8881 69
8881 557
8882 476
8882 856
8886 466
8886 207
8897 174
8897 404
8899 103
8900 57
8900 459
8900 795
8900 993
8907 972
8907 117
8907 989
8907 870
8907 115
8910 4
8910 203
8911 489
8911 482
8911 404
8913 342
8913 961
8913 335
8913 448
8913 90
8917 722
8917 89
8917 106
8917 865
8919 322
8919 9
8919 148
8919 672
8919 507
8920 855
8920 143
8920 981
8922 185
8922 103
8922 931
8922 443
8922 884
8926 175
8926 42
8926 819
8933 680
8933 830
8933 71
8935 181
8936 50
8936 207
8941 252
8941 585
8941 289
8948 228
8952 417
8952 26
8952 112
8952 887
8958 97
8958 93
8958 664
8958 869
8958 869
8959 422
8959 370
8959 589
8959 380
8962 512
8964 255
8964 976
8964 361
8964 542
8964 251
8967 144
8967 461
8967 286
8967 736
8967 845
8968 968
8968 774
8968 37
8968 566
8968 806
8970 464
8970 429
8970 619
8970 495
8971 187
8971 691
8972 152
8973 522
8973 781
8974 613
8974 824
8974 843
8974 823
8974 746
8979 841
8980 609
8980 381
8980 251
8980 237
8980 661
8981 845
8981 241
8981 639
8981 872
8981 196
8982 344
8984 51
8986 215
8987 876
8987 941
8987 392
8987 497
8990 637
8990 230
8990 368
8990 151
8990 819
8992 232
8992 702
8992 759
8992 725
8992 744
8994 913
8998 154
8998 282
9006 900
9006 297
9013 531
9013 747
9013 725
9013 34
9014 869
9014 99
9014 969
9017 775
9018 35
9018 777
9020 692
9020 529
9020 898
9025 575
9025 901
9025 583
9025 641
9025 436
9027 973
9027 942
9027 371
9029 513
9030 869
9030 672
9030 447
9030 755
9030 112
9033 686
9033 15
9035 889
9039 753
9039 461
9039 773
9041 847
9041 915
9041 896
9041 298
9041 199
9045 260
9051 592
9053 669
9060 673
9060 459
9060 403
9062 610
9062 803
9062 773
9062 678
9062 344
9065 572
9065 469
9067 726
9067 113
9067 893
9067 871
9067 626
9068 729
9068 43
9068 141
9068 84
9069 362
9075 745
9076 443
9076 755
9076 25
9077 783
9078 497
9078 217
9078 922
9078 633
9079 11
9079 644
9079 405
9081 778
9081 888
9081 658
9081 774
9081 846
9082 654
9082 138
9083 635
9083 41
9083 78
9083 485
9083 473
9088 160
9088 223
9088 203
9089 503
9089 523
9092 491
9092 612
9092 187
9092 776
9093 100
9093 256
9093 751
9103 428
9103 478
9103 897
9103 721
9103 186
9108 513
9108 181
9108 315
9108 360
9108 763
9109 891
9109 78
9109 227
9110 586
9110 248
9110 733
9110 328
9111 610
9113 828
9113 747
9113 555
9113 662
9116 74
9116 679
9116 638
9116 469
9116 284
9118 820
9118 218
9120 493
9120 284
9120 293
9120 559
9125 849
9125 430
9125 875
9125 348
9125 71
9126 874
9126 727
9128 344
9128 521
9129 621
9129 754
9129 513
9129 270
9129 172
9136 114
9136 532
9136 767
9137 799
9137 761
9137 462
9137 45
9137 144
9138 193
9138 862
9138 856
9138 453
9138 281
9142 196
9142 530
9142 858
9142 597
9142 858
9146 230
9146 350
9146 854
9147 853
9147 150
9147 853
9151 849
9151 720
9152 303
9152 207
9156 531
9156 545
9156 528
9156 815
9156 844
9158 788
9160 215
9160 112
9160 840
9160 840
9161 792
9163 426
9163 187
9164 833
9164 291
9164 836
9164 757
9164 578
9170 234
9170 377
9170 6
9170 265
9172 275
9172 127
9172 828
9172 36
9178 274
9182 282
9182 771
9182 818
9182 197
9182 667
9184 816
9184 676
9184 410
9185 363
9185 565
9185 140
9185 603
9185 457
9186 390
9186 73
9186 814
9186 814
9186 814
9189 811
9189 724
9195 516
9198 108
9198 626
9198 802
9198 436
9204 302
9204 619
9204 621
9204 649
9205 142
9205 563
9205 659
9205 701
9205 599
9206 151
9206 550
9206 698
9206 325
9206 794
9208 144
9208 279
9208 123
9208 80
9209 424
9209 118
9209 244
9210 636
9210 790
9210 37
9211 535
9211 789
9211 1
9211 273
9211 789
9213 787
9215 222
9215 99
9215 568
9216 784
9216 228
9216 655
9226 7
9226 511
9234 339
9235 114
9235 555
9235 56
9237 585
9237 160
9237 661
9237 285
9237 635
9238 762
9238 762
9238 492
9238 541
9239 712
9239 439
9239 650
9246 104
9246 43
9246 206
9246 131
9246 754
9249 225
9249 676
9250 424
9255 382
9255 177
9255 82
9255 514
9257 116
9257 45
9258 742
9258 717
9259 741
9259 453
9259 395
9260 259
9260 237
9260 680
9260 514
9260 93
9261 499
9261 85
9261 207
9267 553
9267 419
9267 557
9277 664
9277 723
9277 723
9277 682
9278 294
9278 722
9278 722
9281 56
9282 363
9283 105
9283 168
9283 717
9283 667
9287 671
9287 651
9290 493
9290 117
9290 481
9291 709
9291 709
9291 598
9291 709
9291 206
9292 26
9295 705
9295 705
9295 524
9297 484
9297 318
9297 687
9297 662
9299 701
9299 242
9299 362
9299 433
9300 237
9300 191
9300 498
9300 177
9300 344
9305 678
9305 126
9318 682
9318 518
9322 678
9323 217
9329 214
9329 483
9329 227
9329 426
9343 286
9343 657
9343 657
9343 408
9346 654
9352 341
9352 648
9355 538
9355 319
9355 543
9365 627
9380 36
9380 255
9381 619
9381 243
9381 619
9383 617
9388 406
9388 232
9388 447
9388 435
9389 156
9389 572
9390 610
9390 109
9390 610
9398 602
9399 86
9400 600
9400 481
9400 600
9400 600
9404 596
9404 450
9404 492
9404 382
9406 594
9408 592
9408 592
9408 62
9408 592
9408 482
9410 590
9410 590
9413 587
9413 427
9414 586
9415 100
9415 112
9415 585
9415 385
9416 489
9416 584
9416 584
9416 191
9425 575
9425 132
9425 575
9425 575
9425 480
9426 317
9426 574
9426 461
9427 521
9427 514
9427 573
9428 390
9430 570
9430 476
9430 352
9430 37
9430 187
9431 176
9437 5
9437 98
9437 563
9437 563
9437 563
9439 561
9439 359
9444 512
9444 136
9444 556
9444 256
9444 326
9447 77
9448 437
9449 223
9449 269
9449 551
9449 551
9449 551
9451 549
9452 548
9454 458
9454 214
9456 544
9456 367
9460 361
9461 275
9462 365
9462 400
9463 259
9463 537
9463 537
9463 126
9463 468
9465 535
9465 140
9466 418
9466 248
9466 474
9466 25
9466 534
9472 417
9472 30
9472 138
9472 31
9472 528
9474 526
9474 153
9474 61
9474 51
9474 526
9475 354
9475 525
9475 326
9475 525
9478 444
9478 522
9478 522
9478 522
9481 450
9481 402
9481 519
9481 169
9481 519
9487 513
9487 513
9487 495
9487 513
9487 358
9490 510
9490 367
9493 246
9497 503
9497 274
9513 487
9513 487
9513 120
9513 487
9513 134
9517 363
9517 483
9523 477
9523 477
9523 477
9523 477
9526 172
9527 473
9527 473
9527 46
9531 469
9531 152
9531 469
9531 200
9533 467
9533 467
9533 228
9534 466
9534 466
9534 466
9535 428
9535 465
9535 465
9535 465
9535 465
9537 83
9537 463
9537 189
9537 209
9537 59
9538 462
9538 143
9538 462
9539 461
9539 222
9541 459
9541 459
9543 457
9543 457
9548 384
9548 452
9548 186
9548 452
9549 451
9549 451
9549 451
9549 450
9549 352
9550 174
9550 450
9550 450
9550 450
9555 445
9555 445
9555 332
9555 102
9556 444
9556 133
9556 444
9556 444
9557 66
9557 307
9571 429
9575 113
9575 425
9577 44
9577 423
9577 180
9578 127
9579 167
9579 266
9579 421
9583 409
9583 381
9583 417
9585 86
9585 415
9585 415
9589 104
9593 241
9593 302
9593 407
9593 407
9595 289
9596 404
9596 404
9596 404
9596 404
9597 403
9597 403
9597 105
9597 403
9599 204
9599 19
9604 396
9607 393
9607 393
9607 393
9607 393
9607 324
9609 391
9610 33
9611 389
9611 365
9617 235
9622 378
9622 378
9622 378
9622 378
9622 48
9624 330
9624 351
9624 376
9624 11
9625 182
9625 375
9625 375
9626 374
9627 288
9630 289
9630 229
9630 370
9630 370
9635 365
9635 365
9638 362
9638 255
9638 362
9638 362
9639 11
9639 361
9639 298
9639 361
9640 360
9640 224
9640 360
9640 360
9642 64
9642 358
9643 357
9644 356
9644 43
9644 66
9644 356
9645 9
9645 232
9651 349
9653 15
9653 347
9655 345
9655 345
9656 344
9659 341
9659 341
9659 341
9661 339
9661 339
9661 339
9664 245
9664 185
9664 336
9668 332
9673 327
9673 271
9673 327
9676 139
9683 317
9683 317
9683 317
9685 315
9688 19
9693 286
9693 307
9693 35
9693 74
9693 307
9694 306
9694 152
9694 291
9694 306
9702 298
9702 298
9702 298
9702 71
9705 255
9705 295
9711 289
9711 289
9711 289
9713 18
9713 287
9716 137
9716 284
9721 279
9721 279
9721 279
9721 58
9723 277
9725 108
9725 117
9725 275
9729 271
9729 271
9729 271
9732 268
9732 268
9732 169
9732 268
9734 266
9734 266
9734 266
9734 42
9734 266
9736 264
9736 264
9736 264
9737 263
9737 263
9737 230
9737 23
9739 261
9739 204
9739 261
9740 260
9741 259
9741 124
9741 259
9741 259
9743 248
9745 255
9746 225
9748 227
9749 251
9749 251
9749 39
9749 251
9749 251
9758 242
9758 242
9758 242
9759 48
9759 241
9759 241
9759 241
9759 204
9760 240
9760 240
9764 236
9764 67
9764 236
9767 233
9770 230
9770 230
9771 229
9771 229
9771 229
9771 229
9771 229
9777 223
9777 223
9777 223
9777 223
9778 222
9780 220
9780 220
9782 218
9782 218
9785 215
9785 134
9785 215
9785 69
9785 143
9786 214
9786 214
9786 214
9786 214
9786 214
9790 210
9790 179
9790 210
9790 210
9794 206
9794 206
9794 206
9794 206
9794 206
9795 205
9796 204
9796 204
9796 204
9796 204
9797 203
9797 203
9797 148
9797 129
9800 200
9800 200
9800 200
9807 193
9807 193
9807 193
9807 193
9808 192
9808 114
9813 187
9813 124
9819 181
9819 181
9819 181
9821 179
9821 179
9826 174
9826 174
9831 169
9834 166
9839 161
9841 159
9841 159
9841 159
9845 155
9845 155
9845 155
9845 155
9845 15
9848 152
9848 152
9848 152
9852 148
9852 148
9854 146
9854 146
9854 146
9854 22
9854 146
9860 140
9861 139
9861 139
9863 137
9863 137
9864 18
9865 135
9865 41
9865 135
9865 135
9870 130
9870 3
9870 130
9874 126
9874 126
9874 126
9874 126
9874 118
9875 125
9877 123
9877 123
9878 122
9879 121
9879 42
9880 120
9882 118
9883 117
9883 22
9883 117
9883 117
9883 117
9886 114
9886 114
9886 53
9886 114
9887 113
9887 113
9891 109
9891 109
9895 71
9895 98
9899 101
9899 101
9900 100
9900 100
9900 100
9901 99
9901 99
9901 99
9901 99
9902 98
9902 98
9906 94
9906 93
9911 89
9911 89
9911 89
9912 88
9912 88
9912 88
9912 88
9915 85
9915 85
9915 85
9915 85
9915 85
9917 83
9917 83
9917 83
9917 83
9917 83
9920 80
9922 78
9922 78
9922 78
9930 36
9932 68
9932 68
9932 68
9932 68
9935 65
9935 65
9935 65
9935 65
9935 65
9945 55
9945 55
9945 55
9945 55
9947 53
9948 52
9948 49
9948 52
9948 52
9948 52
9950 50
9950 50
9950 50
9950 50
9951 49
9951 49
9953 47
9953 47
9954 46
9954 46
9954 46
9954 46
9954 46
9956 44
9956 44
9956 44
9956 44
9959 41
9959 41
9964 36
9964 36
9964 36
9969 31
9972 28
9977 23
9977 23
9977 23
9977 23
9977 23
9981 19
9981 19
9981 19
9981 19
9981 19
9982 18
9982 18
9982 18
9982 18
9986 14
9986 14
9986 14
9986 14
9988 12
9992 8
9992 8
9992 8
9992 8
9992 8
9993 7
9994 6
9994 6
9994 6
9994 6
