1000 2700
1 26
1 26
1 34
1 28
1 5
3 25
3 8
3 19
3 24
3 32
5 12
5 39
5 18
5 38
6 4
6 5
6 17
6 36
6 33
7 37
7 14
7 22
8 40
8 6
8 17
9 1
9 35
9 37
9 19
9 20
10 15
10 3
10 25
10 20
11 30
11 24
11 11
11 15
11 38
12 8
12 40
13 2
13 34
14 9
14 28
15 38
15 35
15 21
15 23
15 26
16 1
16 6
16 27
16 40
16 28
17 8
18 22
19 7
19 32
19 30
19 2
20 18
20 35
20 22
20 30
21 24
21 33
21 13
21 5
22 38
23 34
24 30
24 25
24 9
24 10
25 30
27 2
27 25
27 10
27 14
27 15
28 36
28 26
28 17
29 25
30 29
30 4
30 15
30 2
30 5
32 4
32 27
32 20
32 13
33 2
33 36
33 32
34 8
34 30
35 3
35 17
36 21
37 34
37 12
37 17
37 15
38 25
38 1
38 35
38 20
39 21
39 25
40 25
40 30
40 36
40 22
41 13
41 20
41 14
41 38
42 30
42 7
42 7
42 38
42 11
43 25
44 39
44 10
46 11
46 4
46 11
47 39
47 26
47 31
47 19
48 11
48 38
48 3
48 30
49 5
49 33
51 36
51 10
51 34
51 22
52 3
52 22
52 25
52 20
53 38
53 40
53 26
54 24
54 30
54 9
54 24
54 36
58 33
58 27
58 12
58 16
58 17
59 14
59 32
60 31
60 6
61 21
62 12
62 28
63 11
63 4
64 19
65 29
65 38
65 28
65 34
66 23
66 40
66 18
66 27
66 27
67 10
67 31
67 28
67 2
69 38
69 27
69 30
69 21
69 11
70 7
70 28
70 9
70 21
71 14
71 30
71 20
71 29
71 35
72 8
73 21
73 20
73 26
73 20
73 12
74 20
74 22
74 32
74 12
74 16
76 13
77 34
77 24
77 30
77 2
77 22
78 36
78 16
79 11
79 31
79 36
79 5
80 34
80 1
81 31
81 11
81 10
81 13
81 38
82 29
82 9
82 5
82 15
82 28
83 1
83 1
83 40
84 2
84 20
84 13
85 26
85 9
85 7
85 21
85 5
86 7
86 26
86 32
86 14
87 8
87 11
87 11
87 8
88 12
89 34
89 21
89 1
89 20
89 18
90 14
91 40
91 33
91 25
92 2
92 36
93 39
93 23
93 34
93 32
93 26
94 38
94 40
94 11
94 28
94 5
95 29
95 16
95 38
95 22
96 10
96 6
97 6
97 4
97 5
97 6
98 11
98 26
98 19
98 4
98 34
99 33
99 34
99 9
99 14
100 33
100 22
100 28
100 29
101 24
101 28
101 30
101 31
102 40
103 7
103 7
103 11
103 13
104 37
104 6
104 17
104 38
105 28
105 35
105 6
106 32
106 34
107 16
107 8
107 3
107 10
107 3
109 18
109 21
109 37
109 6
109 2
111 37
111 17
112 20
112 10
112 36
113 5
113 18
114 39
114 14
114 13
116 30
116 13
116 15
118 3
118 10
119 1
121 28
121 21
121 8
121 11
121 32
122 38
123 33
124 33
125 2
125 12
126 15
126 4
126 32
126 11
126 37
127 30
127 31
128 38
128 39
129 30
129 17
129 6
129 40
130 20
130 34
130 26
130 18
130 8
131 40
131 21
131 32
131 11
131 17
132 25
132 4
132 11
132 16
133 9
133 32
133 16
133 3
133 24
134 22
134 3
134 31
134 25
134 7
135 39
135 36
135 22
135 23
136 8
136 4
137 19
137 39
137 10
137 12
138 16
138 18
139 10
139 7
139 13
139 38
139 20
140 33
141 14
141 14
141 3
141 17
141 17
142 40
142 22
142 26
142 1
143 27
143 27
143 37
143 25
144 2
144 15
144 18
145 2
146 34
147 39
148 10
148 39
148 35
148 16
148 10
149 31
150 5
150 40
150 11
151 1
151 10
151 24
151 29
152 28
152 24
152 28
152 27
153 30
154 27
154 10
156 26
156 11
156 20
156 8
156 22
157 33
157 26
158 34
158 3
158 19
158 1
158 22
159 5
159 19
159 6
159 39
160 28
160 20
160 7
161 40
161 30
161 1
162 22
162 23
162 24
163 35
164 1
164 35
164 23
165 20
166 8
166 30
166 3
166 23
167 22
167 29
168 35
168 26
169 37
169 1
169 14
170 1
170 4
170 7
170 30
170 17
171 33
171 15
171 30
171 7
172 30
172 3
172 1
172 29
173 34
173 40
174 33
174 21
174 23
174 19
175 26
175 3
175 21
176 9
176 30
176 33
177 14
177 32
177 31
177 32
178 24
179 24
180 36
180 8
180 26
181 39
181 29
181 15
182 17
182 10
182 39
183 16
183 19
183 8
183 8
183 14
184 32
184 1
184 12
184 26
187 16
187 12
188 2
188 4
189 1
189 11
190 9
190 25
190 36
190 5
190 17
191 6
191 26
191 21
192 8
192 38
193 22
193 23
193 3
194 16
195 20
195 9
195 12
196 27
196 28
196 31
197 26
197 7
197 22
197 20
198 20
198 13
199 7
199 40
199 40
200 23
200 29
202 6
202 14
202 2
203 3
205 32
206 37
207 9
211 7
211 14
212 19
212 25
212 39
213 29
213 5
213 8
214 2
214 3
214 13
214 24
214 12
215 37
217 16
217 24
217 24
217 17
218 9
219 9
219 10
220 23
220 7
220 40
221 28
221 27
221 39
222 23
222 34
222 8
224 10
225 10
226 16
227 8
227 26
227 28
228 6
228 36
228 4
229 18
230 1
230 5
230 24
230 40
230 37
231 24
232 24
232 22
233 21
233 10
233 25
233 28
234 35
234 40
235 36
236 28
236 28
236 11
236 13
236 8
237 20
237 1
238 1
238 20
238 15
239 14
239 21
239 14
239 27
239 11
240 6
240 29
240 38
240 34
240 26
241 27
241 8
241 6
242 12
242 40
242 5
242 9
242 24
243 40
243 14
243 18
243 30
244 5
245 4
245 7
245 7
245 14
246 12
246 19
246 29
246 38
247 6
248 15
248 39
248 11
248 16
248 40
249 28
249 12
249 30
249 3
249 3
250 20
250 36
250 2
250 3
251 4
251 33
251 15
251 22
251 40
253 2
253 2
254 22
255 40
255 27
256 2
256 2
256 13
256 40
256 1
257 36
257 32
258 14
258 26
258 36
259 27
259 40
259 16
259 20
261 20
262 30
262 21
263 27
263 7
264 35
264 26
265 23
265 39
266 8
266 23
266 13
266 7
266 7
267 6
267 24
268 13
268 20
270 23
270 28
270 1
271 16
271 28
271 40
271 17
272 10
272 9
272 24
272 39
273 6
273 32
273 7
273 28
273 31
274 21
274 39
275 4
275 12
275 24
275 27
275 38
276 26
277 17
278 9
278 13
278 21
279 23
279 20
279 7
280 35
280 31
281 8
281 30
281 10
282 21
282 2
283 5
283 29
283 14
283 23
283 30
284 33
284 8
284 3
284 33
285 33
287 24
287 19
287 2
288 1
288 16
288 12
288 28
289 19
289 22
289 32
289 11
289 22
290 33
291 22
292 22
293 10
293 25
293 3
294 20
294 22
294 12
295 32
296 19
296 22
297 5
298 35
298 11
299 8
299 26
299 1
300 26
300 11
300 40
300 5
301 3
301 19
301 21
301 29
301 29
302 34
302 4
302 15
302 24
303 18
304 13
305 8
305 23
305 13
306 9
307 18
307 6
307 29
307 37
307 7
308 22
310 12
310 17
311 22
312 24
312 36
312 27
313 10
313 39
313 22
313 38
313 26
314 26
314 22
314 38
315 21
316 9
316 36
316 26
316 10
317 37
317 10
317 4
317 24
318 36
318 37
318 15
319 14
319 32
319 28
319 9
321 27
321 37
321 28
322 9
322 7
322 33
322 29
322 21
323 22
323 7
325 29
326 19
327 16
328 30
328 28
328 17
328 4
329 22
329 40
329 19
329 19
330 37
330 22
330 24
330 20
333 33
333 11
334 22
334 18
334 11
334 11
335 1
336 13
339 34
339 1
340 34
340 8
340 4
340 1
343 24
344 39
344 18
346 33
346 27
346 17
348 25
348 20
348 5
348 40
348 18
350 36
351 17
351 12
351 27
352 11
353 38
353 3
355 14
355 39
355 29
356 15
356 29
357 7
358 13
358 7
359 11
359 34
359 31
360 38
360 22
360 31
361 34
361 9
361 11
361 12
362 1
362 38
362 15
362 15
363 27
363 33
363 27
363 31
363 31
364 36
364 31
364 29
364 18
364 26
365 29
365 16
365 19
365 10
366 22
367 10
367 13
368 3
369 13
369 23
370 16
370 15
370 10
370 4
371 37
371 13
371 27
371 24
372 32
372 1
372 24
372 26
373 4
373 4
373 3
373 14
374 39
374 6
374 12
374 18
374 40
375 12
375 12
375 4
376 17
376 19
376 33
376 30
377 14
377 5
377 5
377 34
378 1
378 20
378 38
378 12
378 21
380 18
380 17
380 36
381 32
381 21
381 33
381 4
381 7
382 5
383 2
383 2
384 32
384 25
384 7
385 8
385 38
386 36
386 10
386 22
386 10
386 32
387 26
388 38
388 14
388 21
388 25
388 19
389 21
389 15
390 33
390 33
390 32
390 26
390 28
391 26
391 20
392 7
392 17
393 2
395 24
395 25
396 31
396 36
398 29
398 16
398 31
398 32
399 15
399 1
400 6
401 12
401 5
402 16
402 36
402 26
403 40
403 1
403 40
404 16
404 26
405 25
405 30
405 26
405 37
405 22
406 23
406 40
406 40
406 14
407 27
408 32
408 17
408 26
408 26
408 23
409 1
410 30
410 21
410 35
410 22
411 15
411 4
411 6
411 38
411 2
412 38
413 16
414 8
415 27
415 34
415 32
416 32
416 5
417 13
417 19
417 3
418 3
418 22
418 8
418 40
418 5
419 16
419 6
419 11
419 6
420 33
420 14
420 33
420 1
420 19
421 6
421 4
422 35
422 8
422 22
423 10
423 10
423 2
423 6
424 39
424 14
424 12
424 28
424 23
425 13
425 12
425 30
425 16
426 18
427 6
427 40
427 7
428 19
429 21
429 16
429 13
429 11
429 38
430 7
430 15
430 28
432 34
432 5
433 27
433 39
434 16
434 28
435 27
435 14
435 15
435 30
436 37
436 31
436 31
436 2
437 1
437 12
437 22
437 32
438 26
438 26
438 26
439 36
439 10
439 37
439 25
441 35
441 12
442 34
442 5
442 9
442 21
442 37
443 24
443 11
443 3
444 35
444 27
444 3
444 37
445 7
445 5
446 13
447 18
447 19
447 33
448 28
448 23
448 15
448 33
448 6
449 32
449 15
449 28
450 23
450 39
450 31
450 10
450 12
451 15
451 40
451 17
451 7
451 34
452 26
452 20
452 35
453 28
453 16
455 26
455 6
455 6
455 36
455 9
456 8
456 39
457 6
457 36
457 11
457 35
458 3
458 20
458 33
458 18
458 40
460 10
461 3
461 20
462 24
462 4
463 36
463 21
464 30
464 1
464 30
465 4
465 14
466 21
466 4
466 13
466 12
468 10
468 33
468 10
468 7
469 5
469 4
470 29
471 17
471 39
472 4
472 16
473 18
473 27
473 17
474 3
475 33
475 17
475 21
475 28
475 4
477 40
478 36
478 9
478 4
478 11
478 14
479 4
479 14
479 26
479 30
480 28
481 2
481 28
482 39
482 24
482 33
482 10
483 30
483 13
483 29
483 32
483 15
484 4
484 18
485 2
487 18
487 1
487 29
487 30
487 34
488 29
488 27
488 26
489 32
489 25
489 23
489 18
489 13
490 3
491 4
492 25
492 13
492 37
492 36
492 6
493 3
493 18
493 35
494 17
494 12
494 24
494 38
495 14
495 26
495 34
495 20
495 18
497 18
497 14
497 18
497 18
498 2
498 38
498 18
498 34
499 35
499 22
500 22
502 13
502 7
503 23
503 33
503 25
504 12
504 37
504 40
505 7
505 25
505 26
506 27
506 5
506 16
506 7
507 40
507 17
508 27
509 22
509 16
510 22
510 1
510 37
510 26
510 37
512 27
512 6
512 32
513 5
513 35
513 21
514 19
514 6
515 11
516 29
516 29
516 15
516 19
518 33
518 39
518 28
519 27
519 11
519 2
519 28
519 29
521 27
521 11
521 2
521 8
521 19
523 36
524 14
524 10
524 2
524 1
524 34
525 7
525 26
525 20
526 18
526 38
526 10
526 3
526 4
527 6
528 30
528 18
528 38
528 30
528 13
529 35
529 15
529 35
530 1
530 18
530 13
531 2
531 36
531 11
531 37
531 23
532 40
532 32
532 1
533 11
533 20
533 26
533 7
534 7
534 27
534 5
535 23
536 28
537 34
537 29
537 11
537 10
538 35
538 18
538 23
538 20
539 8
539 6
539 15
539 16
540 14
541 35
541 28
542 12
542 38
543 15
543 33
543 5
544 24
544 34
544 36
545 24
545 33
546 32
547 34
547 13
548 26
548 24
548 3
548 31
549 3
549 36
549 16
550 8
550 6
550 2
551 4
551 7
551 9
551 11
552 16
552 11
552 11
552 6
553 38
554 32
555 7
555 31
556 23
556 12
556 3
556 4
557 21
557 23
557 8
559 13
559 36
560 13
560 5
560 18
560 16
560 34
561 36
561 24
561 21
561 30
562 36
562 30
562 30
563 30
563 13
563 14
563 30
564 14
564 12
564 14
564 17
564 35
565 16
565 37
565 17
565 23
565 19
566 13
566 7
567 11
567 13
567 25
567 14
567 38
568 3
568 27
568 31
568 5
570 9
570 24
570 16
571 14
571 17
571 3
571 18
572 33
572 3
572 23
572 7
572 17
573 18
573 16
573 31
574 37
574 6
574 2
574 34
575 25
576 10
576 30
576 22
576 11
577 19
577 14
578 26
578 23
578 35
579 20
579 34
579 2
579 6
580 13
580 36
580 37
581 20
581 4
582 25
582 32
582 28
584 35
584 38
585 1
586 22
587 24
587 27
588 36
589 23
589 9
590 12
590 35
590 37
590 20
590 39
591 13
593 29
594 35
594 10
595 33
595 38
595 35
595 16
595 3
596 17
596 1
597 37
597 23
599 10
599 37
599 40
599 40
600 6
602 15
602 19
603 6
603 2
604 35
604 29
604 21
604 26
604 32
605 40
605 15
605 38
605 10
606 27
606 37
606 28
607 35
608 24
608 13
608 7
608 18
608 32
609 15
609 14
609 22
610 17
610 19
610 18
610 5
610 40
611 39
611 7
612 2
612 24
612 8
612 7
613 30
613 26
614 18
614 4
614 1
614 1
615 32
615 40
616 17
616 28
616 27
616 21
616 4
617 8
617 18
618 18
618 30
618 25
618 24
618 37
619 33
619 28
619 9
620 39
620 8
621 27
622 18
623 9
623 29
623 12
624 3
624 20
624 15
624 13
624 22
625 30
626 8
626 19
626 38
626 25
626 10
627 14
627 19
627 12
627 11
627 14
628 20
630 7
630 7
631 8
631 19
632 17
632 37
632 22
632 1
633 4
633 10
634 27
634 36
634 8
634 4
634 8
635 1
636 39
637 21
637 38
637 24
638 35
638 36
638 7
638 11
638 20
639 22
639 23
640 40
640 38
641 23
641 8
641 29
641 37
641 18
642 2
642 37
642 18
642 27
643 16
643 15
643 29
643 23
645 10
645 37
645 18
645 6
645 1
646 13
646 39
646 2
646 17
646 31
647 7
648 28
648 3
648 31
648 7
648 31
651 7
651 16
651 37
651 37
651 8
652 18
652 4
653 37
654 10
654 23
654 33
654 12
655 1
657 38
659 9
660 22
660 37
660 22
660 6
661 2
661 13
661 37
661 33
662 38
662 23
662 29
662 28
662 15
663 22
663 26
663 24
664 33
665 27
666 40
666 38
666 5
666 17
667 18
667 23
668 34
668 29
668 36
669 38
669 34
669 40
669 1
670 12
670 14
670 2
670 26
670 34
671 7
671 7
672 27
672 36
672 2
672 6
675 36
675 30
675 18
675 3
677 31
677 11
677 4
678 23
679 25
679 39
679 31
679 31
679 2
680 26
680 23
680 40
680 4
681 35
681 27
681 38
681 37
681 1
682 36
682 10
682 38
683 40
684 12
684 17
684 1
685 1
685 1
686 25
686 12
686 16
686 3
687 5
687 16
687 25
687 35
687 39
688 6
688 14
689 13
690 29
690 8
690 12
690 37
690 26
691 24
691 8
692 2
692 4
692 39
692 35
692 26
693 8
693 34
693 37
693 24
694 16
694 27
694 38
694 13
695 10
695 8
695 10
695 20
695 9
696 22
696 40
696 4
696 15
696 28
697 35
697 9
698 3
698 7
699 12
699 19
699 35
699 21
699 29
700 13
700 12
700 21
700 40
700 23
701 5
701 2
701 22
701 20
702 34
702 14
702 10
702 19
702 15
703 8
703 4
703 30
704 20
704 39
704 12
706 7
706 36
707 31
707 16
707 4
707 11
708 6
708 16
708 31
708 25
708 27
709 10
709 17
710 26
710 30
710 13
711 9
712 20
712 16
712 31
713 19
713 29
713 6
713 10
713 27
714 18
714 18
715 2
715 27
717 15
717 16
717 36
718 3
718 37
719 34
720 40
720 9
720 27
720 14
720 19
721 40
721 1
722 9
722 2
722 33
722 26
724 5
724 5
724 40
724 33
724 7
725 35
725 8
725 20
725 21
725 25
726 29
726 21
727 36
727 3
728 2
728 10
728 6
728 12
728 3
729 28
729 17
729 6
729 25
730 33
730 1
730 10
730 14
730 24
731 9
732 29
732 26
732 12
733 29
733 7
733 23
734 1
734 34
734 19
734 28
734 11
735 5
735 19
735 16
735 9
736 19
737 20
737 12
737 34
737 36
737 28
738 10
738 36
738 27
739 35
739 22
739 18
740 3
740 2
740 7
740 2
741 26
741 9
742 24
742 8
742 1
742 21
742 36
743 3
744 23
744 31
744 40
744 34
745 1
746 14
746 23
746 22
746 7
747 3
747 5
748 21
748 40
749 32
749 35
749 37
749 22
749 11
750 2
750 28
750 1
750 32
751 37
752 24
754 29
754 32
754 13
755 6
755 20
755 8
756 19
756 16
757 9
757 29
757 9
757 31
757 15
758 11
759 22
759 14
759 1
759 9
759 32
760 28
761 35
762 8
763 5
763 11
764 38
764 24
764 17
764 11
765 39
765 7
765 22
766 10
766 16
766 23
766 2
766 40
767 2
768 39
768 14
769 4
770 1
771 28
771 36
771 6
771 16
771 40
772 29
772 1
772 1
773 20
773 34
773 24
773 29
773 12
774 1
774 21
774 16
774 9
775 15
775 32
775 16
775 40
776 23
776 14
776 33
776 4
777 32
777 21
777 38
778 12
778 26
779 10
779 8
780 13
780 30
781 40
781 9
781 29
781 18
782 24
782 40
782 10
786 24
786 28
786 11
787 4
787 5
788 9
789 13
789 22
789 17
789 21
790 28
790 19
790 14
791 32
791 14
791 37
792 24
793 18
793 19
793 33
793 12
793 3
794 3
794 12
795 36
796 27
796 16
796 1
796 22
796 16
797 22
797 37
797 7
797 32
797 3
798 10
800 12
800 22
800 3
800 5
800 16
801 20
801 20
801 1
801 27
801 7
802 20
802 30
802 20
802 26
803 3
803 8
803 33
803 20
803 15
804 2
804 6
804 27
804 31
804 21
805 6
805 4
805 36
805 39
806 19
806 32
807 33
807 22
807 14
808 17
808 29
808 34
808 40
809 4
809 25
809 10
809 29
809 38
810 36
810 33
810 39
812 23
812 27
813 34
813 35
813 17
813 11
813 37
814 20
814 36
815 27
816 19
816 34
816 23
816 19
817 6
817 16
817 28
817 16
817 31
818 7
818 24
818 23
818 23
818 27
819 9
819 11
820 34
821 30
823 22
823 20
824 12
824 1
824 19
824 39
824 22
825 11
826 17
827 26
828 12
828 30
828 8
829 32
829 35
830 1
830 23
830 20
830 7
830 33
831 39
831 7
831 9
832 27
832 20
832 11
832 2
832 37
833 32
833 29
834 22
834 5
834 3
834 37
834 35
835 13
835 3
836 34
837 11
837 17
837 32
838 39
839 13
839 29
840 25
840 16
840 9
840 5
840 8
841 17
841 23
842 21
843 2
843 28
843 2
844 29
844 7
844 20
844 35
845 28
845 18
845 29
845 25
845 37
846 40
846 17
846 9
846 28
848 26
849 6
849 13
849 40
850 39
850 8
850 13
851 27
852 28
852 29
853 21
853 4
853 5
853 38
854 30
855 26
855 7
855 40
855 13
855 16
856 38
856 10
856 38
856 30
856 36
857 35
857 37
857 22
857 34
858 40
858 39
858 11
858 14
858 39
859 16
859 24
859 17
859 28
860 23
860 17
861 12
861 18
861 8
861 37
861 14
862 33
863 37
863 33
863 19
863 5
864 14
864 9
864 37
864 17
864 4
865 29
865 13
865 8
865 38
866 32
866 40
866 30
866 9
867 34
868 9
868 36
868 26
868 30
869 17
869 29
869 39
869 39
870 27
870 12
871 3
871 36
871 7
871 9
872 13
872 9
872 20
873 9
873 10
874 29
874 12
874 25
875 40
877 6
877 19
877 31
877 10
877 34
878 13
878 3
878 2
879 6
879 19
880 36
880 7
881 36
882 5
882 28
883 17
883 18
883 23
884 21
884 18
884 4
884 29
884 10
885 26
885 22
885 25
887 12
887 28
888 28
888 35
888 30
888 23
889 39
891 29
891 11
891 30
891 22
892 14
892 5
893 29
893 26
893 36
895 25
895 33
897 32
897 12
897 15
897 34
897 9
898 28
899 28
900 12
900 36
900 40
901 29
901 15
901 32
901 27
903 39
903 20
903 32
904 27
904 21
904 18
904 10
904 25
905 19
906 8
906 24
907 7
907 15
908 13
909 25
909 8
909 31
909 18
909 2
910 21
911 34
911 22
911 17
911 34
911 18
912 39
913 30
913 25
913 23
913 17
913 9
914 5
914 14
914 23
914 16
914 24
915 25
915 9
915 39
915 32
916 25
916 25
916 23
917 11
917 27
917 9
918 39
919 23
919 28
920 30
920 17
920 16
920 36
920 23
921 37
922 7
923 22
924 34
924 21
924 31
924 16
924 16
925 15
925 20
926 32
927 22
927 26
927 22
927 24
928 30
928 32
928 22
928 34
928 9
929 26
929 32
929 17
929 19
930 11
931 3
931 14
931 30
931 13
931 2
932 19
932 3
932 36
933 21
934 5
934 8
934 20
935 22
935 20
935 8
935 24
935 17
936 23
936 40
938 27
938 23
938 23
938 12
939 7
939 19
939 38
940 31
940 21
940 26
940 40
940 11
941 2
941 7
941 35
941 40
941 38
942 26
942 20
942 11
943 37
943 32
943 23
943 32
943 7
944 24
944 23
945 39
945 14
945 8
945 15
945 24
948 14
949 36
949 23
949 25
950 11
950 18
950 35
950 24
955 4
955 15
955 36
956 1
956 24
957 2
958 36
958 27
959 29
959 6
959 36
961 9
961 1
963 14
963 36
963 38
963 28
965 1
965 3
966 19
966 6
966 7
966 28
966 31
967 24
967 19
968 22
968 12
968 6
968 33
968 17
969 25
970 31
970 24
970 31
970 31
970 13
971 30
971 12
971 10
972 9
972 17
972 29
972 10
973 6
973 28
973 24
973 28
973 2
974 1
974 16
974 18
974 27
975 11
976 24
976 25
976 25
976 25
977 9
978 1
978 3
978 22
978 13
979 9
979 22
979 3
979 22
979 22
980 21
980 21
981 20
981 11
982 19
982 19
982 19
982 3
982 19
983 9
983 18
983 18
983 18
983 18
984 17
984 17
985 16
985 16
985 16
986 15
986 15
986 15
986 8
987 14
987 6
987 14
987 14
988 3
989 3
990 11
991 4
992 9
993 8
993 8
993 8
993 8
993 8
994 7
994 1
994 7
994 7
995 6
995 6
995 6
995 6
996 5
997 4
997 4
997 4
998 3
998 3
999 2
999 2
999 2
1000 1
1000 1
1000 1
1000 1
