200 100
4 18
4 14
4 1
4 3
11 3
14 14
14 3
14 7
14 10
23 3
23 5
23 9
23 20
23 8
29 5
29 9
29 20
29 17
29 20
31 6
45 15
45 17
50 18
50 7
54 8
56 2
56 15
61 17
61 11
69 12
69 8
69 5
69 6
69 17
70 15
70 7
76 2
76 10
76 6
76 9
76 20
78 4
78 6
78 15
78 4
81 17
81 12
81 12
81 8
112 10
112 10
112 17
112 19
116 8
116 12
120 4
120 2
129 12
129 20
130 17
135 10
135 16
141 12
141 6
141 1
146 18
146 20
146 10
146 18
149 9
149 9
149 2
149 10
149 7
155 18
155 17
155 16
155 10
158 15
158 19
158 16
162 1
162 7
162 5
165 1
165 15
168 14
175 19
177 13
177 13
177 11
178 1
178 11
178 18
184 16
184 3
196 5
196 5
196 5
196 5
