500 600
5 15
5 36
5 24
5 2
5 14
5 35
5 49
5 11
5 38
5 19
5 46
5 42
8 26
8 27
8 21
8 36
8 6
8 27
8 4
8 46
8 17
8 39
11 21
11 20
11 43
11 4
11 26
11 24
11 40
11 36
11 19
11 21
11 28
11 7
11 1
11 31
15 3
15 20
15 11
15 2
15 31
15 22
15 2
19 36
19 49
19 49
19 15
19 12
35 45
35 33
35 7
35 27
35 10
35 49
35 28
35 24
35 17
42 46
42 45
42 48
42 39
42 34
42 43
42 21
42 31
42 23
42 28
42 36
48 4
48 9
48 33
48 27
48 11
48 2
48 15
48 31
48 18
48 11
48 35
48 47
54 5
54 31
54 47
54 6
54 9
54 41
54 32
54 27
54 33
54 12
54 35
54 49
54 42
65 40
65 30
65 8
65 9
65 9
65 17
65 1
65 11
65 40
65 15
68 43
68 39
68 17
68 18
68 1
68 8
72 8
72 16
72 44
72 3
75 11
75 30
75 45
75 5
75 23
75 30
75 43
75 1
75 32
85 19
85 4
86 1
86 12
86 33
86 45
86 27
86 50
86 37
86 33
86 12
86 35
86 7
86 1
86 35
86 20
86 31
86 31
86 42
104 34
104 26
104 22
104 44
104 23
104 12
104 3
104 13
114 32
114 20
114 12
114 45
114 48
114 5
114 3
114 45
114 26
114 3
114 9
114 3
116 18
116 28
116 11
116 16
116 34
116 7
116 11
116 33
116 31
116 50
119 27
141 6
141 9
141 9
141 16
141 21
141 47
141 48
141 11
141 17
141 49
141 1
141 46
141 50
141 46
141 24
141 10
141 32
141 16
157 46
157 43
157 34
157 32
157 1
157 11
164 15
164 38
164 17
164 15
164 5
164 5
164 10
164 48
164 9
164 3
179 5
179 7
179 3
179 9
179 28
179 4
179 40
179 49
184 8
184 39
184 40
184 26
194 5
194 23
194 33
196 37
196 30
196 28
196 26
196 42
196 20
196 5
196 37
196 38
196 1
196 2
196 22
196 35
196 34
196 9
201 35
201 23
201 21
201 39
201 32
201 30
201 7
201 22
201 39
201 43
201 24
201 13
201 2
201 30
201 5
201 37
201 18
201 8
201 46
205 19
205 12
205 26
205 19
205 36
205 46
220 2
220 50
222 38
222 2
256 35
256 38
256 26
256 27
256 29
256 45
256 10
256 29
256 32
256 48
256 40
256 48
256 40
256 27
256 42
256 4
256 25
262 40
262 3
262 24
262 32
262 39
262 36
262 48
262 41
262 18
262 16
262 35
262 50
262 41
262 43
285 12
285 12
285 26
285 25
285 23
285 15
285 12
285 14
285 5
285 28
285 32
285 35
285 29
285 6
285 17
285 31
285 47
285 31
285 3
285 5
296 11
296 40
296 10
296 42
296 11
296 37
296 16
296 12
296 20
300 40
300 49
300 32
300 29
300 34
300 31
300 42
300 4
310 11
310 15
310 4
310 19
310 16
310 7
310 7
310 10
310 48
310 37
310 5
310 44
311 17
311 6
311 4
311 33
311 8
311 14
311 46
311 9
311 1
341 40
341 13
341 6
341 47
341 42
341 22
341 48
341 29
341 13
341 46
341 32
341 47
341 37
341 19
341 7
341 19
341 6
341 45
341 23
345 23
345 30
345 42
345 34
345 35
345 37
345 27
345 17
345 12
345 37
345 1
345 19
345 30
345 36
345 40
349 17
358 37
358 47
367 49
367 41
367 19
367 6
367 34
367 29
367 24
367 2
367 11
374 12
374 25
374 47
374 11
374 7
374 1
374 1
374 2
374 31
377 32
377 18
377 20
377 18
377 24
377 5
377 28
377 43
377 45
377 37
377 46
377 32
377 7
377 50
377 25
377 15
377 22
377 2
377 29
385 22
385 27
385 14
385 3
385 48
385 44
385 40
385 45
385 40
385 42
390 47
390 46
390 10
390 6
390 50
390 45
390 48
390 18
390 42
390 49
390 20
390 25
392 10
392 25
392 14
392 24
392 25
392 2
392 44
392 15
392 5
392 1
392 20
392 17
392 45
392 12
392 21
392 9
392 36
392 35
394 3
394 33
394 43
394 11
395 45
395 13
395 1
395 2
395 42
395 3
395 29
395 2
395 7
395 42
395 36
395 37
395 31
395 20
395 27
418 49
418 27
418 14
418 8
418 24
418 13
418 46
418 31
418 38
420 13
420 2
420 3
420 14
420 38
420 9
420 6
420 10
420 44
420 46
420 38
420 32
420 38
420 46
420 30
420 25
420 20
420 12
423 10
423 15
423 14
423 43
423 49
423 43
423 30
423 39
430 47
430 38
430 41
430 46
442 15
442 29
442 47
442 48
442 49
442 22
442 21
442 47
442 8
442 2
442 22
442 35
442 50
442 43
442 1
442 36
442 26
442 24
442 8
457 43
457 40
457 37
457 39
457 20
459 42
459 42
459 42
459 5
459 34
459 42
459 2
459 13
459 42
459 41
459 26
459 7
459 35
459 7
459 42
459 35
459 11
459 41
459 19
459 28
460 41
460 15
460 41
460 11
460 1
460 8
460 41
460 7
460 2
460 1
460 31
460 8
460 34
460 27
460 8
460 17
465 26
465 36
486 14
486 15
486 1
486 15
486 15
486 13
486 15
486 15
486 15
486 3
487 14
489 12
