100 300
2
1
3
1
4
2
2
2
2
4
1
1
1
2
1
1
3
2
2
2
4
2
3
3
4
1
1
5
2
1
3
2
1
3
2
1
3
1
1
2
1
1
1
2
1
3
1
8
1
1
2
2
2
3
7
2
3
1
1
1
1
1
1
3
3
1
3
1
2
2
3
2
2
2
2
1
1
2
2
2
2
2
2
1
1
1
3
4
2
1
2
2
3
1
3
4
2
2
1
2
68 98 8
5 93 13
49 18 7
49 80 9
83 67 13
47 26 7
69 62 17
79 39 19
16 49 13
88 9 7
54 97 12
75 58 17
26 85 15
27 14 6
58 100 18
93 34 3
14 46 17
59 54 4
97 9 11
39 52 13
47 23 17
70 88 12
90 91 1
40 15 1
80 36 9
33 71 3
20 40 8
24 68 8
53 58 19
4 100 1
19 69 17
10 31 8
25 46 18
19 21 20
23 64 18
17 29 5
97 84 11
49 88 9
68 73 11
52 72 10
9 8 11
79 25 19
18 100 5
5 22 16
58 83 2
66 5 3
55 18 20
81 20 16
5 32 20
68 82 18
49 8 3
100 53 13
97 24 1
64 7 11
10 7 13
51 57 16
96 28 20
52 13 16
90 70 3
9 77 5
61 56 5
38 33 12
46 49 5
31 16 18
63 35 13
94 36 14
9 61 11
40 77 8
27 20 18
35 94 10
34 10 7
99 6 4
94 6 16
97 88 9
20 61 3
57 92 8
83 17 4
26 72 12
97 12 17
96 91 7
58 56 11
43 12 11
40 88 14
62 71 6
31 2 6
1 30 7
34 71 15
7 88 11
70 7 13
45 39 19
9 74 3
4 7 20
57 34 15
83 3 5
27 52 18
23 82 13
46 26 8
18 4 9
86 22 9
96 26 6
98 42 14
5 18 12
22 78 11
72 7 6
58 86 3
18 31 7
53 46 17
47 100 3
60 12 10
75 46 20
96 42 19
21 91 19
25 74 16
43 31 1
29 61 1
82 64 9
77 79 12
37 23 7
76 90 1
71 61 14
54 78 14
68 28 16
1 43 7
47 56 15
35 33 10
99 8 17
67 28 7
81 5 15
61 89 5
68 17 14
52 57 11
80 32 10
94 39 16
80 8 11
99 29 19
35 19 20
39 17 9
52 85 3
65 20 7
69 53 9
47 43 18
56 15 6
6 51 14
85 66 18
37 30 8
98 44 1
83 28 15
19 17 4
10 26 10
89 86 18
100 89 16
79 30 18
67 24 5
50 38 14
54 90 14
34 41 17
66 59 3
15 98 10
45 43 6
65 99 5
42 13 2
11 14 11
71 79 12
15 51 13
82 13 6
83 27 15
90 66 3
63 38 9
66 25 3
50 44 14
25 20 18
40 71 2
76 48 17
32 41 15
63 54 16
15 13 9
76 93 2
85 74 18
38 53 4
1 28 9
80 57 11
23 59 3
99 77 11
73 91 14
54 70 8
1 91 11
78 55 11
98 65 10
23 72 13
65 39 15
78 29 2
81 47 1
2 22 16
2 87 6
78 27 10
90 96 14
11 6 2
69 63 12
21 35 4
84 93 13
87 95 13
86 59 7
50 14 10
76 81 2
67 89 9
36 17 12
79 86 6
28 2 12
78 70 9
64 22 12
56 65 14
81 3 12
6 73 20
38 21 9
35 64 8
77 55 8
87 4 4
31 60 10
19 75 15
67 40 11
62 60 12
24 76 13
56 32 10
64 59 7
6 29 11
29 73 20
4 99 11
82 41 6
75 24 15
2 57 3
59 30 1
72 50 14
95 98 9
85 12 13
1 74 16
84 37 14
91 45 17
94 1 14
14 45 4
13 44 17
69 86 16
76 51 19
12 48 10
73 36 11
32 70 4
12 53 13
48 89 14
8 3 14
55 41 14
22 77 20
69 89 17
44 2 16
80 87 17
87 92 17
75 87 8
63 45 5
92 27 10
36 85 1
32 14 15
66 45 10
4 62 14
30 41 20
10 94 13
34 62 1
74 55 7
13 48 6
15 63 8
19 67 5
44 3 3
30 21 8
3 24 20
21 42 10
92 37 7
75 25 6
84 92 10
55 72 9
93 44 12
36 33 2
60 96 1
62 82 18
50 10 20
92 8 14
95 42 18
11 37 3
93 33 8
65 95 2
38 43 20
37 95 4
33 74 9
50 95 8
48 81 8
3 51 12
84 41 5
11 51 2
11 16 20
11 60 13
42 16 19
16 60 1
84 73 1
16 48 1
