3
4 3
0 0 1 
0 0 0 
1 1 0 
1 1 1 
1 1 0 
1 1 1 
0 1 1 
1 1 1 
10 10
1 1 0 1 1 0 0 1 0 0 
1 1 1 1 0 1 0 0 0 1 
0 0 1 1 1 1 0 1 1 0 
1 0 0 1 1 0 1 0 1 1 
1 1 0 1 1 1 1 1 0 1 
0 0 0 0 0 0 0 0 1 0 
0 1 1 0 1 1 1 0 1 1 
1 1 1 1 0 1 1 0 0 0 
1 1 0 1 0 1 1 1 0 0 
0 0 1 0 0 1 0 0 1 0 
1 0 0 0 0 1 0 1 1 1 
0 0 1 0 1 0 0 1 0 1 
0 1 1 1 0 1 0 1 0 1 
0 0 1 0 1 1 1 1 1 0 
1 1 0 0 1 1 1 1 1 1 
1 1 0 1 1 1 1 1 1 1 
1 1 1 1 1 0 1 1 0 0 
0 0 1 0 0 0 1 1 0 1 
1 1 0 0 1 1 0 0 1 1 
0 1 1 1 0 0 0 0 0 0 
7 8
0 1 1 1 1 1 0 1 
1 1 1 1 0 0 1 0 
1 1 1 0 1 1 1 1 
1 1 1 1 1 1 1 1 
0 1 0 0 1 0 1 1 
1 1 0 1 1 1 1 1 
1 0 1 0 1 1 1 1 
0 0 0 0 0 0 1 1 
1 0 1 0 0 1 0 0 
0 0 0 1 0 0 0 0 
1 1 1 1 1 1 1 1 
0 1 1 0 0 1 0 1 
1 1 1 1 0 1 1 1 
1 0 1 0 1 1 1 1 
