5
10 11
1 0 0 0 1 1 1 1 1 1 0 
0 1 0 1 1 0 1 0 1 0 1 
1 0 0 1 1 1 0 1 1 1 1 
0 1 0 0 1 0 1 1 0 1 0 
0 1 0 0 1 0 1 0 0 1 0 
1 1 1 0 1 0 1 0 0 1 0 
1 0 1 0 0 1 1 0 1 0 1 
0 0 0 0 0 1 0 1 1 1 1 
1 1 0 1 0 0 1 1 1 1 1 
1 1 0 1 1 1 0 0 0 1 1 
0 1 1 1 0 1 0 1 1 0 1 
0 1 0 0 1 1 1 0 1 1 0 
0 0 1 1 1 1 1 1 1 0 1 
1 1 1 0 1 1 0 0 0 0 1 
1 1 1 1 0 1 0 1 0 1 0 
0 1 1 0 0 0 1 0 0 1 1 
0 1 1 0 0 0 1 1 0 1 1 
0 1 0 1 1 0 1 0 1 0 1 
0 0 1 0 1 0 0 0 1 0 0 
1 0 1 0 0 1 1 1 1 1 0 
13 18
1 1 1 0 0 1 0 1 0 0 0 1 1 1 1 1 1 0 
0 0 0 0 1 0 0 0 1 1 1 0 0 0 1 1 0 0 
1 1 0 1 0 0 1 0 0 0 1 0 1 1 0 1 0 1 
0 1 0 0 0 0 0 0 0 1 0 1 1 0 1 1 1 0 
1 1 1 1 1 1 0 1 0 1 0 0 1 0 0 0 1 0 
0 1 0 1 0 1 1 1 0 0 1 0 0 1 1 1 1 1 
1 1 0 1 1 0 0 0 0 1 0 0 1 0 0 0 1 0 
0 1 0 1 1 1 0 1 1 0 0 0 1 0 0 1 1 1 
1 1 1 0 0 0 0 0 0 1 1 1 0 0 1 1 1 1 
1 0 1 0 0 1 0 0 1 0 0 0 0 1 1 1 0 1 
0 1 0 0 1 0 0 1 0 0 1 0 1 1 1 1 1 0 
0 1 0 1 0 0 0 1 1 1 0 0 1 1 1 0 0 0 
1 0 1 0 0 0 0 1 1 0 0 0 0 1 1 0 1 0 
1 0 1 1 0 1 1 1 0 1 0 0 0 1 1 1 1 0 
0 0 0 0 0 1 1 1 0 0 1 0 0 1 0 0 1 0 
0 0 1 0 1 1 1 0 1 1 0 0 1 0 0 1 1 0 
1 1 0 1 1 1 0 1 1 0 0 0 1 1 0 0 1 1 
0 1 1 1 0 0 1 0 1 1 0 0 1 0 0 0 0 1 
1 0 1 1 0 0 0 1 0 1 1 0 0 0 1 0 0 0 
1 0 1 1 0 1 1 0 1 1 0 0 1 1 0 1 0 1 
1 1 1 0 0 1 0 0 0 1 1 0 0 0 1 0 1 0 
0 1 0 0 1 1 0 1 1 0 1 0 0 0 1 0 1 0 
0 1 1 1 1 0 0 1 0 1 1 1 0 0 1 1 0 0 
0 1 0 1 0 1 1 1 0 0 0 0 0 0 1 1 1 1 
1 1 0 1 0 1 1 1 1 1 0 0 0 1 0 0 0 1 
0 1 0 1 1 1 1 1 0 0 1 1 1 0 1 1 0 0 
5 30
0 0 1 0 1 1 1 0 1 0 0 0 1 0 1 0 0 1 1 1 1 0 1 0 0 1 1 0 1 0 
0 1 0 0 1 1 0 0 1 0 0 0 0 1 0 1 1 1 1 0 0 1 0 0 1 0 1 1 0 0 
0 0 0 0 0 1 0 1 0 0 0 0 0 0 0 1 1 1 0 1 1 0 1 1 0 1 1 0 1 0 
1 1 1 0 0 1 0 0 0 1 1 0 0 0 0 0 0 0 0 1 0 0 1 1 1 0 1 0 1 1 
1 0 0 0 0 1 0 0 1 1 1 1 0 1 1 1 1 1 0 0 1 0 1 1 1 1 1 0 1 0 
0 1 0 1 0 0 0 1 1 0 1 1 0 1 0 1 1 1 1 0 0 1 0 0 0 0 1 1 0 1 
0 0 1 0 0 1 0 1 1 1 1 1 1 0 1 0 1 0 1 0 1 0 1 0 1 0 1 0 1 1 
0 0 0 1 0 0 1 1 0 0 1 0 0 0 0 1 0 0 0 1 1 0 1 1 1 0 1 0 1 0 
1 0 1 0 1 0 0 0 0 1 0 0 1 0 1 1 0 0 0 1 1 1 0 0 1 1 0 0 0 1 
0 0 0 1 0 1 1 0 0 1 0 1 1 1 1 1 0 1 1 0 1 1 0 1 0 0 1 1 1 1 
15 17
0 0 0 0 1 1 0 0 1 0 0 1 0 0 0 0 0 
1 0 1 0 1 0 1 0 0 0 0 0 0 0 1 1 1 
0 0 0 0 0 0 1 1 0 0 0 0 0 1 0 0 0 
0 0 0 1 0 0 0 0 0 0 0 1 1 0 1 0 1 
0 0 0 1 0 1 1 0 1 1 0 0 0 1 1 0 1 
0 1 0 0 0 0 0 0 1 1 1 1 0 1 0 0 0 
1 1 0 1 0 0 1 1 0 0 1 0 1 0 0 0 0 
0 0 0 1 1 1 1 0 0 0 0 1 1 1 0 1 1 
1 0 0 1 0 0 1 0 0 0 1 1 1 0 1 1 0 
0 0 0 1 0 0 0 1 0 1 0 0 1 0 0 0 1 
0 0 1 1 0 1 0 0 1 1 0 0 1 0 0 0 0 
1 0 0 1 1 1 1 0 0 0 1 1 1 0 1 0 0 
0 0 0 0 0 0 0 0 0 0 1 0 1 1 0 0 0 
0 0 1 0 1 0 0 0 1 0 0 1 1 1 0 1 1 
0 0 0 0 0 1 0 1 0 0 0 0 0 1 1 0 0 
0 0 1 0 0 1 1 0 1 0 0 0 0 0 0 0 0 
1 1 0 0 0 0 1 1 0 0 1 1 0 0 0 0 1 
0 0 0 0 0 0 0 0 0 0 0 0 0 1 0 1 1 
1 0 1 0 1 0 1 1 1 0 1 0 1 1 1 1 1 
1 0 0 0 0 1 1 1 0 1 1 0 1 1 1 0 0 
0 0 0 0 1 1 0 0 1 0 0 0 1 0 1 1 0 
1 1 1 0 1 1 1 1 1 0 0 1 0 0 0 1 0 
0 0 0 0 1 0 0 1 1 0 1 1 1 1 1 0 0 
1 0 0 1 0 1 0 0 0 1 1 1 1 0 0 0 1 
0 1 0 1 1 0 0 0 0 1 0 0 0 1 0 0 0 
1 1 0 0 0 1 1 0 0 0 1 1 1 1 1 1 1 
0 0 1 1 0 1 1 0 0 1 1 1 1 0 0 0 1 
0 0 0 0 0 0 0 0 0 1 0 0 1 0 0 1 0 
1 1 0 0 0 1 1 1 1 1 0 0 0 0 0 1 0 
0 0 1 0 0 0 0 0 0 0 0 1 0 1 0 1 0 
1 100
1 1 1 1 1 1 1 1 1 0 0 1 0 1 1 1 1 0 1 0 1 1 1 0 0 0 1 1 1 0 0 1 1 1 0 1 1 1 1 0 1 1 0 1 1 1 1 0 1 1 1 1 1 0 1 1 1 1 1 0 1 1 0 1 1 1 1 1 1 1 1 0 1 1 1 1 1 1 1 1 0 1 1 1 1 1 1 1 0 1 1 1 1 1 1 1 0 1 1 1 
0 1 1 1 1 1 1 1 1 0 1 1 1 1 1 1 1 1 1 1 0 1 1 0 1 1 1 1 0 0 0 0 1 1 1 1 1 1 1 1 1 1 0 1 1 1 1 1 1 1 0 1 1 1 1 1 0 1 1 1 1 1 0 1 1 1 1 1 0 1 1 1 1 1 0 1 1 0 1 1 1 1 1 1 1 1 1 0 0 0 1 1 0 1 0 1 1 1 0 1 
