5
3 4
0 1 0 1
1 0 0 1
0 0 0 0
0 1 0 1
1 1 0 0
0 0 0 0
2 2
0 0
0 1
1 1
1 1
15 79
0 0 1 0 1 0 1 0 1 1 1 0 1 0 1 0 0 1 0 0 0 0 0 1 0 0 1 0 0 1 1 1 1 0 1 1 1 1 0 1 0 1 1 0 1 1 1 1 1 1 0 1 0 1 1 1 0 0 0 0 0 0 0 0 1 0 1 0 1 0 0 1 0 1 1 0 0 1 1 
0 1 1 0 1 0 1 1 1 0 0 0 1 1 0 0 1 0 1 1 1 0 1 1 0 1 0 1 0 0 0 1 0 0 0 1 0 1 0 1 0 0 1 0 0 1 1 0 1 1 1 1 1 0 0 1 0 1 1 0 1 0 1 0 0 1 1 0 1 1 0 0 1 0 1 1 0 1 0 
1 0 0 0 1 1 0 1 1 1 0 0 0 0 1 1 0 1 1 0 1 1 0 0 1 0 1 0 1 1 0 1 1 0 0 1 0 0 0 1 0 1 0 1 0 1 0 0 0 1 0 1 0 0 1 1 1 1 0 1 0 1 0 0 0 1 1 1 1 0 1 1 0 1 1 0 0 0 0 
1 0 0 0 1 0 0 0 1 0 0 0 1 1 0 1 0 1 1 1 1 1 1 1 0 1 1 1 0 0 1 1 0 0 1 0 0 1 1 0 1 1 0 1 1 0 1 0 0 0 0 0 0 1 1 0 1 0 1 0 0 1 0 0 0 1 1 0 0 0 1 1 0 1 0 1 1 1 0 
1 0 0 0 0 1 0 0 1 0 1 1 1 0 1 1 0 0 0 0 1 0 1 0 0 1 0 0 0 1 0 0 1 1 1 0 0 1 0 0 1 0 1 0 1 0 1 1 1 0 1 1 0 1 0 0 1 1 1 0 0 0 1 1 0 0 0 1 1 0 1 0 0 1 1 1 1 1 1 
1 0 1 0 0 0 0 0 0 0 1 0 0 1 0 1 0 0 1 1 0 0 1 1 0 1 0 0 0 1 0 1 0 0 1 0 0 1 1 1 1 1 0 1 1 1 0 1 0 0 1 0 0 1 0 0 1 0 0 0 1 1 0 0 1 1 1 1 1 1 0 1 1 0 1 1 1 0 1 
0 0 1 1 1 0 1 0 1 0 1 1 1 0 0 0 0 1 1 1 0 0 1 1 0 0 0 0 1 0 0 0 1 1 0 1 1 1 1 0 0 1 1 0 0 1 1 1 1 1 0 0 0 0 1 1 1 1 0 0 1 0 0 0 1 0 0 0 0 0 0 1 1 1 1 0 1 1 0 
0 1 0 1 1 0 0 0 1 1 1 1 1 0 0 1 1 1 0 0 0 1 0 0 1 0 1 1 0 1 1 1 1 1 0 0 0 0 0 1 0 0 0 1 1 0 1 0 0 0 0 0 1 1 0 1 1 0 1 0 1 1 0 0 0 0 0 1 1 1 1 0 1 0 0 1 1 0 1 
1 0 1 0 0 0 1 1 1 1 0 1 0 0 1 0 0 0 1 0 0 0 0 0 0 1 1 0 1 1 0 0 0 0 1 1 1 1 0 1 0 1 0 1 1 0 1 1 1 0 0 1 1 0 0 1 0 1 1 1 1 0 0 0 0 0 0 1 0 0 0 1 1 0 0 0 1 1 1 
1 1 1 0 1 0 0 1 1 1 1 1 1 1 1 0 0 1 1 1 0 1 1 0 0 0 1 1 1 1 1 0 0 0 0 1 1 1 1 1 1 1 1 0 0 1 0 1 1 0 0 1 1 0 1 1 1 1 1 1 0 1 0 0 0 0 1 0 1 0 1 0 1 0 0 1 0 0 1 
0 0 1 1 0 0 0 1 1 1 0 0 1 0 0 1 1 0 0 0 0 1 0 1 0 1 1 1 1 1 1 0 1 1 1 0 1 0 0 1 1 1 0 0 0 1 0 0 0 1 1 0 0 0 1 1 0 1 0 0 1 1 1 0 1 1 0 1 0 0 0 0 1 0 1 1 1 0 0 
0 0 0 0 0 1 1 1 0 1 1 0 1 0 1 0 0 0 1 0 1 1 1 0 1 1 0 0 1 0 1 1 1 1 0 1 1 1 0 1 0 0 0 0 0 1 0 0 0 1 1 1 0 1 1 0 1 1 0 1 0 0 0 1 0 0 1 0 1 0 1 0 1 1 1 0 1 0 0 
1 0 1 1 0 0 1 1 1 0 1 1 1 1 0 0 0 1 1 0 0 1 1 1 1 0 1 0 1 1 0 0 1 0 0 1 0 1 1 0 0 1 0 0 1 0 0 0 1 0 0 0 0 1 0 0 0 0 1 0 1 0 1 0 1 1 0 0 1 1 1 0 1 0 1 0 1 1 0 
1 1 1 0 0 0 0 0 0 1 0 1 1 0 0 1 1 0 1 1 0 1 1 0 1 0 0 1 1 0 1 0 0 1 0 1 1 1 1 0 1 1 1 1 1 0 0 1 1 0 1 0 0 0 0 0 1 1 0 0 0 1 1 0 1 1 0 0 1 0 1 1 0 0 0 0 0 0 1 
0 0 1 1 0 0 1 0 0 0 0 1 0 0 0 1 1 0 1 1 1 0 0 1 0 0 0 1 1 1 1 0 1 0 0 0 1 1 1 0 0 1 1 1 0 1 0 1 1 1 1 1 0 1 0 1 1 0 1 1 0 0 1 0 0 1 1 0 1 0 0 0 1 1 1 0 0 0 0 
1 0 1 1 0 1 1 1 0 1 0 1 1 1 0 1 0 1 1 1 0 0 0 0 0 1 1 0 0 0 0 0 0 0 0 1 0 1 1 0 1 0 0 0 0 1 1 0 0 1 1 1 0 0 1 1 1 1 0 0 1 1 0 1 0 1 1 1 1 0 0 0 1 0 1 1 1 0 0 
1 0 0 1 1 0 1 1 0 0 1 0 1 1 0 1 0 0 0 0 1 1 1 1 0 1 0 1 0 0 1 0 1 1 0 1 1 0 1 0 0 0 0 1 0 0 1 0 1 0 1 1 1 0 0 1 0 1 1 0 1 0 1 1 0 0 0 0 1 0 1 1 0 1 0 0 1 0 0 
0 0 1 1 0 1 0 1 0 1 1 0 1 1 0 0 1 1 1 1 0 1 0 1 0 0 1 0 0 0 0 1 1 1 0 0 1 1 1 0 0 0 1 1 0 0 0 0 0 0 1 1 1 1 0 1 0 0 0 0 0 1 1 1 1 1 0 0 1 0 1 1 1 1 0 1 0 0 0 
1 1 1 1 0 1 0 0 0 1 1 1 0 0 1 1 0 0 1 1 1 0 1 0 1 0 1 0 0 0 1 0 0 0 1 1 1 0 1 0 0 1 1 0 1 0 0 1 1 1 1 1 1 0 0 0 0 1 0 0 0 1 0 0 1 0 1 1 0 0 0 1 0 1 0 1 1 1 0 
1 0 0 1 1 0 1 0 1 0 1 1 0 0 0 0 1 1 1 1 1 0 0 1 1 1 0 1 0 0 1 0 1 0 0 1 0 0 0 0 1 1 0 0 0 1 0 0 1 0 1 1 0 0 1 0 0 1 0 1 1 1 1 0 1 0 0 1 1 1 1 0 0 1 1 0 0 0 1 
0 0 0 0 0 0 0 1 0 1 1 1 0 1 1 0 1 1 0 1 1 1 1 0 0 0 1 0 0 1 1 0 0 0 1 0 1 0 1 0 1 1 1 0 0 1 1 1 1 0 1 1 1 0 1 0 0 0 0 0 0 0 0 1 1 1 1 1 1 0 1 1 0 0 0 1 1 0 1 
0 1 0 1 0 1 1 0 1 0 1 0 0 0 1 0 1 0 1 1 0 1 0 0 1 1 0 1 1 1 0 1 1 1 1 0 1 1 1 0 0 1 1 1 0 0 1 1 1 0 0 1 1 0 0 0 0 1 0 1 1 0 1 1 0 0 0 0 0 0 1 0 1 1 0 0 0 0 1 
1 1 0 1 1 1 1 1 0 1 0 0 0 0 1 0 0 1 1 0 1 1 1 1 0 0 0 0 0 1 1 0 0 1 1 0 1 0 1 0 0 0 0 1 1 1 1 1 0 0 1 0 0 0 1 0 0 1 0 1 1 0 1 1 0 1 0 0 0 0 1 0 1 1 0 0 0 1 1 
0 0 0 1 1 1 1 0 1 1 0 0 1 0 1 0 0 1 0 1 0 0 0 0 0 1 1 0 0 0 1 0 1 1 0 1 0 0 1 0 1 0 1 0 1 1 0 0 0 1 0 1 1 1 0 1 0 1 0 0 0 0 0 1 1 0 1 1 0 0 0 1 0 1 1 0 1 1 1 
1 0 1 1 0 1 0 1 0 1 0 1 0 1 1 0 0 1 1 1 0 1 0 1 0 0 1 1 1 1 1 0 1 0 0 1 0 1 1 1 0 0 1 1 0 0 1 1 0 1 0 1 1 1 1 1 0 1 1 1 0 0 0 1 1 1 0 1 0 1 1 1 0 0 1 0 1 1 1 
1 1 0 0 0 0 1 1 0 0 1 1 1 0 1 0 1 0 1 1 0 0 0 1 0 0 1 0 1 0 1 0 1 1 0 1 1 1 0 1 1 0 0 0 0 1 0 1 1 0 0 1 1 1 0 0 0 1 1 0 1 0 0 0 0 1 1 1 1 1 1 0 1 0 1 0 0 0 1 
0 1 0 1 0 0 1 1 0 1 0 1 1 0 1 1 0 1 0 0 0 0 1 0 0 1 0 1 1 1 1 1 1 1 1 1 0 0 0 1 1 1 0 1 1 1 0 1 0 1 0 0 0 0 0 1 1 1 1 1 0 0 1 1 0 1 0 1 0 0 0 0 0 1 0 0 0 0 1 
0 0 1 0 0 1 0 0 1 1 1 1 1 1 1 0 1 0 0 1 1 0 0 1 1 1 0 1 0 1 0 0 0 1 1 1 0 1 1 1 0 0 0 1 0 1 1 1 1 0 0 1 1 0 0 0 0 1 0 1 0 0 1 0 1 1 0 0 1 0 0 0 1 1 0 1 1 0 0 
0 0 0 0 0 0 1 0 0 0 0 1 1 0 0 1 0 0 1 0 1 1 0 1 1 0 1 1 0 1 1 1 1 1 1 1 1 0 1 1 0 1 0 1 0 0 1 1 0 1 0 0 0 1 1 1 0 1 1 0 0 0 1 0 1 0 0 1 0 1 1 1 0 0 1 0 1 0 0 
1 1 0 0 1 1 1 1 1 0 1 0 1 1 1 1 0 1 0 0 1 1 0 0 0 1 1 1 1 0 0 0 1 0 0 0 1 0 1 0 1 0 1 1 1 1 0 1 1 0 0 1 0 0 1 0 0 1 0 1 0 0 0 1 1 1 0 0 0 1 1 0 1 1 0 0 0 0 0 
20 18
1 0 0 1 0 0 1 0 1 0 1 1 1 0 0 1 0 1 
0 0 1 1 0 1 1 0 1 0 0 1 1 0 1 1 0 0 
1 0 1 0 0 1 0 0 0 0 0 1 1 1 1 0 1 1 
1 0 1 1 0 0 0 1 1 0 0 0 1 1 1 1 0 0 
1 1 1 0 1 0 0 0 0 1 0 1 1 1 1 0 0 0 
0 0 1 1 1 1 0 0 0 0 1 0 0 1 1 0 1 1 
1 1 1 0 1 0 0 0 0 0 0 1 1 0 1 1 1 0 
0 0 1 0 1 1 0 1 0 1 0 0 0 1 1 1 1 0 
1 0 0 1 0 0 1 0 1 1 0 1 1 0 0 1 0 1 
1 0 1 0 1 0 0 0 1 1 0 1 0 1 0 0 1 1 
0 1 1 1 1 0 0 1 0 1 0 0 1 0 1 0 1 0 
0 0 1 0 1 0 0 1 1 1 1 1 0 0 0 0 1 1 
0 0 0 1 1 1 0 1 1 0 1 1 0 1 0 0 1 0 
1 0 0 1 0 0 0 1 1 1 0 1 1 0 1 1 0 0 
0 1 0 1 1 0 1 0 0 0 0 0 1 1 0 1 1 1 
1 1 0 1 1 1 0 1 0 0 0 0 0 1 0 1 0 1 
1 0 0 1 0 1 0 1 1 0 0 0 1 1 1 1 0 0 
1 0 1 1 0 0 0 0 1 0 1 0 1 1 1 0 0 1 
0 1 0 1 1 1 0 1 1 0 1 1 1 1 1 0 1 0 
0 1 0 1 1 0 1 0 0 0 0 0 1 1 1 1 0 1 
1 1 1 1 1 0 0 0 0 0 1 1 0 0 1 1 0 0 
0 0 1 0 0 0 1 1 1 1 1 0 0 1 0 1 0 1 
1 0 1 1 0 0 1 0 0 0 1 0 0 1 1 1 1 0 
0 1 0 1 0 1 1 0 0 1 1 1 1 0 0 0 1 0 
0 0 0 1 1 0 0 1 1 1 1 0 1 0 0 0 1 1 
0 0 0 0 1 1 1 0 1 1 0 1 0 1 1 0 0 1 
0 1 1 1 0 1 1 0 1 0 0 0 0 1 1 1 0 0 
1 1 1 1 1 0 0 0 1 0 1 1 0 0 0 1 0 0 
1 1 1 1 1 1 0 0 0 0 1 0 1 0 0 1 0 0 
0 0 1 0 1 1 0 1 1 1 1 0 1 1 0 0 0 0 
1 0 0 0 0 0 1 0 1 1 1 0 1 0 1 0 1 1 
1 0 1 0 0 1 0 1 1 1 1 0 0 1 1 0 0 0 
0 0 1 0 0 1 0 0 1 1 0 1 0 1 1 1 1 0 
1 1 0 1 0 1 0 0 0 1 1 0 1 0 0 1 1 0 
0 0 1 0 1 0 1 0 0 0 1 1 1 0 1 1 0 1 
1 1 0 0 1 1 0 1 1 0 1 0 0 0 1 0 1 0 
0 1 0 1 0 1 1 0 0 1 0 1 1 0 0 1 1 0 
1 0 1 0 0 0 0 1 0 0 0 0 1 1 1 1 1 1 
1 1 1 1 1 1 1 1 0 0 1 0 1 1 0 0 0 1 
1 1 1 0 0 1 0 1 1 1 0 0 0 1 0 0 1 0 
30 37
1 1 1 0 1 0 1 0 1 1 1 0 1 0 0 1 0 1 1 0 0 0 1 0 0 1 0 1 0 1 1 0 0 1 0 0 1 
1 1 0 0 0 0 0 0 1 1 1 1 1 0 0 1 1 1 1 0 1 0 1 0 1 0 0 0 0 1 1 0 0 1 1 1 0 
1 0 0 0 1 0 1 1 0 1 1 0 0 0 1 1 1 1 0 1 0 0 1 0 1 0 1 1 1 0 0 1 1 0 0 0 1 
1 1 0 1 0 1 1 1 1 1 0 1 1 0 1 0 1 0 1 0 0 1 0 1 0 0 1 1 0 0 0 1 0 1 0 0 0 
1 0 0 0 1 1 0 1 1 0 0 1 0 0 1 0 1 1 0 1 0 0 1 1 1 0 1 0 0 1 0 0 1 0 1 1 1 
0 0 1 1 1 1 1 1 0 0 1 0 1 0 0 0 1 1 0 1 1 0 0 0 1 0 1 0 1 0 1 1 0 1 0 0 1 
1 0 0 0 1 1 1 0 1 0 1 1 0 0 0 0 0 0 0 1 0 1 1 1 1 1 1 0 0 0 1 0 1 0 0 1 0 
0 1 0 0 0 0 1 1 1 0 0 1 1 0 1 0 0 1 0 0 1 1 0 1 1 1 1 0 1 0 0 0 1 0 1 1 1 
0 1 1 1 1 0 0 0 1 0 0 0 0 1 0 1 1 0 0 1 0 0 0 1 1 1 0 1 0 0 1 1 1 1 1 1 0 
1 0 1 1 1 1 0 1 1 1 1 0 0 0 0 1 1 0 1 0 1 0 0 1 1 1 1 0 0 1 0 0 0 0 0 1 0 
1 1 1 1 0 1 1 1 0 1 0 1 0 1 0 1 1 0 0 1 1 0 1 0 0 0 0 0 0 1 1 1 1 1 0 1 0 
1 0 1 1 0 1 0 1 0 1 0 0 0 1 1 0 1 0 1 1 1 1 1 1 0 0 1 0 0 1 0 1 0 0 0 1 0 
1 0 1 1 1 0 0 1 0 0 0 1 0 1 1 1 0 0 0 1 0 1 1 0 1 1 0 1 0 1 0 0 1 0 1 0 1 
0 1 1 1 1 0 1 0 0 0 0 1 0 0 0 1 0 1 0 1 1 0 1 0 1 0 1 0 0 1 0 0 1 1 1 1 1 
1 0 0 1 0 1 0 0 0 0 1 1 1 0 0 0 1 1 0 1 1 1 0 1 1 0 1 0 0 1 1 1 0 1 1 0 0 
0 0 0 1 1 1 1 0 0 0 0 0 0 0 1 1 0 1 1 1 0 1 1 0 1 1 0 1 1 0 0 0 1 1 0 1 0 
1 1 0 1 0 0 1 1 0 0 1 0 0 0 0 1 1 1 0 1 1 0 0 0 0 0 1 1 1 0 1 1 0 1 0 1 1 
0 0 1 1 0 0 0 0 0 1 1 1 1 1 0 0 1 1 1 0 1 0 0 1 0 1 0 0 1 0 1 1 1 1 0 1 0 
0 1 1 1 0 1 0 0 0 1 1 1 1 0 1 0 1 0 1 1 1 0 0 0 1 0 0 1 0 0 0 1 1 1 1 0 0 
1 0 0 1 1 0 1 1 0 0 0 1 0 1 1 1 0 0 0 0 0 1 0 1 1 0 0 0 0 1 1 1 0 1 1 1 1 
1 1 1 1 0 1 1 0 0 1 0 0 1 1 0 0 0 1 1 0 0 0 1 1 1 1 1 0 0 0 1 0 0 1 1 0 0 
1 1 1 0 0 1 1 0 1 1 1 0 1 1 0 0 1 0 0 0 0 0 0 0 1 1 0 1 1 0 1 1 0 0 1 1 0 
0 1 0 0 0 0 0 1 0 0 1 0 1 0 0 0 0 1 1 1 0 0 0 0 1 0 0 1 0 1 1 1 0 0 0 1 0 
1 1 0 0 0 0 0 1 1 1 0 1 1 1 0 0 1 1 0 0 0 1 1 1 1 0 1 0 0 1 0 1 0 1 0 0 1 
1 1 0 1 0 1 0 1 1 1 1 1 0 1 1 1 0 0 0 0 0 0 1 1 0 1 0 1 0 0 1 1 0 0 1 0 0 
1 0 0 1 1 0 0 0 1 1 0 0 1 0 0 0 1 1 0 0 1 0 1 1 1 1 1 0 0 1 1 0 0 1 1 1 0 
1 1 1 1 0 1 0 1 0 0 0 0 0 0 1 1 0 1 1 1 1 1 0 1 1 1 0 0 0 0 1 0 0 0 0 1 1 
1 1 1 0 0 1 0 0 1 1 1 0 0 0 1 0 1 1 1 0 1 1 1 0 0 1 0 0 1 1 0 1 0 1 0 0 0 
1 0 0 1 1 0 1 0 0 1 0 0 1 0 0 1 1 1 0 1 1 0 1 0 1 1 0 1 0 1 0 0 1 0 1 1 0 
0 1 1 0 0 0 1 0 0 1 0 1 0 1 0 1 0 0 0 0 1 1 0 1 1 0 1 1 1 0 1 0 1 1 0 1 1 
1 1 0 0 1 0 0 0 0 0 0 1 1 1 1 0 1 0 1 1 0 1 1 0 1 0 1 0 0 1 1 1 0 0 0 1 0 
0 0 1 1 1 0 1 0 0 1 1 0 1 0 1 1 0 1 0 1 0 0 1 0 0 1 1 0 1 0 0 0 1 1 1 0 1 
1 0 0 1 1 0 1 0 1 1 0 0 0 1 1 0 1 0 0 1 0 1 0 1 0 1 1 0 1 0 0 1 1 0 1 0 0 
1 0 1 1 0 0 0 1 0 1 1 1 0 1 0 0 0 0 1 1 1 1 1 0 1 1 0 0 1 1 0 1 0 0 1 0 0 
1 0 0 1 0 0 1 1 1 0 1 0 0 1 1 0 1 0 0 0 1 0 0 1 0 1 0 0 1 1 0 0 0 1 1 1 1 
0 0 0 0 0 1 1 1 1 0 0 1 1 1 1 1 0 0 1 0 0 0 1 0 0 0 0 1 1 1 1 1 0 0 1 1 1 
1 1 1 0 1 1 1 1 0 1 0 0 1 0 0 0 0 1 1 1 0 1 0 1 0 0 0 0 0 0 1 1 0 0 0 0 1 
0 0 1 0 0 1 1 0 1 0 1 0 0 1 0 0 1 1 0 0 1 0 1 0 0 1 0 0 1 1 1 1 1 1 0 0 1 
1 0 1 0 0 0 0 1 0 0 1 1 0 0 1 1 0 1 1 1 0 0 0 0 1 1 0 1 0 0 0 1 1 0 1 1 1 
0 0 1 0 1 1 0 0 1 1 1 1 1 1 1 0 0 0 1 0 0 1 1 1 0 1 0 0 0 0 0 1 1 1 0 0 1 
1 0 0 0 0 1 0 0 0 1 0 0 1 0 0 1 0 0 1 0 1 1 0 1 1 1 1 1 0 0 0 0 0 0 1 1 1 
0 1 0 1 0 1 1 1 0 1 0 0 1 0 0 1 0 0 0 1 1 0 0 1 0 0 1 1 1 0 0 0 0 1 1 1 1 
1 1 1 0 0 1 0 0 1 0 0 1 1 1 0 0 1 1 0 1 1 0 0 1 1 0 1 1 0 0 1 0 1 1 0 0 0 
1 0 1 0 0 0 1 0 0 1 1 1 0 0 0 0 1 0 0 0 1 1 1 1 1 1 0 0 0 1 0 1 0 0 1 1 1 
1 0 1 0 0 0 1 0 0 0 0 0 1 1 1 1 0 0 1 1 0 1 1 0 0 0 1 0 1 1 1 1 1 0 1 0 1 
0 0 1 1 0 0 1 0 1 1 1 1 0 0 1 0 1 0 1 1 0 1 1 0 0 0 1 1 0 1 0 0 1 0 1 0 1 
0 0 1 1 1 0 1 1 0 0 0 1 0 1 1 1 0 0 1 0 1 0 1 0 0 0 0 1 1 1 1 0 0 1 0 1 1 
1 0 1 1 0 1 0 1 0 1 0 1 1 0 0 0 0 1 1 0 1 0 0 0 1 0 1 1 0 0 1 1 1 1 0 0 0 
1 0 1 0 1 1 1 1 0 1 0 1 0 0 0 1 1 1 1 0 0 1 0 1 0 0 0 1 0 0 0 0 1 1 0 1 0 
1 0 1 0 1 1 1 1 0 0 0 1 1 1 0 0 1 0 0 1 0 1 0 0 1 0 1 1 1 1 0 0 1 1 0 0 0 
0 0 1 1 0 0 1 1 1 0 1 0 1 1 0 1 1 1 1 0 0 1 0 1 0 1 1 0 1 0 0 1 0 0 1 0 0 
1 1 0 0 0 1 0 0 0 0 0 1 0 1 1 1 0 1 1 1 0 1 0 0 1 1 0 1 1 0 1 0 1 1 0 0 0 
1 1 1 0 0 1 0 1 1 1 1 0 0 1 1 0 1 1 1 1 0 1 1 1 1 0 1 1 1 0 0 1 0 1 0 1 0 
1 0 1 1 0 0 0 0 0 1 1 1 1 0 0 1 1 1 1 1 0 1 1 0 0 0 0 1 1 1 0 0 1 0 1 0 0 
1 1 0 0 1 1 0 1 1 0 0 0 1 0 1 1 0 0 1 0 0 0 1 0 0 1 0 1 1 0 1 0 1 0 1 1 0 
0 0 1 0 1 1 1 0 0 1 1 0 1 1 1 1 0 1 1 0 0 1 1 1 0 0 1 0 1 0 0 0 1 0 1 0 0 
0 1 0 0 0 1 0 1 0 1 1 0 0 0 0 0 1 1 1 1 1 0 1 0 0 0 1 0 1 1 0 0 1 0 1 1 1 
0 1 0 0 1 1 1 1 0 0 0 1 1 1 0 0 1 0 1 1 1 1 0 0 0 0 1 1 0 0 1 0 0 1 1 0 0 
0 1 1 0 1 1 0 1 0 0 1 0 1 1 1 1 0 1 0 0 1 0 1 1 0 0 1 0 0 0 1 0 1 1 1 0 0 
1 1 0 1 1 0 1 1 1 0 1 0 1 0 1 0 1 0 1 1 1 1 0 0 0 0 0 1 1 0 0 0 0 1 0 1 0 
