4
27 65
1 0 0 1 1 0 0 0 1 1 0 1 0 1 0 1 0 0 1 0 0 0 0 1 1 0 1 1 1 0 0 1 1 1 1 0 1 0 0 0 1 0 0 0 0 1 1 0 0 1 0 0 0 0 1 0 1 0 1 0 0 0 1 1 1 
0 0 1 1 0 0 0 1 0 1 1 1 1 1 0 1 0 0 1 1 0 0 1 1 1 1 0 1 1 1 1 1 1 0 1 0 1 0 1 0 1 0 0 0 0 0 1 1 1 0 1 0 0 0 1 0 1 0 1 0 1 0 0 1 1 
1 0 0 1 1 0 1 0 0 1 0 0 1 0 0 0 1 1 0 1 0 1 1 0 1 1 1 0 0 1 1 0 0 1 0 0 0 0 1 1 1 0 1 1 0 0 1 1 1 1 0 0 0 1 0 0 0 0 0 1 0 1 1 1 1 
0 0 0 1 1 0 1 0 0 0 0 0 1 0 1 0 1 0 0 0 0 0 0 1 1 1 1 1 0 1 1 0 1 1 1 0 1 0 0 1 1 0 0 1 0 0 1 0 0 1 0 1 0 0 0 0 0 0 1 1 1 0 1 0 0 
0 0 1 0 0 1 0 0 1 1 1 0 1 0 0 0 0 1 0 1 0 1 1 1 0 1 0 1 0 1 1 1 1 0 1 0 0 1 1 0 0 0 1 1 1 0 1 0 1 0 1 1 0 0 1 0 0 1 1 1 1 0 0 0 1 
0 0 1 1 0 1 0 1 1 1 1 0 0 0 1 1 1 0 1 0 0 0 0 1 0 0 1 1 1 1 0 0 0 0 0 0 0 0 1 0 1 0 0 1 0 0 1 1 0 0 1 0 1 1 0 0 0 0 0 1 1 0 0 0 1 
0 0 0 0 1 1 1 1 0 0 1 0 1 0 1 1 0 1 1 1 0 1 1 1 1 0 1 1 0 0 1 1 1 0 0 1 0 0 0 1 0 0 0 1 1 0 0 1 1 0 1 1 1 1 0 0 1 0 0 0 1 0 1 0 0 
1 0 0 1 1 0 0 1 1 0 1 1 0 0 1 1 1 1 0 1 1 0 1 0 0 1 1 1 0 1 1 1 0 1 0 0 1 1 0 0 0 0 0 1 0 0 0 0 1 1 1 1 1 0 1 1 1 0 0 1 1 1 0 1 1 
0 0 1 0 1 1 0 1 0 0 1 0 0 0 0 1 1 0 0 0 1 0 1 1 0 1 0 0 0 1 1 1 1 0 0 1 1 0 0 0 0 1 1 1 0 0 1 1 0 1 0 0 0 0 1 1 0 1 0 1 1 1 1 0 1 
1 0 0 1 0 1 0 1 1 1 1 0 0 1 0 0 1 0 1 0 1 1 0 0 1 0 0 0 1 0 1 0 1 1 0 1 0 1 1 1 1 0 0 0 1 0 0 1 0 1 1 0 0 1 0 1 0 1 0 1 1 1 0 0 1 
0 1 0 1 0 1 0 1 1 0 1 0 1 0 0 1 0 1 1 0 1 1 1 0 1 1 1 1 1 1 0 0 1 1 0 1 1 1 0 1 1 0 1 0 1 1 1 0 1 1 0 0 0 1 1 1 0 1 0 0 1 1 0 0 1 
1 0 0 1 1 1 0 0 1 1 0 1 0 0 1 0 0 0 0 0 1 0 0 0 0 1 1 1 0 1 1 0 1 1 1 1 0 0 0 1 0 0 0 0 1 1 1 1 1 0 1 0 1 0 1 0 0 0 1 1 1 1 0 1 0 
1 1 0 1 0 1 1 0 1 0 0 0 1 0 0 0 0 1 1 1 1 1 1 0 1 1 1 0 1 1 1 0 0 0 1 1 0 0 1 1 0 1 0 1 0 0 1 1 0 0 0 1 0 1 0 0 0 1 1 0 0 1 0 0 1 
0 1 1 0 1 0 1 0 0 0 0 0 0 0 1 1 1 0 1 1 0 1 0 0 0 0 0 1 0 1 0 0 0 0 1 0 1 0 0 0 0 1 0 0 0 1 1 0 1 1 1 1 1 1 1 0 1 0 0 1 0 1 0 0 1 
0 0 1 1 1 0 0 1 1 1 1 0 1 1 0 1 0 0 1 0 1 0 1 0 1 0 0 1 0 0 0 1 0 1 1 1 0 0 0 0 0 0 1 1 0 0 0 1 1 0 1 1 0 1 1 0 0 0 1 1 1 0 0 1 0 
1 0 0 1 1 1 0 1 0 0 1 0 0 0 0 1 0 0 1 0 1 0 0 1 0 0 1 1 1 1 1 0 1 1 0 1 1 0 0 1 1 0 1 1 0 0 0 1 0 1 0 1 1 1 1 1 1 1 0 0 1 0 1 1 1 
0 0 0 0 0 1 0 0 1 1 0 0 0 0 0 1 1 1 0 0 0 0 0 0 1 0 0 0 1 1 0 0 1 0 1 1 1 0 0 1 1 0 0 0 0 0 0 0 0 1 0 0 0 0 0 0 1 1 1 1 0 1 1 1 0 
0 1 1 1 0 0 1 0 0 1 1 0 0 1 0 0 1 0 0 1 1 0 1 1 0 1 1 0 0 0 1 0 0 1 1 1 0 0 1 1 0 0 0 0 0 0 0 0 1 1 0 0 0 1 1 1 1 1 1 0 0 0 0 1 1 
0 0 1 0 0 0 0 0 1 0 0 0 1 0 0 0 1 1 1 1 1 1 1 1 1 1 1 0 0 1 0 0 1 0 0 0 1 1 0 1 1 1 0 1 0 0 1 0 1 1 1 0 1 1 0 0 1 0 1 1 1 1 0 1 1 
1 0 0 1 0 1 0 1 1 1 0 1 0 1 0 0 1 1 0 0 0 0 1 1 1 0 0 1 1 1 1 0 0 1 1 0 1 1 0 1 1 0 1 0 0 0 1 0 0 1 1 0 1 1 0 0 1 1 0 1 0 0 0 1 0 
1 1 0 0 1 1 0 0 0 0 1 1 0 0 0 0 1 1 1 1 0 0 1 0 1 1 1 1 0 0 0 0 0 1 1 0 0 1 1 1 0 0 0 1 0 0 1 0 1 0 1 1 1 1 0 1 1 0 1 1 0 0 1 1 0 
0 0 0 1 0 0 1 0 1 1 1 1 1 0 1 1 1 0 0 0 1 1 0 1 1 1 1 1 1 0 1 1 1 1 0 0 0 0 0 1 1 1 1 0 1 1 0 0 1 0 1 1 1 0 1 1 1 0 0 1 0 0 1 0 0 
0 1 1 0 0 1 1 1 0 1 0 0 1 0 1 0 0 0 1 0 0 1 1 1 1 1 0 0 1 0 1 1 1 1 0 0 1 1 1 1 1 1 0 0 0 0 0 0 0 0 1 0 1 1 1 0 1 1 0 0 0 1 0 1 0 
0 0 0 1 0 0 1 1 1 1 0 0 1 0 0 0 1 1 0 0 0 0 1 0 1 1 0 0 0 1 1 1 0 0 0 0 0 1 1 0 1 0 1 1 0 1 1 1 0 0 1 1 1 1 0 0 0 0 1 1 0 0 1 1 1 
1 1 0 1 0 1 1 0 1 1 1 1 0 0 1 0 0 1 0 1 0 0 1 0 1 1 1 0 0 1 1 1 1 0 0 0 1 1 0 0 1 1 1 1 1 1 1 0 1 1 1 0 0 0 1 0 0 1 0 0 0 1 1 1 0 
1 1 1 1 1 1 0 1 1 0 1 0 1 0 1 0 0 0 1 1 0 1 0 1 1 0 0 1 0 0 0 1 1 1 1 0 1 0 1 0 1 0 1 0 0 0 0 1 0 0 1 1 1 1 1 0 1 0 0 1 0 1 0 1 1 
0 0 0 1 1 0 0 0 0 1 1 0 0 0 1 0 1 0 1 0 1 1 0 0 1 0 1 0 0 1 1 0 1 0 0 0 0 1 0 0 1 0 0 0 1 0 0 1 0 1 1 1 0 0 1 0 0 1 1 1 1 0 0 0 0 
0 0 0 0 0 1 1 1 1 1 1 1 0 0 1 0 0 0 1 1 0 1 1 1 0 0 1 0 1 0 1 0 1 0 1 0 1 1 1 1 1 1 0 1 1 0 1 1 1 0 1 1 1 1 0 0 1 0 0 0 0 1 0 0 1 
0 1 1 1 0 0 0 1 0 1 0 1 0 1 0 0 1 0 0 1 0 0 0 1 0 1 0 0 1 0 1 1 0 0 0 0 0 1 0 1 0 1 1 0 1 0 0 1 0 1 1 1 1 1 1 1 0 1 0 0 0 1 0 0 1 
0 0 0 1 0 1 1 0 1 0 0 1 0 1 1 0 1 0 1 1 1 1 1 1 1 1 1 0 0 0 1 1 0 1 0 0 1 1 0 0 0 0 0 1 0 1 0 1 0 0 1 1 0 0 1 0 1 1 1 0 0 1 0 0 0 
1 1 0 1 0 1 0 0 1 0 1 0 1 0 0 0 1 0 0 0 1 0 1 0 0 1 0 0 0 0 0 1 0 0 0 1 0 1 0 0 1 0 0 1 0 1 1 0 1 0 1 1 0 0 1 1 0 0 1 0 1 0 1 1 0 
0 1 0 0 1 1 1 0 0 0 1 1 1 0 1 0 0 1 1 1 0 1 1 0 0 0 0 0 1 0 0 1 1 0 1 0 1 1 1 0 1 0 0 1 1 0 1 1 0 1 0 1 1 1 0 1 0 1 0 0 0 0 0 1 1 
0 0 0 0 1 0 0 1 1 0 0 1 0 1 1 0 1 0 1 1 0 0 1 0 0 0 1 1 0 0 0 1 0 0 1 0 1 0 0 1 0 1 0 0 0 1 0 1 0 1 1 0 1 0 1 0 0 1 0 0 0 1 1 1 0 
1 1 1 0 0 1 1 1 0 0 1 0 0 0 0 0 0 0 0 0 0 1 0 1 0 1 0 0 0 1 1 1 1 1 0 1 1 0 1 0 1 1 0 1 1 1 1 0 0 0 1 0 1 1 0 1 1 0 1 0 0 0 1 1 1 
0 1 0 1 1 1 1 0 1 0 0 1 1 1 0 1 0 1 1 1 1 0 1 1 1 1 1 1 0 1 0 0 1 1 1 0 0 0 1 0 0 1 1 1 1 0 0 1 1 0 1 0 0 0 0 0 1 0 0 1 1 1 0 1 0 
0 1 1 0 1 0 0 1 1 0 1 0 0 0 0 0 1 1 0 0 1 1 1 1 0 0 0 0 0 1 1 1 0 0 0 1 0 0 0 1 1 0 1 1 1 1 1 1 1 1 0 1 1 0 0 1 1 0 0 1 1 0 1 0 1 
0 1 0 1 1 1 0 1 0 1 1 0 1 0 0 0 0 0 1 0 1 0 0 1 0 0 0 0 0 1 1 0 0 0 1 1 1 1 0 1 1 0 1 1 0 0 1 1 1 0 0 0 1 0 1 1 0 1 0 0 1 1 1 0 1 
0 1 0 1 0 1 0 1 0 0 0 1 0 0 1 0 0 0 0 1 0 1 0 1 0 1 1 1 0 1 0 0 0 0 0 1 0 0 1 0 0 1 0 0 1 0 0 0 1 0 0 1 1 0 0 1 1 1 1 1 0 0 0 1 0 
1 1 1 1 1 0 0 0 0 1 0 0 1 1 0 1 1 0 1 0 1 1 0 0 0 0 0 1 0 0 0 1 1 1 0 0 0 1 0 1 1 0 0 1 1 0 1 0 0 0 1 0 1 1 1 0 0 1 0 1 0 1 1 0 1 
1 1 1 0 1 0 0 0 1 0 1 0 0 0 1 1 0 0 0 0 1 0 0 0 0 1 1 1 1 1 1 0 1 0 1 0 0 0 0 1 1 1 1 1 1 1 0 0 1 0 0 1 0 1 1 1 0 1 1 1 0 0 0 0 0 
1 1 1 0 0 0 0 1 1 1 0 0 1 0 0 1 1 0 0 1 1 0 0 0 0 0 0 0 0 1 1 1 0 0 1 1 0 1 1 0 0 0 0 1 0 0 0 0 1 0 0 1 1 0 1 1 0 0 0 1 0 0 1 1 1 
0 0 1 1 0 1 0 1 1 1 1 1 0 1 0 0 0 0 0 1 1 1 1 1 1 1 1 0 1 1 0 1 0 0 1 0 0 1 0 1 1 0 0 0 0 0 0 0 1 0 1 1 0 0 0 1 1 1 0 1 1 1 0 1 0 
0 0 0 0 0 0 0 0 1 0 1 1 1 1 0 0 0 1 0 0 0 1 1 1 0 0 1 0 1 1 0 0 0 1 0 1 1 0 0 0 1 0 1 1 1 0 1 0 1 0 0 1 0 1 1 1 0 1 1 1 0 0 0 0 1 
0 1 1 1 1 1 1 1 1 1 1 1 0 0 1 0 1 0 1 1 1 1 0 0 1 0 1 1 0 1 0 1 1 1 0 1 1 0 0 1 0 0 1 1 1 1 1 1 1 1 0 0 0 0 1 1 1 0 1 1 1 0 0 0 1 
0 0 0 1 1 1 1 0 0 1 0 1 1 1 0 0 1 0 1 1 1 1 0 1 0 1 0 0 0 1 0 1 1 0 0 0 0 0 1 1 1 1 1 0 0 0 1 0 0 0 0 1 0 0 0 0 0 1 1 1 1 1 0 0 0 
0 0 0 0 0 1 1 0 1 0 0 1 1 0 0 1 1 1 0 1 0 1 1 1 0 0 1 1 1 1 1 0 0 1 0 0 1 0 1 0 1 1 0 1 0 1 1 1 1 1 1 1 1 0 0 0 1 1 0 0 0 0 1 0 1 
0 1 0 0 0 1 1 0 1 0 0 0 1 0 1 1 1 0 1 0 1 0 0 1 1 0 1 0 1 1 1 1 0 1 1 1 1 0 0 0 0 1 1 0 1 0 1 0 1 0 1 0 0 0 0 1 0 1 0 1 0 1 1 1 0 
0 1 0 1 1 0 1 0 1 1 1 1 0 1 0 0 0 1 0 0 1 1 1 1 1 0 1 0 0 1 1 1 1 1 0 1 1 0 1 0 1 1 0 1 0 0 1 1 1 0 1 0 1 0 0 1 0 0 0 0 0 0 0 0 0 
0 1 1 1 1 1 0 1 0 0 1 1 0 0 0 1 0 1 0 1 1 0 1 0 0 1 1 0 1 1 1 1 1 1 0 0 0 1 1 0 0 1 0 1 1 1 0 0 0 0 1 1 0 1 1 0 0 1 1 1 1 0 0 1 1 
1 0 0 1 0 1 1 1 1 0 1 1 0 1 1 1 1 0 0 1 0 0 1 0 0 0 1 0 1 0 0 0 0 1 1 1 1 0 0 0 1 1 1 0 1 1 0 0 0 0 1 0 0 0 0 1 0 1 1 1 1 0 1 0 1 
0 0 1 0 0 1 1 0 1 0 1 1 0 0 0 0 0 1 1 1 0 1 1 1 0 1 0 1 1 0 1 0 0 0 1 1 1 1 0 0 0 0 1 0 1 1 1 0 0 0 0 1 1 1 0 1 0 1 0 1 0 0 0 1 0 
1 0 0 0 0 0 0 0 1 0 0 0 0 0 1 0 0 0 0 0 1 1 1 0 0 1 1 0 0 1 0 1 1 0 1 0 0 0 1 1 0 0 1 0 1 0 1 1 1 1 1 1 0 0 1 1 1 0 1 0 0 1 0 1 0 
1 1 0 0 1 0 0 0 1 0 1 1 1 1 1 1 1 1 0 1 0 1 1 1 1 1 1 0 1 1 1 0 0 1 1 0 0 0 1 0 0 1 0 0 1 1 1 0 0 1 1 0 1 1 1 0 0 0 0 1 0 0 0 1 0 
0 0 1 0 1 1 0 0 0 1 0 0 1 0 0 0 1 0 1 1 0 1 0 0 0 0 0 1 0 0 1 0 0 1 0 1 1 1 1 1 1 0 0 0 0 1 0 0 1 1 0 0 0 1 1 0 0 0 0 1 0 1 1 0 0 
56 68
0 1 1 1 0 0 1 1 0 0 0 1 1 0 0 0 1 1 1 1 1 1 1 0 1 1 0 0 0 1 0 0 1 0 0 0 1 0 1 0 1 1 0 1 0 1 0 1 0 0 1 0 0 1 1 1 0 0 0 0 0 1 1 0 1 1 1 0 
0 0 1 1 1 1 0 1 0 1 0 1 0 1 0 0 0 0 0 0 1 0 1 0 0 1 0 1 0 1 0 1 0 1 1 1 0 0 1 1 1 0 0 1 1 1 1 0 0 0 0 0 1 1 0 1 1 0 0 1 1 0 1 0 1 0 1 1 
0 1 0 1 1 0 0 0 1 0 1 1 1 0 1 1 0 0 1 1 0 0 0 1 1 1 1 1 1 1 0 1 0 0 1 1 1 1 0 1 1 0 1 0 1 0 1 0 0 0 0 0 1 1 0 0 0 0 1 1 1 0 1 0 0 0 0 0 
0 0 0 0 0 0 1 1 1 1 1 0 0 1 0 1 1 1 0 0 0 1 0 0 0 0 0 1 0 1 0 1 1 1 1 1 0 1 0 0 1 0 0 0 1 1 1 1 1 1 1 0 1 0 0 1 1 1 0 0 1 1 0 0 1 0 0 1 
1 1 1 0 0 1 0 1 1 1 1 0 1 1 0 1 0 1 0 1 0 0 1 0 1 0 0 0 1 1 1 0 0 1 0 0 1 0 1 0 1 0 0 1 1 1 1 0 0 1 0 1 1 1 0 1 0 0 0 0 1 0 1 0 0 0 0 1 
0 0 0 1 1 0 1 0 1 1 1 1 0 1 1 1 0 1 0 0 1 0 0 1 1 1 0 1 1 0 0 0 0 1 0 0 1 0 1 0 1 0 1 1 0 0 1 0 1 0 0 0 1 0 1 1 1 1 1 0 1 0 0 0 0 0 1 1 
0 0 0 1 1 0 1 1 0 0 1 1 1 0 0 0 1 0 1 0 1 0 1 0 1 0 0 0 1 0 1 1 0 0 1 1 1 1 0 1 1 0 0 0 1 1 0 0 1 0 1 0 0 1 0 1 1 1 1 0 0 1 0 1 0 1 0 1 
0 0 0 0 0 0 1 1 1 1 1 0 0 1 1 1 0 1 0 1 1 1 1 0 1 1 0 0 0 0 1 0 0 0 0 1 1 1 1 1 1 1 1 1 1 1 1 0 0 0 0 0 0 1 0 0 1 1 0 0 0 0 1 0 1 0 0 1 
0 0 1 0 0 1 1 1 1 0 0 0 0 0 0 1 1 0 1 0 0 1 0 0 0 1 1 1 0 1 1 1 1 0 0 0 0 1 1 0 0 1 0 1 1 0 0 1 1 1 0 0 0 0 0 0 1 1 1 1 1 1 1 1 0 0 1 1 
0 1 1 0 1 0 1 0 0 0 0 0 0 1 0 1 0 1 1 0 0 0 0 0 1 1 1 0 1 1 1 1 0 1 0 1 1 0 0 1 0 0 1 0 0 0 1 0 0 1 1 1 1 0 1 1 0 0 1 1 0 1 0 0 1 1 1 1 
1 0 1 1 0 1 1 1 1 1 0 0 1 0 0 0 0 1 1 1 1 0 1 0 0 1 0 1 0 1 1 1 1 0 1 0 1 0 0 0 0 1 1 0 0 1 1 0 0 0 1 0 0 1 0 0 0 1 0 1 0 0 1 1 0 1 1 0 
1 0 1 0 0 0 0 0 0 0 0 0 0 0 0 1 1 0 1 1 1 0 0 1 0 0 1 1 1 0 0 1 1 1 0 1 1 0 1 1 1 1 0 1 0 1 1 0 0 0 1 1 1 1 1 0 0 1 1 0 1 0 0 0 1 1 0 1 
0 0 1 0 1 0 0 1 1 0 0 1 0 0 0 0 0 0 1 1 0 0 0 0 0 1 0 0 1 1 1 1 0 1 0 1 0 0 1 0 1 1 0 1 0 0 0 0 1 0 1 0 1 1 1 1 1 1 1 1 1 0 0 1 1 1 1 1 
1 0 0 1 1 0 0 1 1 0 1 0 1 1 0 1 0 1 0 0 0 0 0 1 1 0 0 0 0 1 1 0 1 0 0 1 1 1 1 0 1 0 0 0 1 1 1 0 1 0 0 0 1 0 1 1 1 1 0 1 1 1 0 0 1 0 1 0 
0 0 0 1 1 1 0 0 1 1 1 0 0 0 1 0 1 1 1 1 0 0 1 1 0 0 0 1 0 1 0 1 0 1 0 0 0 1 1 0 1 1 0 0 1 0 0 0 0 0 1 0 1 1 1 1 1 0 1 1 0 1 0 1 1 0 0 1 
1 1 1 0 0 1 0 1 0 1 1 0 0 1 1 1 1 1 0 0 1 1 0 1 0 1 1 0 1 1 0 0 0 1 0 0 1 1 1 0 0 0 1 0 0 0 1 0 0 1 0 1 0 1 0 1 1 1 1 0 0 1 0 0 0 0 1 0 
0 0 1 0 1 0 1 0 1 1 1 1 0 0 0 1 1 0 0 0 1 1 1 0 0 0 1 1 1 0 0 1 1 0 1 1 0 0 0 0 1 1 0 0 0 0 0 1 0 1 1 1 0 0 1 0 1 0 0 1 1 1 0 1 1 0 1 1 
0 0 1 1 1 0 0 1 0 0 1 1 0 1 1 0 0 1 0 1 0 0 1 1 0 1 0 1 1 1 1 0 0 1 0 0 1 0 1 1 0 0 0 1 1 0 1 0 1 0 1 1 1 1 0 0 0 1 0 0 0 0 0 1 1 0 1 1 
1 0 1 1 1 0 0 1 1 0 0 0 1 1 0 0 1 1 0 0 1 1 1 0 0 0 1 0 1 0 0 1 0 0 1 1 0 0 1 0 1 1 1 1 0 1 1 0 1 1 0 0 1 0 1 0 0 0 1 1 0 0 1 1 1 0 1 0 
1 1 1 0 0 1 0 0 0 0 0 1 0 1 1 0 1 1 0 1 1 0 0 0 1 0 0 1 0 1 1 1 1 1 1 0 1 0 0 0 1 0 1 1 0 0 0 1 1 0 1 0 0 1 1 0 0 1 0 0 1 0 1 0 1 1 0 1 
1 0 0 1 0 1 0 0 0 0 0 0 0 1 1 1 1 1 0 1 0 1 1 1 1 1 1 0 0 1 1 1 1 0 1 1 0 1 1 0 0 0 0 1 0 1 1 0 0 1 0 1 0 1 0 0 0 1 0 0 0 1 0 0 1 0 1 1 
1 0 0 0 1 0 0 1 0 0 1 0 1 0 0 1 1 1 0 1 1 1 1 1 0 1 1 1 1 1 0 0 1 0 1 0 1 1 0 1 0 0 0 1 0 0 0 0 0 0 0 0 1 1 0 0 1 0 0 1 1 1 1 1 0 1 1 0 
1 0 1 0 0 0 1 1 0 0 0 0 0 1 1 1 1 1 1 1 1 0 1 1 0 0 1 0 1 0 0 0 1 1 1 1 0 1 1 0 1 1 1 0 1 0 0 0 1 0 1 0 0 1 1 0 1 0 1 0 1 1 1 0 0 0 1 0 
0 0 1 1 1 0 0 0 1 0 0 0 1 0 0 0 0 1 1 1 0 1 1 1 1 1 1 1 0 0 0 1 0 1 1 0 0 0 1 1 0 0 1 0 0 1 0 1 0 1 1 1 1 1 0 1 1 0 0 0 0 1 0 0 0 1 1 1 
1 1 1 0 0 0 1 0 0 1 1 0 1 1 0 1 1 1 1 1 0 1 1 0 0 1 1 0 0 0 0 0 0 0 1 0 0 0 1 0 1 1 1 0 0 1 0 0 1 1 1 1 0 1 0 0 1 0 1 1 0 0 1 0 0 1 1 0 
1 1 0 1 1 1 0 1 0 0 1 1 0 1 1 1 1 0 1 1 1 1 0 0 1 1 0 1 0 1 1 0 1 1 1 1 0 1 0 0 0 0 0 1 1 0 0 0 0 0 0 1 1 1 0 0 0 1 0 1 0 1 0 1 1 0 1 1 
0 1 1 1 1 0 1 0 0 1 0 0 0 0 0 1 0 1 0 1 1 0 0 0 0 0 1 0 1 1 1 0 1 0 0 0 1 1 1 0 1 0 1 1 0 1 1 0 1 0 1 0 0 1 0 1 1 1 1 0 1 1 1 0 0 0 1 0 
1 0 0 1 0 1 1 1 0 1 1 1 1 1 0 0 0 1 1 0 1 1 1 1 0 1 1 0 0 1 1 1 1 0 0 1 1 1 1 1 1 1 1 1 0 1 1 1 0 0 0 1 0 0 1 0 0 1 0 1 0 1 1 0 0 0 0 0 
0 1 1 1 0 1 0 0 0 1 1 1 1 0 0 0 1 1 1 0 0 1 1 0 1 0 0 0 0 0 1 1 0 0 0 1 1 1 1 0 1 1 0 1 0 0 1 0 1 0 1 0 1 1 0 0 1 1 0 0 1 1 0 0 1 0 0 1 
0 1 0 0 0 0 1 1 1 1 1 0 0 0 1 1 1 0 1 0 1 1 1 0 0 1 1 1 1 0 1 0 1 1 0 0 0 0 1 0 0 1 1 1 0 0 1 1 0 1 1 1 0 1 1 1 0 0 0 0 0 0 0 0 0 1 1 0 
0 0 0 1 1 1 1 1 1 0 0 0 0 0 0 0 1 1 1 0 1 0 1 0 0 0 0 1 0 0 1 1 0 1 1 1 1 1 1 0 0 1 1 1 0 1 0 0 1 0 1 0 0 1 0 1 0 1 0 1 1 1 0 0 1 0 0 1 
1 0 1 0 1 1 1 1 1 0 1 0 0 0 1 1 0 1 0 1 0 1 0 1 1 0 1 1 1 0 1 0 1 0 0 0 0 1 0 1 0 0 1 0 1 0 0 0 0 0 0 1 0 0 1 1 0 0 0 1 1 1 0 1 1 1 1 0 
0 0 0 0 0 1 0 1 1 1 1 0 0 1 0 1 0 0 1 0 0 1 0 1 0 1 1 1 0 1 1 1 0 1 1 0 1 1 1 1 0 0 1 1 1 0 1 1 1 1 1 0 1 1 0 0 1 0 0 0 0 1 0 0 1 1 1 1 
1 1 0 0 0 1 0 0 0 0 1 0 0 1 1 0 0 1 0 0 0 1 1 1 1 1 0 1 1 0 0 1 1 1 1 1 1 0 1 1 1 0 0 1 1 1 1 1 0 0 0 0 0 0 1 1 0 1 0 0 1 0 1 1 0 0 0 0 
1 1 1 0 0 1 0 0 0 1 0 0 0 0 0 0 0 0 1 0 1 1 1 0 1 1 0 1 0 1 1 0 1 0 1 0 1 1 0 0 0 0 1 0 0 0 1 1 0 0 1 1 1 1 1 1 1 0 1 1 0 1 0 1 1 0 0 1 
1 0 1 1 0 0 1 1 0 1 1 1 0 0 0 1 0 0 1 0 1 1 1 0 1 0 0 0 0 1 0 0 0 1 1 0 0 0 0 0 1 0 0 1 1 1 1 1 0 1 0 1 0 0 1 1 1 0 0 1 0 1 1 1 0 0 1 1 
0 1 0 0 1 1 1 1 1 1 0 0 1 1 0 0 1 1 0 0 0 1 0 1 0 0 1 0 1 0 0 0 1 1 0 1 1 0 0 1 1 1 0 1 1 0 0 0 0 0 0 1 0 1 1 1 1 0 0 0 1 1 1 1 0 1 0 0 
1 0 1 1 0 0 1 0 0 0 1 0 0 1 1 1 0 0 0 1 1 0 0 0 0 1 1 0 1 1 0 1 0 0 0 1 0 0 1 0 1 0 1 1 1 1 1 0 0 1 1 1 0 0 1 1 0 0 1 0 0 1 1 1 1 0 1 0 
0 0 0 1 0 1 1 0 0 0 0 1 0 0 1 1 0 1 1 1 0 0 1 1 1 1 0 1 1 1 0 0 0 0 1 1 0 1 1 1 0 0 0 1 0 1 0 0 0 0 0 1 0 1 1 1 1 0 1 0 1 0 0 1 0 1 1 1 
0 0 0 0 0 1 1 1 1 0 0 0 1 1 1 1 1 0 1 0 0 1 0 1 0 0 0 1 1 0 1 0 0 0 0 1 0 0 1 0 1 1 1 1 1 0 1 1 1 1 1 1 0 0 1 1 0 1 1 1 0 0 0 1 0 0 0 0 
1 0 0 0 1 1 1 1 0 0 0 0 0 0 0 1 1 0 1 1 1 0 1 0 0 0 1 0 1 0 1 0 0 0 0 1 0 1 1 0 1 0 1 1 0 0 1 1 0 0 1 1 1 1 0 0 0 1 0 1 1 1 0 0 1 1 1 1 
0 1 0 1 1 1 1 1 1 0 1 1 1 0 0 0 1 0 1 1 1 0 1 1 1 1 1 1 1 1 1 0 1 1 1 0 0 0 0 1 0 0 1 0 0 0 0 1 1 0 1 1 1 0 0 1 1 1 0 1 1 1 1 1 1 1 0 1 
1 0 1 1 1 0 1 1 1 0 1 1 1 1 1 0 1 0 1 1 0 1 1 1 1 0 0 0 1 0 0 0 1 1 1 1 1 0 0 0 1 1 1 0 0 1 1 1 1 1 1 1 0 0 1 0 1 1 1 1 0 0 1 1 1 0 1 0 
0 0 0 1 0 0 1 1 0 1 1 0 1 1 1 1 0 1 1 0 1 1 1 0 1 0 1 0 0 0 0 1 1 1 1 1 1 0 0 0 0 0 0 1 0 0 1 1 0 0 1 0 0 1 1 0 0 1 0 1 0 0 1 0 1 1 0 0 
1 1 1 1 1 0 0 1 1 1 1 1 0 1 1 0 0 0 1 1 0 0 1 1 0 0 0 0 0 1 0 1 0 0 1 0 1 1 1 1 0 0 0 1 0 0 1 1 0 1 0 1 0 1 0 0 1 0 1 0 0 0 0 1 1 1 0 0 
0 1 0 1 1 0 1 1 1 1 0 0 0 1 1 0 1 0 1 0 0 0 1 0 0 0 0 1 0 0 1 0 0 1 1 0 1 0 0 1 0 1 0 1 1 0 1 1 0 1 1 0 0 0 0 1 1 0 0 1 1 0 1 1 1 1 1 0 
0 0 1 1 0 0 0 1 1 1 0 1 1 0 1 1 1 0 1 0 0 0 0 0 1 0 0 1 1 1 1 1 0 0 0 0 1 0 0 0 1 1 1 0 1 1 0 1 1 1 0 0 0 0 0 1 1 0 1 0 0 1 0 1 0 1 1 1 
0 0 0 1 0 1 1 0 0 0 0 0 1 0 1 0 1 1 1 1 0 1 0 1 1 0 1 0 1 1 1 1 1 1 1 1 0 1 1 1 1 0 1 1 1 1 0 0 0 0 0 1 0 0 0 0 0 0 1 0 1 0 1 0 0 1 0 0 
1 0 0 0 0 0 0 1 0 1 1 1 1 1 1 0 1 1 0 1 1 0 0 0 1 1 0 0 1 1 1 0 0 0 0 1 1 0 0 0 0 0 1 0 1 1 1 1 0 1 1 0 1 0 0 1 0 1 1 1 0 0 0 1 0 0 1 1 
0 1 1 0 0 1 1 1 0 1 1 1 0 1 0 1 0 0 1 0 1 0 1 0 1 0 0 1 0 1 0 0 1 0 1 0 0 0 1 0 0 1 1 1 0 0 0 1 1 1 1 1 1 1 0 1 0 0 0 1 1 1 1 0 0 0 0 0 
0 1 1 1 0 1 0 0 1 1 1 0 1 0 1 1 1 1 0 1 0 0 0 0 1 1 0 1 1 0 0 1 1 0 1 0 1 0 1 1 1 1 1 1 0 1 0 1 0 0 1 0 0 1 0 0 1 0 0 1 0 0 0 1 0 0 0 0 
1 1 0 1 1 1 1 0 1 1 0 1 0 0 0 1 0 1 1 1 0 0 0 0 0 0 1 0 0 1 0 0 1 0 1 0 0 1 1 1 1 0 0 1 1 0 0 1 0 1 1 0 0 1 0 1 0 1 0 1 0 0 1 0 1 0 1 1 
1 1 1 0 0 0 1 0 1 1 1 0 1 0 1 0 0 0 0 1 1 1 0 1 0 1 1 0 0 1 1 0 0 0 1 1 0 0 1 1 0 0 0 1 0 0 0 1 0 0 0 1 1 1 0 0 1 1 1 0 1 0 0 0 1 1 1 1 
0 1 0 0 1 1 1 1 0 0 1 0 1 0 0 1 1 1 0 1 1 1 0 1 1 0 0 1 1 1 1 1 0 1 0 1 0 1 0 0 0 1 0 0 0 0 0 1 0 1 0 0 1 1 1 1 1 0 1 0 0 0 0 0 1 1 0 0 
0 1 0 0 0 1 1 0 0 1 0 0 0 1 1 0 1 0 1 1 1 1 0 0 0 1 1 0 0 0 1 1 1 0 0 1 1 0 0 1 1 0 1 0 0 1 1 0 1 0 1 1 0 0 0 1 1 0 1 0 1 0 1 0 0 1 1 1 
0 1 1 1 1 1 1 1 0 0 1 1 1 0 1 1 0 0 0 0 1 1 0 0 0 0 0 0 0 0 1 1 0 0 1 0 0 1 1 1 1 1 1 1 0 1 0 1 0 1 1 1 0 0 0 1 1 1 0 1 0 0 0 0 0 0 0 1 
1 0 1 0 1 0 0 1 0 1 0 1 1 0 1 1 1 1 1 1 1 0 1 0 1 0 0 1 0 0 0 1 0 1 1 1 1 1 1 0 0 1 1 0 0 0 0 0 0 1 1 0 0 1 1 1 1 0 1 0 1 0 0 0 0 0 0 0 
0 0 0 0 0 1 0 1 0 0 1 1 1 1 0 1 0 1 0 0 1 0 0 1 1 1 0 1 1 1 0 1 1 1 1 0 0 0 0 1 0 1 1 0 0 0 1 1 1 0 0 0 1 0 1 1 1 1 1 1 0 0 1 0 0 0 1 0 
1 0 0 1 1 1 1 1 0 0 0 0 0 1 0 0 1 1 1 1 1 1 0 0 0 1 1 1 1 0 0 0 1 1 0 0 0 0 1 1 1 0 0 1 1 1 0 1 1 0 0 0 1 0 1 0 0 0 0 0 1 1 1 0 1 1 0 0 
1 0 0 0 1 0 0 1 0 1 1 1 1 1 1 0 1 1 0 0 1 0 0 0 0 1 0 1 0 0 1 0 0 1 0 1 0 1 1 1 0 0 1 1 1 0 1 1 0 1 0 0 1 1 1 0 0 1 0 1 1 0 1 0 0 1 0 0 
1 0 1 0 1 1 1 0 0 0 0 1 1 1 1 1 1 0 0 0 0 0 0 1 1 1 1 0 0 1 0 1 0 0 1 1 0 0 0 1 1 1 1 1 1 0 0 1 0 0 0 1 1 0 1 0 1 0 1 1 0 1 0 0 0 1 0 0 
0 0 1 0 0 1 1 1 0 0 1 0 1 0 0 1 0 0 1 0 1 1 1 0 1 0 1 1 0 0 1 1 0 0 1 0 1 0 1 0 0 1 1 1 0 0 1 1 0 1 0 0 0 1 1 0 1 1 0 1 1 1 0 0 0 1 1 0 
1 0 0 0 1 1 1 0 0 0 0 0 0 0 0 0 0 1 0 1 1 1 1 1 0 0 1 0 0 1 0 1 1 1 0 1 1 0 0 0 0 1 1 0 1 0 0 0 0 1 1 1 1 0 1 0 1 1 1 1 1 1 1 0 0 1 0 1 
0 1 1 0 0 1 1 1 1 1 0 0 1 1 0 1 1 1 0 1 0 1 1 1 0 1 0 0 1 0 0 0 1 1 0 1 1 1 1 0 0 0 0 0 0 1 0 0 1 1 0 1 0 0 0 1 0 1 1 0 1 0 0 0 0 1 0 1 
0 0 0 0 0 1 0 0 0 1 0 0 1 0 1 1 1 0 1 0 0 1 1 1 1 0 0 0 1 1 1 1 0 0 1 0 0 1 1 0 1 0 0 1 0 0 0 1 1 0 0 1 1 1 1 0 1 1 1 1 0 1 0 0 1 0 1 1 
1 1 0 0 1 1 0 1 0 1 0 0 1 0 0 1 0 0 0 1 1 1 1 1 1 1 1 0 0 1 1 1 1 0 1 1 1 1 1 1 1 0 0 0 0 0 1 0 1 1 0 1 0 0 0 0 0 0 0 1 1 0 0 0 1 0 0 0 
0 1 0 0 1 0 0 1 0 0 0 0 1 1 1 0 1 0 1 0 1 0 1 1 0 0 1 0 0 0 1 0 0 1 1 1 1 0 1 0 1 1 1 1 0 1 1 0 1 1 0 0 0 1 1 1 0 1 1 1 1 1 0 0 0 0 0 0 
0 0 1 1 0 0 1 1 0 1 1 1 1 0 0 0 0 0 0 1 0 0 0 1 0 0 0 0 1 0 0 1 0 1 1 1 1 1 0 1 1 1 1 0 0 1 1 1 0 0 0 0 1 1 1 0 0 0 0 0 1 1 1 1 1 1 0 1 
0 1 0 0 1 1 0 0 1 0 1 0 0 1 0 1 0 1 0 0 1 1 0 0 1 1 1 1 1 0 1 1 1 1 1 1 1 0 1 1 1 0 0 0 0 1 1 1 0 1 0 0 0 0 0 1 1 0 1 0 0 0 0 0 0 1 1 0 
0 0 1 1 1 1 1 0 1 1 0 1 0 0 1 0 0 1 1 1 1 1 1 1 0 0 0 0 1 1 0 0 1 1 1 0 1 0 0 1 0 0 0 1 1 1 1 0 1 0 1 1 0 0 0 1 1 1 0 0 0 0 0 0 1 0 0 0 
1 0 0 0 0 0 1 0 1 0 1 0 0 1 1 1 1 1 0 0 1 0 1 1 1 0 1 1 1 1 0 0 0 1 1 1 1 1 1 0 0 0 1 0 0 1 1 1 0 0 0 0 0 1 0 0 0 1 1 0 0 0 1 0 1 1 1 0 
0 1 0 0 0 1 0 0 1 1 1 0 0 1 1 1 1 0 1 0 0 0 1 1 0 1 0 1 1 0 1 1 1 1 0 1 0 0 0 1 0 0 0 0 0 1 1 1 0 0 1 1 1 1 0 1 1 0 0 0 1 0 1 1 0 0 1 0 
0 0 0 1 1 1 0 1 1 1 0 0 0 1 0 0 1 1 1 0 1 1 1 1 0 1 0 1 0 1 1 0 0 1 0 0 1 1 1 1 0 0 1 0 0 1 1 0 0 0 1 0 1 0 1 1 0 1 0 0 1 0 0 1 0 1 0 0 
0 1 0 0 0 1 1 0 0 0 0 1 1 1 0 1 0 1 0 1 1 0 0 0 1 0 1 1 1 0 1 1 0 0 1 1 1 0 1 0 0 0 1 1 0 0 1 1 1 0 1 1 1 0 1 0 1 0 1 0 0 1 0 0 1 0 1 0 
0 0 1 1 1 0 1 0 1 1 0 1 1 1 1 1 0 0 0 1 1 0 1 0 0 0 1 0 0 1 0 1 0 0 0 1 1 1 1 0 0 0 0 1 1 1 1 1 1 1 0 0 1 1 0 1 0 0 0 1 0 1 1 0 0 0 1 0 
0 1 0 1 1 1 1 0 0 1 1 0 1 0 1 1 1 0 0 0 1 1 1 0 0 0 0 0 1 0 0 0 1 0 0 0 1 0 0 1 0 0 0 1 1 1 0 1 1 1 1 1 1 0 1 0 1 0 1 1 0 0 1 0 0 1 1 0 
1 1 0 1 0 0 0 0 0 0 0 1 1 1 0 0 0 0 0 1 1 1 1 0 1 0 0 1 0 1 0 0 1 1 0 1 0 0 1 0 1 1 1 1 1 0 0 0 1 0 1 1 1 1 1 0 0 0 1 1 0 0 1 1 1 1 0 0 
0 0 0 1 0 1 0 1 0 0 0 0 0 0 1 1 1 0 1 0 1 0 1 0 0 0 1 0 1 0 0 1 1 1 1 1 0 1 1 1 1 0 1 1 1 0 1 1 0 1 0 1 0 0 0 1 1 0 0 1 1 0 1 0 1 1 0 0 
1 1 1 1 1 0 0 0 0 0 1 0 0 0 0 1 1 1 1 0 1 0 0 1 1 0 0 1 0 0 1 0 1 1 0 0 1 1 0 0 1 0 1 1 1 1 0 0 1 0 1 0 0 0 0 0 0 1 0 1 0 1 0 0 0 1 1 1 
1 1 1 0 0 1 1 0 1 0 0 1 1 0 0 0 0 0 1 1 0 1 1 1 0 1 0 1 1 1 1 1 1 1 1 1 0 1 1 0 0 0 0 1 0 1 1 0 0 0 0 0 1 0 0 0 0 1 1 1 0 0 1 0 1 0 0 0 
0 1 0 0 0 0 0 1 1 1 1 0 1 1 1 1 1 0 0 1 1 0 0 0 0 0 1 1 1 1 0 1 1 0 0 0 1 0 1 0 0 1 1 1 0 0 1 1 0 1 0 1 1 1 1 1 0 0 1 0 1 0 0 0 0 0 1 0 
1 0 1 1 1 1 1 1 1 0 1 0 0 0 1 1 1 1 1 0 0 1 1 1 0 1 1 1 1 0 1 1 1 0 1 1 0 1 0 0 1 0 0 1 1 0 1 0 0 0 0 0 0 0 1 0 1 1 0 1 1 0 0 1 0 0 0 1 
0 1 0 0 1 1 0 1 0 1 0 0 0 1 1 0 0 0 1 1 0 0 0 1 0 0 0 1 1 1 0 0 0 1 1 1 1 1 1 0 0 1 0 0 1 1 0 1 0 0 1 1 1 1 0 1 1 1 1 0 1 0 1 0 1 0 0 0 
1 1 0 0 1 1 1 0 1 1 1 1 1 1 0 1 1 0 1 1 1 0 1 1 1 0 0 0 0 0 1 0 1 1 1 1 1 1 1 1 0 0 0 1 0 1 1 1 0 1 0 0 0 0 1 1 1 1 1 0 0 1 0 0 0 1 0 0 
1 1 1 1 1 1 1 0 0 1 0 0 1 0 0 1 0 1 0 1 1 0 0 1 0 0 0 1 0 1 1 1 1 1 0 0 0 1 0 0 0 1 0 0 0 1 0 0 0 1 0 1 0 1 1 1 1 1 0 0 1 1 0 0 1 0 0 1 
0 1 0 0 0 0 0 0 0 1 1 1 1 1 1 1 1 0 0 0 0 0 1 0 1 1 0 1 1 0 0 1 1 0 1 1 0 1 0 0 1 1 1 0 0 1 0 1 1 1 1 0 0 0 1 0 0 1 1 0 1 0 1 1 0 0 1 0 
1 1 0 1 0 0 0 1 1 0 1 1 0 0 1 1 1 1 1 1 1 1 0 0 1 1 0 1 1 0 0 0 1 0 1 0 0 0 1 1 0 0 1 0 0 1 1 1 0 0 0 1 1 1 0 0 0 0 0 1 0 0 1 0 0 1 1 0 
1 1 0 1 1 0 1 0 1 1 0 0 1 0 0 0 1 0 1 1 1 0 0 1 1 0 1 1 0 1 0 1 0 1 0 1 1 1 1 0 0 1 0 0 0 1 0 0 0 1 0 1 1 0 1 0 0 0 0 0 1 1 0 1 0 0 1 1 
1 0 0 0 1 0 1 1 0 0 1 1 1 0 0 0 0 1 0 1 1 0 0 1 0 1 0 1 0 0 0 1 0 0 1 1 1 0 1 0 0 0 0 1 1 0 1 0 0 1 1 0 1 1 0 1 0 0 1 1 0 0 1 0 1 0 0 0 
1 1 1 1 1 1 0 1 0 0 1 0 1 1 1 0 0 0 1 0 1 0 1 0 0 0 0 0 1 1 0 1 0 0 0 1 0 0 0 0 0 1 1 1 1 0 0 1 1 0 0 1 1 1 1 0 1 1 1 0 1 0 0 0 0 0 1 1 
0 1 1 1 0 1 0 0 0 0 1 1 0 1 0 1 1 1 1 0 0 0 0 0 1 0 1 1 0 0 1 0 0 1 1 1 0 0 0 0 1 1 0 1 0 1 1 0 0 1 1 1 1 1 1 0 1 1 0 1 1 0 0 0 0 0 0 1 
0 0 1 1 0 1 1 1 1 1 0 0 1 1 0 0 1 0 0 0 1 0 0 1 0 1 0 1 0 1 1 1 0 1 1 0 0 0 0 1 1 1 1 0 1 0 0 1 1 0 0 0 1 0 0 1 0 1 0 0 1 1 1 0 1 1 0 0 
0 1 0 0 0 0 1 0 1 0 1 1 1 0 0 1 0 0 0 1 1 1 1 0 0 0 0 1 0 0 1 1 0 1 1 0 0 1 1 1 0 0 1 0 1 0 0 1 1 0 1 1 0 0 0 1 1 0 1 1 1 0 1 1 1 1 0 0 
0 0 1 0 1 0 1 1 1 1 1 1 0 1 1 0 1 0 1 1 0 1 0 0 0 1 0 0 1 0 0 0 1 0 0 1 1 1 1 0 0 1 0 0 0 1 1 1 0 0 1 0 1 1 0 0 1 0 1 1 0 1 1 0 0 0 1 0 
0 1 1 1 0 0 0 0 1 0 0 0 1 1 0 1 0 0 0 1 1 1 1 1 1 0 0 1 0 1 0 1 1 1 1 1 0 0 1 0 0 1 0 1 1 1 1 1 1 0 0 0 0 1 0 0 1 1 0 0 0 1 0 1 0 0 1 0 
0 0 0 0 0 0 1 0 1 1 1 1 1 1 0 1 0 0 0 1 1 1 1 1 1 1 0 0 1 1 1 1 0 0 0 0 0 1 0 1 1 1 0 1 0 1 0 0 1 0 1 0 1 0 1 0 0 1 1 1 0 0 1 0 0 0 1 0 
1 1 0 0 1 0 0 0 1 0 0 1 1 0 0 1 1 1 1 0 1 1 0 0 0 1 1 1 0 1 0 0 1 1 1 0 1 0 1 1 1 0 0 0 0 0 0 0 1 0 1 1 1 1 0 1 0 0 0 1 0 1 0 1 0 1 1 0 
0 1 0 0 0 1 1 0 1 1 0 1 1 0 1 1 0 0 0 1 0 1 0 0 0 1 0 0 1 0 0 0 0 1 0 0 1 1 0 0 0 0 0 0 0 1 1 0 0 0 0 0 1 1 0 1 0 0 0 0 1 1 0 0 0 0 1 0 
0 1 0 1 0 1 0 0 0 1 0 0 0 0 0 0 1 0 1 0 0 1 0 0 0 0 0 1 1 0 1 0 0 0 0 1 0 1 0 0 1 0 1 0 0 0 0 1 0 0 1 0 0 0 0 1 1 1 0 0 1 1 0 0 1 1 0 1 
0 1 1 0 1 0 1 0 1 0 0 1 0 0 0 1 0 1 0 0 1 0 1 1 1 1 1 0 1 0 0 0 1 1 1 1 0 1 1 0 0 1 1 1 0 1 0 1 0 1 0 0 0 0 1 1 0 0 1 0 1 1 0 1 0 0 0 0 
0 0 0 1 0 0 1 0 0 0 0 1 1 1 1 1 1 1 0 1 1 1 0 1 0 0 0 0 1 1 1 1 0 0 1 1 1 0 1 0 1 1 0 1 0 0 0 1 0 0 1 0 0 0 0 1 1 1 1 0 0 0 1 1 1 0 0 1 
0 1 1 0 1 0 0 0 1 0 0 0 1 0 1 0 0 0 0 0 0 1 1 0 1 1 1 1 0 0 0 1 0 1 0 0 0 1 1 0 1 1 1 1 1 1 0 0 1 1 1 1 0 0 1 0 0 1 1 1 0 0 0 1 1 1 1 0 
0 0 1 1 0 1 1 1 1 1 1 1 0 0 0 1 1 0 0 0 0 0 0 1 0 0 1 1 0 0 1 0 1 0 1 1 0 1 1 1 0 1 0 1 1 1 1 1 0 1 0 0 0 0 0 1 0 0 1 0 1 0 0 1 1 1 0 0 
1 1 1 1 0 0 0 0 1 0 0 1 1 0 1 0 1 0 0 0 0 0 1 1 1 0 0 1 1 1 0 0 1 1 0 1 0 0 0 0 1 1 0 1 1 1 1 0 1 1 1 1 0 1 0 0 1 0 0 1 1 0 0 0 0 0 1 1 
0 0 1 0 1 1 0 0 0 1 1 1 1 0 0 1 0 0 0 1 0 0 0 0 0 0 1 1 1 1 1 0 0 0 1 0 0 1 1 1 1 0 1 0 1 0 0 1 1 1 0 1 0 1 1 0 1 0 1 0 1 1 0 1 1 1 0 0 
1 1 0 1 0 0 0 0 1 1 1 0 1 1 0 0 0 1 1 0 0 0 1 0 1 0 1 1 1 1 1 0 1 0 1 1 0 1 1 0 1 1 0 1 0 0 0 0 0 1 1 0 0 1 1 0 1 0 1 0 1 0 0 0 1 0 1 0 
1 0 1 1 0 1 1 0 1 0 1 1 0 0 1 1 0 0 1 0 0 1 1 1 0 0 0 0 0 1 0 0 0 0 0 1 0 0 1 1 0 0 1 0 1 1 1 1 0 1 1 0 1 0 1 0 1 1 1 0 0 0 0 1 1 0 1 1 
1 1 1 0 1 1 0 1 0 1 0 0 0 0 1 0 0 0 1 1 0 1 0 1 1 0 1 1 1 0 1 0 0 0 1 0 0 1 1 0 0 1 0 1 1 0 1 1 1 0 1 0 0 0 1 1 0 0 1 0 1 0 0 0 0 1 1 1 
0 1 1 1 0 0 1 1 0 1 1 0 0 0 1 1 1 0 1 0 1 0 0 1 1 1 1 1 0 0 0 0 1 0 0 1 0 1 0 1 0 0 1 0 0 0 1 1 1 0 0 1 1 1 0 0 0 1 1 0 1 0 0 0 1 1 0 1 
0 0 1 1 0 1 1 1 0 0 0 1 1 0 0 1 0 1 1 0 1 0 1 0 1 0 0 1 1 0 1 1 1 0 0 1 0 0 0 1 1 0 1 0 1 0 0 0 0 0 1 1 1 0 0 1 0 1 1 0 1 1 1 1 0 0 1 0 
1 0 1 1 1 1 0 0 0 1 0 1 1 0 0 0 0 1 1 0 1 1 1 1 1 0 1 0 1 0 0 0 1 0 0 0 0 1 0 1 1 0 0 1 1 0 1 0 1 1 0 0 0 1 0 1 1 0 0 1 1 0 1 1 0 0 1 0 
0 1 1 1 0 0 1 1 1 0 0 1 0 0 1 0 1 1 1 0 0 1 0 0 0 0 0 0 0 1 0 1 0 1 1 0 0 0 1 1 1 0 1 0 0 1 1 1 1 1 0 0 1 0 1 1 1 0 0 1 1 0 1 1 1 0 0 0 
2 4
0 0 0 1 
0 1 1 1 
1 0 0 0 
0 0 0 1
61 63
1 1 1 0 0 0 1 0 1 1 0 0 1 1 0 0 0 0 1 0 1 0 1 1 0 1 1 0 0 0 1 0 0 0 0 1 1 1 0 1 1 1 1 0 0 0 0 0 1 0 1 1 1 1 1 0 0 1 1 0 1 1 0 
1 1 0 0 1 0 0 1 1 1 1 1 0 0 0 1 1 1 1 1 0 0 0 0 0 1 1 0 0 1 0 1 0 0 0 0 1 1 1 1 1 0 0 0 1 0 1 1 1 0 0 1 1 0 0 1 1 0 0 0 0 0 1 
1 0 1 1 0 0 1 1 0 0 0 1 0 1 1 0 1 0 1 0 0 1 1 1 1 1 1 1 1 0 1 0 1 1 1 1 0 1 1 0 1 0 0 0 0 0 1 1 0 0 1 1 0 0 0 1 0 0 0 0 0 1 0 
0 1 0 0 1 1 0 1 0 0 1 0 1 0 1 0 1 1 1 0 1 1 0 1 0 0 0 1 1 1 1 0 1 0 0 1 1 1 0 1 1 1 1 1 1 1 1 1 0 0 0 0 0 1 0 0 1 0 0 0 0 0 0 
0 0 1 1 0 0 1 1 0 0 0 1 1 0 1 0 0 1 0 0 1 0 1 0 1 0 1 0 0 0 1 0 0 0 1 1 0 0 1 1 1 0 1 1 1 1 0 1 1 0 0 1 1 0 1 1 0 0 1 1 1 0 1 
0 1 1 1 0 0 0 0 0 1 1 1 0 1 1 0 0 1 1 0 1 1 0 0 0 0 1 1 0 1 1 0 0 0 0 1 1 0 1 0 0 0 0 1 0 1 1 0 0 1 0 0 0 1 1 0 1 1 1 1 0 1 1 
0 0 1 0 1 1 1 0 0 1 1 0 0 1 1 0 0 1 0 0 0 0 0 1 0 0 1 0 1 1 1 1 1 1 1 0 1 1 0 1 1 1 0 1 0 1 0 0 0 1 0 0 0 1 1 0 1 0 0 1 1 1 0 
0 1 0 0 0 1 1 0 0 1 1 1 0 1 1 0 0 0 1 1 0 0 0 0 1 0 0 1 1 1 0 0 1 0 0 1 1 0 0 0 0 1 1 1 0 1 0 1 0 1 1 1 1 0 0 1 0 0 0 0 1 1 0 
0 1 1 0 1 1 0 0 0 1 0 1 1 0 1 1 0 0 0 0 0 0 1 0 1 0 0 0 1 0 1 0 1 0 1 0 0 0 1 1 0 1 1 0 1 1 1 0 1 1 0 0 1 1 1 1 0 1 1 1 0 0 1 
0 1 0 1 0 0 0 0 0 0 0 0 1 0 0 1 1 1 1 0 0 0 1 1 1 0 1 0 0 1 0 0 1 1 1 1 0 1 0 1 1 1 1 0 1 1 1 1 1 1 0 0 1 0 1 1 0 0 1 0 0 1 0 
1 0 1 0 1 1 1 1 0 1 0 0 0 1 1 1 0 0 0 1 0 0 1 0 0 0 1 0 1 0 1 1 1 1 1 1 0 1 0 1 1 1 0 0 0 0 1 0 0 0 1 0 0 1 1 0 1 1 0 0 1 0 1 
1 1 1 0 0 0 1 1 0 0 0 1 0 0 0 1 0 1 1 0 1 0 0 1 1 1 1 1 0 1 0 0 1 1 1 0 0 1 1 0 0 0 0 1 0 0 1 0 1 1 1 0 1 1 1 0 0 1 1 0 1 0 0 
1 0 1 0 0 1 1 1 1 1 1 0 0 1 1 1 0 0 0 0 1 0 1 1 0 1 1 0 0 0 0 1 0 0 0 1 1 1 1 0 1 1 0 0 1 0 1 0 0 0 0 1 1 1 1 0 0 0 1 0 1 0 1 
0 0 0 1 0 0 1 0 0 1 0 0 1 0 0 0 1 0 0 0 1 1 0 0 1 1 1 1 0 0 0 1 0 0 1 1 1 1 0 0 1 1 1 0 0 1 1 0 1 1 0 1 1 0 0 1 0 1 1 1 1 1 1 
0 1 1 0 0 0 1 0 0 0 0 0 1 0 1 1 1 0 0 1 1 1 0 1 0 1 1 0 0 0 0 0 0 0 0 0 0 0 0 1 1 1 1 1 1 0 1 1 0 0 1 0 0 1 1 1 1 1 1 1 1 1 1 
0 0 0 0 0 0 1 0 0 0 1 1 1 1 0 1 1 0 0 0 1 1 0 0 0 1 1 0 0 1 1 1 0 0 1 1 1 1 1 1 1 0 1 0 1 1 0 0 1 1 1 1 0 1 0 0 1 0 0 0 1 0 1 
1 1 1 1 0 0 0 1 0 0 0 1 1 1 0 0 0 1 1 1 1 1 0 1 1 1 0 1 0 1 1 0 0 1 0 1 0 0 0 0 1 0 1 0 0 1 0 1 1 0 1 0 0 1 1 1 0 1 0 0 1 0 0 
0 0 1 1 1 1 0 0 0 1 1 1 0 1 0 0 0 1 1 0 1 1 1 0 0 1 1 0 1 1 1 1 1 0 0 1 1 0 0 1 1 0 1 0 0 1 0 0 1 0 1 0 1 0 1 1 0 0 1 1 1 1 0 
1 1 1 1 1 1 0 0 0 0 0 0 1 0 1 0 0 0 1 0 0 0 0 1 1 0 1 1 0 1 1 1 0 0 0 0 1 0 1 1 1 0 1 0 1 1 1 0 1 1 0 0 0 1 0 1 1 0 1 1 0 1 0 
0 0 0 1 1 1 0 0 1 0 0 1 1 0 1 0 1 0 1 1 1 0 0 1 1 0 1 1 1 0 0 0 1 0 1 0 1 1 1 0 0 1 1 1 0 0 0 0 0 0 1 0 0 1 1 1 1 0 1 1 0 1 0 
0 1 1 0 1 1 0 1 0 0 0 0 1 1 0 1 0 0 0 1 0 1 0 1 1 1 0 1 1 0 1 1 1 1 0 0 0 0 0 0 1 1 0 0 0 1 0 1 0 1 1 1 0 0 1 1 1 0 0 1 1 1 0 
0 0 0 0 1 1 1 1 1 1 0 1 1 0 1 1 0 1 0 1 1 0 1 0 1 0 0 1 0 1 0 1 0 0 0 1 1 0 0 0 1 0 1 1 0 1 1 1 0 0 0 0 1 0 1 1 1 0 0 1 1 0 1 
1 1 0 0 0 1 0 1 1 0 0 0 0 0 1 1 1 1 1 0 1 0 0 1 0 1 0 1 1 1 0 1 0 1 1 0 1 0 0 0 0 1 1 0 0 1 0 1 1 1 1 0 1 1 0 1 1 0 0 0 0 0 1 
1 0 1 1 0 1 1 1 1 1 0 0 1 1 0 0 1 0 0 1 0 1 1 0 0 0 1 1 0 1 0 0 1 0 1 1 0 0 1 1 0 1 1 0 0 0 1 0 1 0 1 1 0 1 0 0 0 1 0 0 1 0 1 
1 0 0 0 0 1 0 0 0 1 0 1 1 1 0 1 0 1 0 1 0 0 1 0 1 1 0 1 1 0 1 0 1 0 1 0 1 0 0 0 1 0 0 1 0 0 0 1 1 1 0 0 1 1 1 1 1 0 0 1 1 1 1 
0 1 1 0 1 0 1 1 0 0 1 0 0 0 1 0 0 0 0 1 0 0 1 0 1 1 0 0 1 0 1 1 0 1 1 0 1 1 1 1 1 1 1 1 1 0 0 0 0 1 1 0 0 1 1 1 1 0 1 0 0 0 0 
1 1 1 0 1 0 1 0 0 0 1 1 1 1 1 1 1 0 1 0 0 0 0 1 1 1 0 0 1 0 0 0 1 0 1 1 0 1 0 0 0 0 1 1 1 1 0 0 0 1 0 0 0 0 1 0 1 0 1 1 0 1 1 
1 1 1 0 1 1 1 1 0 1 0 1 0 0 0 0 1 0 0 0 1 1 1 1 1 0 0 1 1 1 0 1 0 1 0 1 0 1 0 0 1 1 1 1 0 1 1 1 0 1 1 1 1 0 1 1 1 1 1 0 0 0 1 
0 0 1 0 1 1 1 0 0 0 1 1 1 1 0 1 1 1 1 1 0 1 1 0 1 1 0 0 0 0 1 0 0 0 0 0 0 1 1 0 1 1 0 1 0 1 0 1 0 0 0 1 1 0 1 1 1 0 0 1 0 1 0 
0 1 1 1 0 1 0 1 0 1 1 0 0 0 1 1 0 1 0 1 0 1 1 0 1 0 1 1 0 1 0 0 0 0 1 0 1 1 1 1 0 0 0 0 1 1 1 1 0 0 0 0 0 1 1 1 1 0 0 1 1 0 0 
1 1 1 1 0 1 0 0 0 0 0 1 0 0 1 0 1 1 0 1 1 0 0 1 0 1 0 0 1 0 1 0 0 1 0 1 1 1 0 1 1 0 1 0 1 1 0 0 0 1 0 0 1 0 0 1 1 1 1 1 0 0 1 
1 0 1 1 0 0 0 1 1 1 0 0 0 0 0 1 0 1 0 0 0 0 0 1 0 1 1 1 0 1 1 1 1 1 0 1 1 1 0 1 0 1 1 0 0 1 0 1 1 1 0 1 1 0 1 0 0 1 0 0 1 0 0 
0 1 1 0 1 1 1 1 1 0 0 1 0 1 0 0 1 0 1 0 1 1 0 0 0 0 0 1 1 0 0 1 1 0 0 0 1 0 1 1 1 0 1 1 0 1 0 1 1 0 0 1 1 1 0 0 0 0 0 0 1 1 0 
1 1 0 0 1 0 1 1 0 1 0 0 1 1 1 0 0 0 1 0 1 1 0 1 0 0 0 1 1 1 1 1 0 0 1 0 1 0 1 1 0 0 0 1 0 1 0 1 1 0 1 1 1 1 0 0 0 0 1 0 0 0 1 
1 0 0 1 1 1 0 0 1 0 1 0 1 1 0 1 0 1 0 1 0 0 1 0 1 1 0 1 0 0 0 0 0 1 1 1 1 0 1 1 1 1 1 1 0 1 1 0 0 0 1 0 0 1 1 0 1 0 0 0 0 1 0 
0 1 1 1 1 1 0 0 0 0 0 0 0 1 0 1 0 1 1 1 1 1 1 0 1 0 0 0 0 0 1 1 1 0 0 1 0 1 1 0 1 0 0 1 1 1 1 1 0 0 1 0 1 0 1 1 0 0 0 0 1 0 1 
0 1 0 1 1 0 0 0 1 0 0 1 0 1 1 1 1 1 0 0 0 0 0 1 1 0 1 1 0 0 0 1 1 1 1 1 0 0 0 1 1 0 0 0 1 1 1 0 0 0 1 1 0 1 1 1 1 0 0 1 0 0 1 
0 0 1 1 0 1 0 1 1 1 1 1 1 0 1 0 0 0 1 0 1 0 1 0 0 0 0 1 0 0 1 1 1 1 1 0 1 1 1 1 0 1 0 0 1 0 0 1 0 0 0 0 1 0 0 1 1 0 1 1 0 1 0 
0 0 0 0 0 1 0 1 1 1 1 0 0 1 1 0 1 0 0 1 0 1 0 0 1 0 0 0 1 0 1 1 1 0 1 1 1 1 1 1 1 1 1 1 0 0 1 0 1 0 0 0 0 1 1 1 0 0 1 0 1 0 0 
0 1 0 1 0 0 1 0 1 0 1 0 1 1 1 1 1 1 1 0 0 1 0 1 0 1 0 0 0 0 1 1 1 1 1 1 0 0 0 0 1 0 0 0 1 1 1 1 1 0 1 0 0 1 1 0 1 0 1 0 0 0 0 
1 1 1 0 0 0 0 1 1 0 0 1 1 0 1 1 0 1 1 0 0 1 0 0 0 0 0 1 1 1 1 0 0 1 0 1 0 1 1 0 1 0 0 1 0 1 1 0 0 1 0 1 1 0 1 1 0 0 0 1 1 0 1 
0 0 1 0 1 0 1 1 1 1 0 0 0 1 1 0 0 1 0 1 0 0 0 0 0 0 1 0 1 1 0 0 1 1 0 0 1 1 0 1 0 0 1 1 0 0 1 0 1 1 0 0 1 0 0 1 0 1 1 1 1 0 1 
1 1 1 0 1 1 0 0 1 1 0 1 1 0 1 0 1 0 1 0 1 0 0 0 1 1 1 0 0 0 0 1 1 1 1 1 1 0 1 0 0 1 0 0 1 1 1 0 0 0 1 1 0 0 0 1 1 1 1 1 0 1 0 
1 1 1 0 0 1 0 1 0 0 0 1 1 0 1 0 1 0 1 1 0 1 0 1 1 0 0 1 1 0 0 0 0 0 1 0 1 1 0 0 1 1 1 1 0 1 1 1 0 0 1 1 0 0 1 1 0 1 0 0 0 0 1 
0 1 1 0 1 1 1 1 1 1 0 0 1 1 0 0 0 1 1 0 0 0 1 0 0 0 1 1 0 0 1 1 0 0 0 1 1 0 0 0 0 0 1 1 0 0 1 0 1 1 1 0 1 1 1 0 0 1 1 1 1 0 0 
1 1 1 0 0 0 1 0 1 1 0 0 0 0 1 1 0 1 1 1 1 0 1 1 0 0 1 0 1 0 1 1 0 0 1 0 0 0 0 1 1 1 0 1 1 1 1 0 0 0 0 1 0 0 1 1 0 1 1 0 1 0 0 
0 0 1 1 1 1 0 1 1 0 1 0 1 1 0 1 0 0 1 0 0 1 1 0 1 0 0 0 1 0 0 0 1 1 0 1 0 1 1 0 1 0 0 0 0 1 1 1 0 1 1 0 0 0 0 1 0 1 1 0 0 1 0 
0 0 0 1 1 1 0 1 1 0 0 1 0 0 1 0 0 1 1 1 0 1 1 1 1 0 1 1 1 0 1 1 1 0 0 0 0 0 1 0 0 1 0 1 0 1 0 0 0 0 1 1 0 1 0 1 0 1 1 1 0 0 1 
0 1 1 0 0 0 0 0 1 1 1 1 1 0 0 0 1 0 1 0 1 0 0 0 0 1 0 0 1 1 0 1 1 1 0 0 0 1 1 0 1 1 0 1 0 1 1 1 1 0 1 1 1 0 0 1 1 0 0 1 0 1 0 
0 1 0 1 0 1 1 0 0 1 0 1 1 1 1 1 1 1 1 1 0 1 1 0 1 0 0 0 0 1 1 1 0 0 0 1 0 0 0 1 0 1 0 0 1 0 0 0 1 0 0 1 0 1 0 0 0 1 1 1 0 1 1 
1 0 0 0 1 1 1 0 0 1 1 0 1 1 0 1 0 1 1 0 1 1 1 1 0 0 1 0 0 0 1 0 1 1 0 1 1 1 1 0 1 1 1 1 0 1 1 0 0 0 0 1 0 1 0 0 0 0 0 1 0 0 0 
1 0 0 1 1 0 0 0 1 0 0 0 0 0 0 1 1 1 0 1 1 1 0 0 1 1 0 1 1 0 1 0 0 1 0 1 1 1 1 1 1 1 0 1 1 1 0 0 1 0 0 0 1 0 0 0 0 0 1 1 0 1 1 
0 0 1 1 1 0 0 0 0 0 0 0 1 0 0 0 0 1 1 1 1 0 1 1 1 0 1 0 0 0 1 0 0 1 1 0 1 0 1 1 1 1 1 1 0 1 1 1 0 1 0 1 1 1 0 0 1 0 1 0 0 0 1 
0 1 0 0 0 1 0 0 1 0 0 1 1 1 0 1 1 1 1 1 0 0 0 0 1 1 0 0 0 0 0 0 1 0 1 1 0 1 1 0 0 1 1 0 0 1 1 1 1 0 0 0 0 1 0 1 1 1 0 1 1 1 1 
1 0 0 1 1 0 1 0 1 0 0 0 0 0 1 1 1 1 0 0 0 1 0 0 0 1 1 1 1 0 1 0 1 1 1 1 1 0 0 0 1 0 0 1 0 0 0 1 1 0 0 1 0 0 1 0 1 1 1 0 1 1 1 
1 0 1 0 1 1 0 1 0 1 0 0 0 1 0 0 0 1 0 1 0 0 0 1 0 1 1 0 1 1 0 0 1 1 1 0 0 0 1 1 1 0 0 1 1 0 1 1 0 0 1 0 1 0 0 1 0 1 1 1 0 1 1 
0 0 1 1 1 0 0 0 0 1 1 0 0 0 1 0 1 0 0 1 1 0 1 1 1 1 0 0 0 0 0 1 0 1 1 1 1 1 1 0 1 0 1 1 1 0 0 0 0 1 0 0 1 1 0 1 1 1 0 0 1 0 1 
0 0 0 0 0 0 1 1 1 1 0 1 0 1 1 0 0 0 0 1 1 1 1 0 1 1 0 1 0 1 0 1 0 0 1 1 1 0 1 1 1 0 0 1 1 0 0 1 1 0 0 0 1 0 1 0 0 0 1 1 1 0 1 
0 0 1 0 0 1 1 0 0 1 0 1 0 1 0 1 0 1 0 0 1 0 1 0 0 1 0 0 1 0 1 1 1 1 0 1 0 0 0 1 0 1 1 0 0 1 0 1 0 1 1 1 1 0 1 0 1 1 1 1 0 1 0 
1 1 1 0 1 1 1 1 1 1 0 1 0 1 0 1 0 0 0 0 0 1 1 0 1 0 1 0 1 0 1 1 1 1 0 1 0 1 0 1 0 1 0 0 0 1 0 0 1 0 0 1 0 0 1 0 0 0 0 1 1 0 1 
1 0 1 0 1 1 1 1 0 0 0 1 0 1 0 1 0 1 1 0 0 1 1 1 1 0 0 0 0 1 1 1 0 1 1 1 1 1 1 1 0 1 1 1 0 0 1 0 1 1 0 0 1 1 0 0 1 1 1 1 1 0 1 
0 1 0 1 1 0 0 0 1 1 0 1 1 1 1 1 1 1 0 0 1 0 1 1 0 0 0 1 0 1 1 1 0 0 0 0 0 0 1 0 0 1 1 0 0 0 1 1 0 0 1 1 1 1 1 0 0 0 1 1 0 0 0 
1 0 1 0 1 1 1 1 1 1 1 0 1 1 1 1 0 1 1 1 0 0 1 0 0 0 1 0 0 0 0 1 0 0 0 0 0 1 0 0 1 1 0 1 1 1 1 1 0 0 0 0 0 0 0 1 0 0 0 1 1 1 1 
0 0 0 0 1 0 1 1 1 1 0 1 0 1 1 0 0 0 1 0 1 1 1 1 1 0 1 1 0 0 0 1 0 1 0 1 0 1 0 0 1 0 0 1 0 1 1 0 1 1 0 0 0 1 1 0 1 0 1 1 0 0 1 
0 1 1 0 1 0 1 1 1 0 0 1 1 0 0 0 0 0 1 1 0 1 0 0 1 1 0 1 1 0 1 1 0 0 0 0 0 1 0 1 0 1 0 1 1 0 1 0 1 0 0 1 1 0 1 0 1 1 0 0 0 1 1 
0 1 1 1 1 0 0 0 1 0 1 1 1 0 0 1 0 0 1 0 0 0 1 1 1 0 1 1 0 0 0 0 0 0 0 0 1 1 0 1 1 0 0 0 1 0 1 1 1 1 1 0 0 1 1 1 0 1 0 0 1 1 1 
0 0 1 1 1 1 0 0 1 0 1 0 0 0 1 0 0 1 1 0 0 1 0 1 0 1 0 0 0 1 1 1 0 1 0 0 1 1 0 1 0 0 0 1 0 1 0 0 1 1 0 1 1 1 1 0 1 1 1 1 1 0 0 
0 1 0 1 0 0 0 0 1 1 1 1 0 1 0 0 0 0 1 1 1 1 0 1 0 1 0 1 0 0 1 0 0 0 1 1 0 0 0 1 1 0 0 1 1 0 1 0 1 0 0 0 1 1 1 1 1 1 1 0 1 0 0 
1 1 0 1 1 0 0 0 0 0 0 1 1 1 0 0 0 0 1 1 1 1 0 0 1 1 1 0 0 1 0 1 0 1 0 0 1 0 0 1 0 0 1 0 1 1 1 0 0 1 1 1 1 1 0 1 1 0 1 0 1 1 1 
1 1 0 1 1 1 0 0 1 0 1 1 1 0 1 0 0 1 1 1 1 0 1 0 0 0 1 1 1 1 0 0 0 0 1 0 1 0 0 1 0 1 0 0 1 0 0 1 0 0 0 0 1 0 1 0 0 1 0 1 1 1 1 
1 1 1 0 0 0 1 0 0 1 0 1 1 1 0 1 1 1 0 1 0 1 1 0 0 1 1 1 1 1 1 0 1 0 0 0 0 1 0 0 0 0 1 1 0 0 0 0 1 0 0 1 0 1 0 1 1 0 0 1 0 0 1 
0 0 0 1 0 0 0 1 1 1 1 1 1 1 0 1 1 0 0 0 0 0 0 1 0 1 0 1 0 0 0 0 1 0 1 1 0 0 1 1 0 1 0 0 1 1 1 1 1 0 1 0 0 0 1 1 1 1 1 0 1 0 0 
1 0 1 0 1 0 0 0 1 1 0 1 0 0 1 1 0 0 0 1 1 1 0 0 1 0 0 1 0 0 0 1 0 1 1 1 0 1 1 1 0 1 0 1 1 1 0 0 0 0 1 0 1 1 0 1 1 1 0 0 0 1 1 
0 0 0 0 1 0 0 1 1 1 1 0 1 1 1 1 0 0 0 1 0 0 0 1 0 0 1 1 0 1 1 1 0 0 1 1 1 0 1 1 0 1 1 1 0 0 1 1 0 0 1 0 0 0 1 0 0 0 1 1 1 0 0 
1 0 0 1 0 0 1 0 0 0 0 1 0 0 1 1 1 1 1 0 0 1 1 1 0 1 1 1 0 1 1 1 0 0 1 1 1 0 1 0 0 0 1 1 0 1 0 0 0 0 1 0 1 1 0 0 0 0 0 1 0 1 1 
0 0 0 0 1 0 1 0 1 1 0 1 0 0 1 0 1 1 1 0 0 1 0 0 0 1 1 1 1 1 0 1 1 1 0 1 0 0 1 1 1 1 0 0 0 0 1 1 1 0 1 1 0 1 0 0 0 1 0 1 0 0 0 
0 0 0 0 0 1 0 1 1 1 0 0 1 0 1 1 0 1 1 1 1 1 1 1 0 1 0 0 1 1 1 1 0 0 1 1 0 0 0 0 0 0 0 0 1 1 1 0 0 0 1 0 0 1 1 0 0 1 0 1 0 1 1 
1 0 1 0 0 0 1 0 1 1 1 0 0 1 0 0 0 0 0 1 0 1 0 1 0 0 1 1 0 0 1 1 0 0 1 1 0 0 1 1 1 0 0 1 0 1 1 1 0 1 1 0 0 1 1 1 1 0 0 0 1 1 1 
0 0 1 0 0 0 1 1 0 0 1 0 1 1 1 0 1 1 1 0 0 0 0 0 1 0 1 1 1 1 0 0 1 0 0 1 1 0 1 1 1 0 0 1 1 0 1 1 0 1 1 1 0 0 1 1 1 1 0 1 0 1 1 
0 1 1 0 1 1 1 0 0 0 0 0 0 1 1 1 1 0 1 1 0 0 0 1 0 1 0 1 1 0 1 1 0 1 0 0 0 1 0 0 1 0 0 1 0 0 0 0 1 0 1 0 1 1 0 1 1 1 1 1 0 1 0 
0 1 1 1 0 0 1 0 0 0 0 0 0 1 0 0 1 0 1 1 1 1 0 1 0 0 1 0 1 0 0 1 0 0 1 0 1 1 1 1 1 1 0 0 0 0 0 1 1 1 1 1 1 1 0 0 1 1 0 0 0 0 1 
0 0 1 0 0 1 1 1 1 1 0 0 1 1 1 0 0 1 0 0 0 0 0 1 0 0 1 0 0 1 1 1 0 0 1 0 0 0 0 0 0 1 1 1 0 1 0 1 1 1 0 1 1 1 1 0 1 0 0 1 1 1 1 
1 0 0 1 1 1 1 1 0 0 0 1 0 1 1 0 1 0 0 1 0 1 0 0 1 0 1 0 0 0 0 1 0 1 1 1 1 0 0 1 0 1 0 1 1 1 1 0 1 0 0 0 0 0 0 0 1 0 1 1 0 0 1 
0 0 1 1 0 0 1 1 1 0 0 1 1 1 1 1 1 0 1 1 1 0 0 0 1 0 1 1 1 1 1 0 0 1 0 0 1 1 0 0 1 0 0 0 1 0 1 0 1 1 0 0 0 0 0 0 0 0 0 0 1 1 1 
0 0 0 1 0 0 0 1 1 0 0 0 1 0 0 1 1 0 0 0 0 0 1 1 0 0 1 1 0 1 0 1 1 1 1 1 0 0 0 0 0 1 1 0 1 1 0 1 0 1 1 1 1 0 1 1 1 1 0 1 0 1 0 
0 0 0 1 0 1 0 0 0 0 1 1 0 1 0 0 1 0 0 1 1 0 1 0 1 1 0 0 0 1 0 1 0 1 1 1 1 1 1 0 1 0 0 1 1 1 1 1 1 0 0 1 0 1 0 1 0 0 1 0 0 0 1 
1 0 0 1 1 1 0 0 1 0 1 1 0 0 0 1 1 0 1 0 0 0 1 0 0 0 1 0 0 1 1 1 1 1 1 0 1 1 0 0 0 1 1 1 1 0 0 0 0 1 0 1 0 1 1 0 1 0 0 1 0 1 1 
1 0 1 0 0 1 0 0 0 1 0 1 0 1 0 0 0 1 1 1 1 0 0 1 1 1 1 0 1 0 1 1 1 0 0 0 1 0 1 1 0 0 0 1 0 0 1 0 1 1 1 1 0 1 1 1 0 1 0 0 0 0 0 
1 0 1 1 1 0 1 1 0 0 0 1 1 0 1 0 1 0 0 0 0 0 1 0 1 1 1 0 0 0 1 0 1 0 0 1 1 0 0 1 0 0 0 0 0 0 1 0 0 0 1 0 1 0 0 0 1 0 0 0 1 0 0 
0 0 0 0 0 1 1 1 1 0 0 1 1 1 0 1 1 1 1 0 0 0 0 1 0 0 1 1 0 1 1 0 0 1 0 1 0 1 0 0 0 0 1 0 0 0 0 1 1 1 1 0 1 0 1 0 1 1 1 0 1 1 1 
1 0 1 1 1 0 0 0 1 1 0 1 1 1 0 0 1 1 1 0 1 0 1 1 1 0 0 0 1 0 1 0 1 1 1 0 1 0 1 0 0 0 1 0 0 0 1 1 0 0 1 0 1 1 1 0 0 0 0 0 0 1 1 
1 0 1 0 1 1 1 1 1 1 0 1 0 1 1 1 1 0 1 0 1 0 0 1 1 1 0 0 1 1 0 0 0 0 0 1 0 1 1 1 0 0 0 1 0 0 0 0 1 0 0 1 1 1 0 0 0 0 0 0 1 1 0 
1 1 0 1 1 0 1 1 1 0 0 1 1 1 0 1 1 1 1 0 1 0 1 0 0 0 0 1 0 1 1 0 0 0 1 1 0 1 0 0 0 0 1 1 1 0 0 0 0 1 0 0 0 0 1 1 0 0 1 1 1 0 0 
1 0 1 0 0 0 1 1 0 1 1 1 0 1 1 1 0 1 0 0 0 0 0 1 0 1 0 1 0 1 0 0 1 0 1 1 1 1 0 1 0 0 0 0 0 0 0 1 1 1 0 1 0 1 0 1 0 1 1 1 0 0 1 
0 0 1 1 0 1 0 1 1 0 1 0 1 0 1 0 1 1 1 1 1 0 0 0 1 1 0 1 0 0 1 1 0 1 0 0 0 0 0 0 1 1 1 0 0 0 1 0 0 1 1 0 1 0 1 0 1 0 1 0 0 1 1 
1 0 0 0 1 1 1 1 1 1 1 1 0 0 0 1 1 1 1 0 1 1 0 0 0 1 0 0 0 1 1 1 1 0 0 0 1 0 0 0 1 0 1 1 0 0 1 1 0 1 1 0 1 0 0 0 1 0 0 0 1 1 0 
0 1 1 1 0 0 1 0 1 0 0 1 0 1 1 1 0 1 1 0 1 0 0 1 0 0 1 0 0 1 1 0 0 1 1 1 0 0 0 0 1 0 0 1 0 0 1 1 0 1 1 1 1 0 1 1 0 1 0 0 0 1 1 
0 0 1 0 0 1 0 1 0 0 1 1 0 1 0 1 1 1 1 1 0 1 0 1 0 0 1 0 1 0 1 0 1 1 0 1 0 1 1 1 0 1 0 0 1 0 0 0 0 0 0 0 0 1 0 1 1 1 0 1 1 0 1 
0 0 0 1 1 1 0 1 0 1 0 1 1 0 1 0 1 1 1 0 0 0 1 1 0 1 1 1 1 0 0 1 1 1 0 1 1 0 0 0 0 0 1 0 1 0 1 0 0 0 0 1 0 1 1 1 0 1 0 0 1 0 1 
1 0 1 0 1 1 1 0 1 0 1 1 0 1 1 1 1 1 0 0 1 0 1 0 0 1 1 0 1 0 1 0 1 1 0 0 1 0 0 1 1 0 0 0 1 0 0 0 0 1 0 1 0 1 1 0 0 0 1 1 0 1 0 
0 1 1 0 0 1 0 1 1 1 1 1 1 0 0 1 0 1 1 1 0 1 0 0 1 0 0 1 1 1 1 0 1 1 0 0 1 0 1 0 0 1 0 0 0 0 0 0 1 0 0 0 0 1 1 1 0 1 0 1 0 0 1 
1 0 0 1 1 1 1 1 1 0 1 0 0 0 1 0 1 1 1 1 0 0 0 1 1 0 0 0 1 1 1 0 1 0 0 0 1 1 0 1 0 0 1 1 1 1 1 0 0 0 0 1 0 0 0 1 1 0 1 0 0 0 0 
1 0 0 1 1 1 0 1 1 1 0 1 0 1 0 0 1 1 1 0 0 1 0 1 0 0 1 1 0 0 0 0 0 0 1 1 0 0 0 0 1 0 1 1 0 1 1 1 1 1 0 1 1 0 0 1 1 0 1 0 1 1 0 
1 1 1 0 0 0 1 0 0 1 1 0 0 1 0 1 1 0 1 0 0 0 0 1 0 0 1 0 0 0 1 0 0 1 0 0 1 1 1 1 0 1 0 0 0 1 1 0 0 1 1 0 1 1 0 0 0 1 0 1 0 1 0 
0 1 0 0 1 1 0 0 1 1 1 0 0 1 0 1 0 1 0 1 1 1 1 1 0 0 0 1 0 0 1 0 1 1 1 1 0 0 0 0 0 0 0 1 0 1 0 1 1 1 0 0 0 1 1 0 0 0 1 1 1 1 1 
0 1 0 1 1 1 0 1 1 0 0 1 0 1 1 0 1 0 0 0 0 1 1 1 0 0 0 1 0 0 1 1 0 1 0 0 1 0 1 0 0 0 1 0 0 1 1 1 1 1 0 0 1 0 1 1 1 0 1 1 0 0 0 
0 0 1 1 1 1 0 0 0 0 0 0 0 0 0 1 0 0 1 1 1 1 1 0 1 1 1 0 1 0 1 0 0 0 1 1 1 1 0 0 0 0 0 0 1 1 0 1 1 1 1 1 1 0 1 1 0 0 0 1 0 1 1 
1 1 1 1 1 1 0 0 0 1 1 0 1 0 0 1 0 0 0 0 0 1 1 0 1 0 1 1 1 0 1 0 1 0 1 0 1 1 1 1 0 0 1 0 0 1 0 0 1 0 1 1 0 0 0 1 1 1 1 0 0 1 0 
0 0 1 1 1 0 1 1 0 0 1 0 0 0 0 0 1 0 0 0 1 1 0 1 0 0 0 0 1 0 0 1 1 1 1 0 1 1 1 1 1 1 1 0 0 0 0 0 0 1 0 0 1 0 0 1 1 1 1 0 1 1 1 
1 1 1 1 1 0 1 0 1 1 1 0 0 1 0 0 0 1 1 1 0 1 1 0 1 0 1 0 0 1 1 0 1 0 0 0 1 1 0 0 1 1 0 0 1 1 1 0 0 0 1 0 1 1 0 0 0 0 0 0 0 1 0 
0 0 1 0 1 0 0 0 0 1 1 1 0 0 1 1 1 0 0 0 1 1 0 1 1 1 0 0 0 1 0 1 1 1 0 0 0 0 0 0 0 1 1 1 0 1 0 1 0 1 0 0 0 1 1 1 1 1 0 1 0 1 1 
0 1 1 1 1 0 0 1 1 1 0 0 0 0 0 0 0 0 0 1 0 0 1 1 0 1 0 1 0 0 1 0 0 0 1 0 1 0 1 1 0 1 1 1 1 0 1 0 0 0 0 1 0 1 1 0 1 1 1 1 0 1 1 
1 0 1 0 1 0 1 0 0 0 1 0 0 0 1 0 1 1 1 1 1 0 1 1 1 0 0 1 1 0 0 0 0 0 1 1 0 1 1 0 0 1 1 1 0 1 0 0 1 0 0 1 0 1 1 0 0 0 0 0 1 1 1 
0 0 1 1 0 0 1 1 0 1 0 0 1 1 1 0 1 1 0 1 0 1 1 0 0 1 0 1 1 0 0 0 0 1 1 0 0 1 1 1 1 0 0 1 0 0 0 0 0 0 0 1 1 1 1 0 1 0 1 1 0 1 0 
0 0 0 1 0 0 0 0 0 1 0 0 0 1 0 1 1 0 1 0 0 1 1 0 1 0 1 0 1 1 0 1 1 0 0 0 1 1 1 0 0 1 0 1 1 1 1 0 1 1 0 1 0 1 0 1 0 1 0 1 0 1 1 
0 1 1 0 1 0 0 1 0 1 0 0 0 1 1 1 0 0 0 1 0 1 1 1 1 1 1 0 0 1 0 1 1 0 0 0 0 1 0 1 1 0 1 0 1 0 1 0 1 1 1 0 1 0 0 0 1 0 1 1 0 1 0 
0 1 0 1 1 0 1 1 0 0 0 1 1 0 1 1 0 1 0 1 1 1 0 1 1 0 0 0 1 1 1 1 0 0 0 0 1 0 1 0 0 0 0 1 1 1 0 0 0 1 1 0 0 1 1 0 1 1 0 1 0 0 1 
0 0 0 0 0 1 1 1 0 1 0 0 1 1 1 0 0 1 0 0 1 1 0 1 1 1 1 1 0 0 0 0 0 0 1 1 1 1 1 1 0 0 0 1 1 0 0 1 1 0 1 0 1 1 0 0 0 0 0 1 1 1 0 
1 0 0 0 0 1 0 1 0 0 1 0 0 0 1 0 1 1 0 1 1 1 0 0 1 0 1 0 0 1 0 1 0 1 1 1 0 0 0 0 0 1 1 1 0 1 1 1 1 0 1 0 1 0 1 0 0 0 1 1 1 0 1 
0 0 0 0 0 1 1 1 0 0 1 0 1 0 1 0 0 1 1 1 0 0 0 1 0 0 1 1 1 0 0 1 0 0 0 0 1 1 0 0 1 1 1 1 1 0 0 1 1 0 1 1 1 0 0 1 1 1 0 1 0 1 1 
1 0 0 1 1 0 0 1 0 1 1 1 0 0 0 1 1 0 0 1 1 0 1 1 0 0 0 0 0 0 1 0 1 0 0 1 0 0 1 0 0 1 1 1 1 1 1 0 0 1 1 0 0 0 1 1 1 1 1 0 1 0 0 
1 1 1 0 1 1 1 0 1 0 1 1 1 1 0 1 0 1 1 1 1 1 0 0 0 0 1 1 0 1 0 1 1 1 0 1 1 1 1 1 1 1 1 0 1 1 0 0 0 0 1 1 1 1 0 0 0 1 0 0 0 0 1 
