900 2900
778 801 61
351 752 72
521 607 18
67 524 96
782 363 -59
381 690 45
276 189 86
635 543 -62
290 239 -28
148 292 32
254 410 74
308 838 53
76 283 70
251 763 -58
131 19 -76
554 152 -51
679 90 -76
436 679 21
696 36 -39
267 12 35
241 840 97
144 723 -67
794 375 73
413 781 55
360 77 -44
498 119 -2
665 516 -20
245 794 -23
440 677 87
653 516 26
7 200 -32
760 403 12
892 870 65
371 584 72
889 42 -39
38 491 75
645 437 -85
333 84 8
430 370 42
497 475 -57
805 138 11
467 622 -62
673 847 50
736 566 6
190 734 -20
601 296 37
550 759 -28
387 634 -2
338 829 62
878 810 69
348 487 -57
882 343 -32
51 91 -20
842 656 -64
411 309 9
218 98 -70
191 714 -40
667 75 -61
245 703 87
68 359 -55
671 13 -10
853 404 71
647 321 -2
870 190 10
334 801 -73
641 224 58
779 348 -12
32 312 4
283 40 84
6 612 7
665 830 6
350 753 10
327 343 24
219 67 73
578 23 69
759 754 -76
347 658 84
16 383 26
352 115 -55
289 180 -21
823 202 8
519 569 -85
667 213 -80
153 248 -1
266 476 -57
488 33 -7
771 872 -25
637 495 -49
694 250 40
138 750 73
283 448 49
241 29 -68
37 409 43
849 668 -63
317 704 -64
90 18 -11
567 497 -80
225 422 17
490 354 27
354 673 15
628 320 -53
295 344 90
519 669 -51
42 281 -65
623 39 32
123 45 22
572 177 25
31 169 -25
346 679 49
785 280 70
849 512 62
490 592 -45
116 182 -70
365 492 -47
294 732 78
231 305 86
888 893 -8
800 492 60
893 346 10
568 505 -12
666 405 -54
285 203 59
613 329 44
602 325 42
720 334 22
483 232 -77
39 153 33
571 594 57
583 75 2
484 225 -15
688 557 -20
801 351 89
859 835 84
200 688 -18
289 551 58
344 478 40
845 665 89
190 259 -14
591 112 90
523 159 -62
748 542 53
226 560 86
146 842 59
129 353 -1
826 754 83
850 679 -56
558 25 -34
569 793 18
447 90 74
126 672 77
596 360 74
624 827 -48
464 84 -30
36 804 4
362 145 46
719 245 -52
531 739 -31
114 101 -41
505 519 77
402 813 -70
219 360 -21
867 38 -31
412 884 -84
650 183 36
180 236 73
178 490 -78
322 499 11
719 630 16
193 46 23
516 646 10
134 612 -7
212 325 75
219 262 77
501 440 -5
579 571 -16
793 876 -29
505 589 32
201 590 -27
794 18 70
259 387 -25
756 394 -56
610 789 36
192 671 80
228 146 26
703 826 -7
358 569 18
493 155 60
209 123 -61
737 99 -40
455 875 -15
861 678 11
106 642 25
12 888 -42
199 586 5
825 95 41
300 125 -76
213 478 -59
65 302 -32
802 491 20
549 21 10
461 531 -45
441 148 86
595 57 24
519 562 -26
561 817 -61
823 774 20
773 629 -69
592 664 60
298 511 42
568 393 70
353 108 -75
79 726 65
479 217 -31
56 150 -73
77 788 91
358 876 0
351 784 91
745 624 70
669 837 89
660 749 -76
739 685 -82
833 79 41
478 64 21
897 896 -41
479 605 17
529 563 35
85 601 41
529 44 2
151 214 20
536 592 52
37 411 25
147 357 39
280 389 -51
555 721 -10
445 773 -2
363 402 -9
309 896 -78
120 65 89
11 757 -29
207 197 25
70 252 -80
402 577 3
616 544 72
610 54 -2
443 196 44
500 574 -44
825 479 -17
789 623 -62
483 5 -80
248 39 -15
416 343 -1
209 110 37
633 330 22
130 338 -78
491 633 65
582 666 -78
333 172 -1
592 448 -54
312 492 -10
449 573 -47
189 304 45
126 262 10
433 222 -31
550 513 -35
715 4 -48
562 685 15
110 664 54
138 333 19
651 798 74
129 256 -19
499 776 40
601 387 -11
252 560 86
821 330 74
647 239 -16
886 198 -41
336 304 19
885 192 -69
770 262 -66
563 338 83
39 683 -15
539 500 -56
620 36 -39
671 212 61
723 559 -1
373 305 48
505 784 94
103 679 28
549 898 75
18 367 -67
433 699 -53
39 895 -81
56 401 -25
14 84 80
338 899 20
483 564 58
31 542 32
570 626 -10
243 672 -25
676 363 12
238 210 16
569 470 -32
395 14 -59
32 849 21
346 267 31
301 785 72
128 37 -49
823 446 -24
283 780 63
103 439 -27
809 24 96
504 780 -63
389 326 55
79 98 72
780 536 0
568 665 28
34 857 38
203 99 -74
432 698 47
571 197 14
301 444 31
738 490 25
505 741 -20
235 494 -32
345 601 3
441 724 37
405 255 37
448 209 43
807 290 -72
432 395 78
43 403 56
621 860 17
20 774 78
465 596 -41
181 842 39
880 767 -79
514 619 -41
371 728 -54
763 273 -36
839 234 21
595 328 -51
694 148 -21
373 49 31
836 456 -15
651 346 74
287 164 92
634 709 70
832 774 -12
755 351 86
828 49 23
765 847 71
180 714 -59
500 640 65
456 190 -35
660 62 42
316 437 -55
250 292 -30
699 461 44
863 572 59
373 294 50
889 675 -52
57 714 77
369 73 71
147 450 -9
326 25 55
571 564 92
389 785 -4
16 35 64
129 433 85
610 3 -63
317 142 39
476 527 31
585 140 -70
555 73 42
700 861 -19
247 11 -39
567 539 -13
507 520 57
344 359 11
140 241 -26
660 704 -1
74 418 32
809 621 -38
379 461 78
414 71 27
864 863 58
669 334 -13
784 577 -59
340 841 11
508 104 22
598 462 -83
499 573 18
673 605 28
295 382 -19
228 520 7
349 500 80
58 86 33
257 892 15
651 711 -13
247 132 43
311 213 28
217 331 -9
279 600 -61
757 26 26
96 549 36
45 450 32
899 463 -41
584 626 -4
661 603 55
799 233 61
108 382 62
213 437 -8
526 880 -42
157 139 -4
417 369 -56
140 48 -62
393 334 -77
46 822 34
216 405 -41
554 166 40
736 429 9
68 386 70
238 353 32
66 145 -13
12 366 -19
645 213 -69
430 883 -78
69 254 69
774 529 -56
68 437 30
798 754 68
250 726 86
857 740 48
218 463 -25
483 602 28
228 655 -60
359 202 39
581 508 -6
611 347 26
213 120 91
898 109 75
274 754 -7
311 359 -52
351 505 -2
750 333 -42
806 571 -48
881 344 1
563 706 72
506 264 -24
61 640 -43
548 713 -31
563 214 -59
351 665 50
249 520 -11
620 421 -70
66 268 63
359 446 -3
67 472 54
266 163 27
677 892 7
394 48 -26
67 690 35
762 89 3
497 819 -51
638 78 -14
603 249 12
400 527 -52
723 324 -51
466 570 40
190 141 86
342 611 -47
738 143 30
183 492 -58
803 459 32
831 729 -59
721 873 25
899 465 -42
522 672 -18
347 307 85
214 787 0
653 813 -51
347 183 2
39 236 12
761 898 -25
806 544 -48
733 781 -69
644 731 47
877 10 38
424 487 -3
473 553 2
682 28 44
900 416 36
532 408 -16
382 598 -55
650 586 40
196 235 -30
535 309 15
228 526 -30
442 362 66
362 900 65
540 821 33
40 204 -39
148 250 69
613 618 -77
203 354 59
558 589 -40
719 394 -46
709 767 19
581 152 52
51 361 14
493 72 2
475 447 87
160 627 -23
39 521 -1
349 364 81
345 735 89
76 123 91
224 501 29
126 854 -11
19 624 -15
453 575 -53
229 445 7
53 888 -20
399 669 45
223 508 92
776 849 58
560 374 -45
4 651 61
576 736 65
157 614 -23
872 260 47
691 212 83
202 541 50
811 477 -77
776 39 -51
447 245 16
91 693 -64
128 794 46
164 136 39
676 415 42
376 152 9
31 131 13
444 339 89
449 841 38
651 265 -72
486 808 -85
381 67 22
826 140 -30
69 372 78
446 202 42
355 574 19
892 259 54
646 635 -59
544 207 -3
258 715 -80
658 163 39
893 539 -63
778 149 -12
655 484 0
785 835 -29
426 137 85
568 793 -14
299 145 -53
29 254 -8
732 15 88
640 410 -28
375 629 -51
120 408 -1
458 505 -49
297 258 18
215 445 29
739 151 61
846 167 -45
223 580 7
556 21 29
92 891 80
47 845 -23
25 402 -7
758 483 47
105 883 75
112 647 -37
728 405 63
57 596 -68
564 221 -77
235 564 -57
727 764 38
758 616 -38
208 110 -63
267 6 82
401 615 -26
154 889 14
105 760 37
125 810 -71
197 758 -21
720 179 -39
864 555 77
146 675 82
775 473 -49
500 447 23
588 202 -76
661 343 75
416 249 -17
439 715 -77
587 95 61
637 853 -40
347 853 -62
667 588 -48
793 646 26
288 595 34
278 500 52
37 896 -57
244 481 -22
436 822 87
687 264 -79
142 594 7
709 2 21
40 451 50
442 141 28
560 574 49
106 382 -65
531 692 32
13 221 60
498 746 3
696 544 22
657 886 -40
790 640 -44
36 479 -72
155 811 -41
680 247 18
855 54 0
340 776 -52
781 136 72
61 630 -19
332 137 -32
424 277 74
326 182 -10
744 105 61
838 319 -39
146 811 39
642 202 79
106 198 2
845 358 17
116 724 40
119 563 59
169 603 -78
172 111 63
588 57 -7
764 143 31
623 683 7
382 458 -82
384 363 -60
527 658 25
13 691 4
192 738 -74
690 645 -66
321 408 -66
67 408 -35
785 797 -62
259 761 -46
233 885 -52
608 749 -38
824 488 68
579 405 -19
278 4 38
674 487 9
472 532 -60
342 849 -60
641 775 0
39 800 36
389 334 75
570 879 -67
98 214 -48
869 308 81
384 250 83
882 675 30
529 288 64
688 124 -47
73 851 7
682 744 83
209 636 -23
292 531 29
61 719 -23
120 788 -31
29 497 33
517 814 -28
61 267 43
406 170 -11
190 523 -41
389 543 -25
660 33 -8
199 786 -72
247 612 -82
254 552 -57
438 828 -48
143 230 13
741 598 88
872 753 -5
588 774 -67
704 488 4
279 440 51
194 168 -21
584 221 -48
648 790 -24
314 437 47
270 253 15
385 606 13
46 759 56
306 119 81
590 729 52
203 40 -32
47 646 45
373 352 61
48 459 3
609 774 41
622 542 33
380 889 65
791 527 19
855 236 7
480 582 -16
573 672 -79
810 822 -83
58 429 -2
328 79 -70
83 790 4
475 4 68
502 56 82
862 568 -55
703 368 75
194 412 91
483 747 28
279 430 84
632 806 4
535 411 16
752 589 -45
668 495 37
789 707 29
48 30 36
584 419 88
746 202 66
781 144 -82
212 162 -14
830 558 33
15 390 12
30 128 -70
885 371 38
89 508 49
469 140 44
505 116 39
543 481 -56
710 234 -53
519 8 51
273 517 -79
37 453 -29
560 157 -69
835 845 87
35 819 49
25 399 -51
367 394 37
735 836 12
513 366 -78
852 41 -55
350 188 38
607 610 12
49 523 -4
468 247 -37
406 581 1
790 719 -25
337 339 18
461 739 -81
666 564 32
92 193 35
334 246 -43
33 162 63
623 489 -75
570 631 -61
759 89 34
18 103 87
337 778 -69
853 312 25
117 632 4
128 309 -26
104 350 40
468 554 97
15 442 -76
278 392 81
722 535 16
492 573 -33
507 603 62
593 514 3
635 741 25
358 22 67
454 342 69
47 676 58
388 273 -9
263 303 32
22 669 -15
77 234 84
247 406 34
172 693 52
410 539 29
679 743 -11
685 676 -7
688 780 30
298 443 71
50 486 70
366 258 -28
740 63 -5
775 791 -11
431 365 -68
554 351 90
353 425 6
184 730 -36
522 814 42
103 366 24
17 890 39
531 382 -35
300 801 -21
221 233 14
594 424 92
165 882 64
224 313 69
746 291 8
331 504 -10
761 352 68
401 552 -78
451 331 24
714 239 47
826 790 4
792 24 -78
35 254 65
436 18 -80
380 249 -68
257 781 80
231 370 40
42 627 50
284 443 -57
789 650 77
522 770 1
671 162 47
401 475 -35
707 112 -74
244 301 -12
191 532 -29
620 428 -20
714 302 42
516 363 20
59 302 82
72 869 22
291 563 60
622 493 -57
543 835 -19
809 576 -7
486 137 -37
45 283 -30
27 783 62
56 30 38
299 455 59
443 564 -49
381 57 -81
574 497 40
314 98 -10
892 599 -44
87 324 43
177 424 -67
141 732 -20
436 423 30
866 305 18
147 242 -1
254 241 86
844 238 43
235 417 27
144 259 69
439 271 73
380 268 -42
577 195 -79
895 191 7
135 845 44
485 75 10
752 784 19
492 240 -57
61 258 25
526 19 80
396 39 -10
290 623 32
372 245 73
169 889 60
397 195 36
144 400 -70
305 49 -21
587 36 64
579 197 -10
829 647 95
893 703 -3
148 458 -67
534 303 27
663 623 -13
459 654 -66
786 39 -61
609 288 49
866 313 -54
442 225 36
461 657 65
688 203 78
453 654 56
870 828 -43
330 323 34
19 31 84
734 898 -65
475 500 66
193 206 -39
6 850 13
425 187 -9
857 63 28
427 257 -5
276 197 42
232 233 80
671 102 -76
759 652 9
257 601 47
423 756 -77
433 692 -40
528 723 15
524 180 -49
431 87 -24
76 566 51
600 512 9
219 489 75
639 379 -27
332 249 69
743 891 79
537 28 -46
709 80 -69
572 196 0
657 79 -78
732 352 -52
241 539 20
21 400 14
37 374 -40
425 8 -28
845 399 30
826 229 -26
570 419 80
234 75 -26
740 136 -27
398 457 26
295 519 -74
666 894 -71
381 770 86
778 693 -73
198 686 -63
213 57 23
552 560 26
486 880 -31
244 534 -84
72 603 -39
670 384 50
487 729 -40
495 800 -29
595 706 16
772 883 72
420 306 13
415 516 -53
381 854 -8
110 451 11
53 436 -1
135 244 -54
787 79 -4
756 651 -36
613 737 67
36 608 -11
545 506 44
617 760 -23
388 763 28
664 421 75
283 99 42
421 5 39
745 50 -59
763 611 -40
807 449 71
1 740 -82
655 740 -10
305 456 55
324 556 26
221 579 18
501 868 -71
731 110 -44
223 303 94
32 682 -53
718 127 -57
776 449 36
793 685 49
462 845 -14
136 426 -39
509 29 33
20 478 54
85 709 82
16 861 57
264 58 -17
256 292 21
871 526 51
782 669 -79
550 237 -37
852 670 81
305 870 9
850 12 -45
543 845 63
495 107 -48
446 833 -76
568 351 -14
668 340 84
891 237 31
339 260 -51
551 610 3
278 241 91
761 427 15
322 551 -6
29 819 -29
327 656 -4
433 823 45
134 46 -28
803 678 -71
416 656 -28
681 808 -3
562 113 39
88 536 43
56 245 38
598 783 -25
500 367 3
215 798 62
534 91 83
816 666 80
806 729 48
225 194 81
562 47 -52
201 831 84
358 783 67
664 504 -30
543 41 24
759 138 -1
481 755 90
871 880 3
601 628 54
531 210 -25
484 228 77
21 599 50
360 583 7
221 232 -61
239 895 10
149 835 40
495 849 44
643 120 82
900 167 -63
346 93 65
302 408 -47
599 723 -35
63 735 -30
209 765 84
852 505 30
22 862 44
553 841 -30
498 151 -28
797 188 38
238 8 5
389 872 -59
204 688 4
495 404 84
690 561 -63
249 343 25
675 38 84
733 305 -83
627 542 -8
715 497 -54
271 267 -34
44 156 28
732 259 -67
396 495 55
698 822 2
295 529 92
781 426 25
369 877 72
732 507 89
360 854 85
134 754 -56
752 384 29
576 716 -70
452 23 62
647 17 -54
14 103 -51
741 300 -40
699 359 71
650 388 39
58 530 1
537 347 25
768 512 90
398 682 67
287 373 -10
754 46 40
895 243 75
761 373 12
760 841 -66
679 271 32
412 146 -54
112 495 95
312 452 36
419 443 4
282 299 -40
551 180 -76
278 245 78
459 445 97
267 445 -63
859 593 78
805 754 -64
192 5 59
705 557 2
66 412 79
159 898 15
80 795 -35
6 698 19
768 404 74
873 176 -46
643 817 16
116 334 -37
870 427 -48
530 184 -59
626 494 77
282 889 71
208 764 -52
161 500 -30
18 630 28
849 789 -63
407 266 24
795 220 -38
771 149 -35
85 109 46
531 106 29
633 450 76
470 568 63
94 124 -88
896 82 -23
886 692 -34
50 296 -82
563 463 48
289 800 71
897 315 -37
586 537 -11
81 383 -1
594 570 6
56 640 68
20 531 -55
247 580 -55
28 473 88
374 695 32
468 534 -36
791 473 -41
764 749 71
290 248 71
793 195 -61
789 663 -35
240 517 41
871 225 -11
331 102 69
740 225 -3
87 775 40
36 221 79
505 280 -17
808 296 -58
516 830 30
114 89 -23
46 223 48
149 91 11
283 576 -74
295 353 6
798 30 -78
149 227 -75
172 612 -31
896 535 70
175 9 -2
221 729 93
354 174 -48
388 476 49
741 653 26
765 174 -33
619 750 -47
762 114 35
217 727 -44
816 178 -64
555 831 12
639 79 28
700 509 27
174 230 58
339 41 -33
869 282 21
700 278 49
672 302 -37
227 91 93
670 363 -7
867 576 14
12 223 74
533 790 -26
323 45 -9
514 468 -51
676 784 57
181 745 -70
285 331 88
352 34 40
229 140 -6
767 836 42
282 416 -41
834 292 21
538 772 -38
516 589 17
569 676 47
101 333 -4
551 807 17
174 45 -79
117 620 -74
538 763 -37
839 338 -10
389 753 -70
560 175 -58
261 370 -19
462 116 63
674 177 77
508 580 -83
241 500 -36
731 40 -74
259 352 20
47 182 -20
758 620 2
17 817 -75
760 324 27
710 59 -44
204 429 -58
287 709 63
722 16 -72
332 604 86
299 327 -22
287 413 2
130 588 -61
460 131 -54
613 7 69
617 723 57
752 505 -72
404 251 85
715 367 -46
487 336 -50
566 429 3
517 457 -53
773 140 -5
593 132 -55
829 690 84
81 509 65
888 258 -1
430 601 80
823 213 60
539 56 -58
66 655 -63
362 477 35
217 173 33
367 475 -58
221 631 -11
3 290 8
725 662 64
774 706 45
383 535 65
750 759 -57
849 449 -8
470 25 73
584 212 -32
430 556 -66
603 880 -84
19 827 -64
341 664 12
219 583 -25
770 398 2
18 585 81
213 338 17
785 195 22
584 255 -29
327 604 25
825 885 75
343 228 -27
434 780 73
856 174 -11
607 573 48
595 609 -64
315 535 76
214 198 -14
18 533 72
549 600 -80
690 398 41
525 111 -28
197 221 -1
250 739 -34
91 525 -30
243 707 76
697 316 83
463 64 -19
307 553 -63
523 767 77
73 424 -38
327 712 -73
421 479 -36
107 492 66
564 863 51
446 311 68
185 483 -12
309 69 -40
571 298 78
47 793 20
736 184 -52
891 26 38
378 369 -82
727 673 88
23 606 59
48 819 -63
239 398 64
681 63 21
507 661 9
533 258 -2
626 729 51
449 668 -46
111 26 -61
32 625 52
598 425 94
497 355 -40
476 650 -69
850 172 46
150 411 11
609 198 -65
552 128 76
469 843 40
701 27 -35
778 301 -3
700 48 88
136 477 94
511 419 41
815 200 -45
211 581 54
629 367 -2
220 257 74
527 365 -76
338 126 97
336 255 -51
635 785 -39
428 216 92
837 129 69
293 416 77
231 400 -51
822 850 3
736 705 54
335 485 44
699 292 -33
707 32 43
771 152 -30
893 840 13
459 392 39
476 87 0
488 728 -10
498 129 -61
158 141 -3
794 140 70
459 241 43
764 587 73
137 165 91
562 462 -58
483 864 56
688 45 7
132 468 6
659 583 81
178 728 28
310 502 89
511 873 55
31 455 -26
799 847 -51
307 430 93
677 109 40
798 229 -35
716 889 3
100 868 -21
504 731 44
335 595 37
610 321 -67
637 43 30
439 92 34
283 536 62
238 598 -51
453 122 -29
650 776 -55
375 893 60
347 641 69
130 829 -20
646 286 -23
273 512 41
164 740 70
676 462 -50
27 858 3
448 792 68
334 397 -87
807 672 -61
629 651 47
276 728 -34
825 488 75
719 888 54
792 705 -68
462 577 49
516 845 -60
410 629 -21
401 392 61
893 773 -39
865 716 -16
85 144 -11
113 665 -28
293 507 -10
49 427 -16
576 319 -70
285 434 -55
691 824 -45
588 408 57
763 431 45
67 683 85
625 586 8
78 356 9
493 327 -35
421 587 -35
823 64 27
685 458 2
18 719 15
275 279 -53
299 884 -49
640 719 30
515 437 -2
496 838 -78
862 295 82
842 165 -60
231 501 -32
146 745 -55
240 786 50
335 465 25
847 421 13
895 788 -81
786 205 -68
574 509 -14
277 196 -23
701 720 -44
164 828 -84
610 236 2
20 129 -60
175 310 -6
714 583 -74
424 443 5
394 459 -28
897 700 22
315 35 50
617 658 17
773 567 -1
119 106 -23
429 777 -19
88 209 73
634 352 62
815 285 -46
392 30 13
812 45 44
270 239 -59
586 853 -60
427 781 71
168 827 14
319 435 30
462 589 57
245 18 49
808 293 89
713 283 -3
38 860 49
816 377 -29
887 883 42
292 353 9
420 148 -11
851 378 18
482 820 87
344 314 54
836 442 1
24 736 -42
193 805 58
364 392 30
185 176 74
351 280 -16
710 381 5
648 439 -9
149 125 21
46 612 25
349 35 -29
210 461 89
567 90 17
369 729 -20
563 75 80
863 417 48
845 593 -81
535 37 -6
267 297 -24
881 437 90
754 395 87
665 646 -17
586 744 -32
386 391 -39
794 97 44
19 282 47
676 670 19
825 13 68
518 416 29
748 146 -73
472 120 -75
398 321 -26
410 30 10
719 258 50
338 156 -86
732 109 -79
862 382 58
353 291 73
488 421 -40
465 657 -37
342 476 11
441 326 -54
328 335 32
593 301 -22
436 103 3
83 893 12
141 781 -70
353 20 77
498 222 -22
30 651 25
623 205 21
354 52 -8
606 795 85
44 881 3
645 218 -61
83 53 48
168 603 46
635 402 66
514 166 76
100 324 -18
49 709 58
477 167 -27
557 592 86
663 236 10
677 296 64
93 12 4
31 730 64
796 358 1
768 578 51
871 712 18
323 506 -15
768 499 -53
666 696 -72
726 151 -57
21 224 6
495 625 88
770 39 38
205 855 12
564 162 -81
129 187 -19
440 427 89
665 462 -64
802 319 -76
248 28 71
186 446 -76
597 226 -64
562 701 -16
85 413 28
109 735 84
407 549 26
854 219 -44
423 798 -58
361 246 72
646 166 -76
58 812 23
318 503 -73
794 394 31
759 534 61
132 84 -72
549 772 -71
317 216 22
556 224 33
439 193 68
656 811 53
861 175 -37
515 272 -66
85 373 8
638 674 -78
605 704 75
590 189 17
19 327 -24
422 477 50
238 531 44
58 204 59
207 212 41
819 897 -32
515 386 44
369 419 24
552 16 -48
886 222 -35
259 677 -35
319 748 -53
675 282 -8
78 348 -3
437 272 -70
840 258 12
772 849 -68
794 629 7
148 531 57
752 382 66
41 300 27
517 551 -30
800 340 88
730 802 57
507 137 -33
479 488 96
42 118 88
221 298 75
824 799 72
163 760 -69
349 139 -84
280 166 -35
31 882 -46
428 197 62
170 797 45
718 12 16
346 366 46
209 688 -40
408 489 40
705 777 -70
147 40 6
47 516 38
193 366 -26
202 609 -18
684 391 84
34 190 -19
119 609 48
209 7 20
570 674 80
553 87 22
329 688 -22
274 423 -8
220 307 -53
596 44 -40
749 725 -1
713 618 -54
196 863 -49
177 235 -52
846 520 22
818 698 48
140 893 57
522 503 -66
111 376 70
597 128 58
14 271 -3
495 786 1
562 720 -58
360 561 66
41 135 9
151 787 20
737 688 -42
479 192 28
508 303 8
441 516 -16
364 469 31
819 309 3
403 841 -77
34 740 73
805 271 -44
439 743 40
132 680 -57
359 515 90
396 672 -57
723 761 85
526 656 37
118 860 22
281 416 6
493 656 -48
432 138 67
759 368 -76
276 232 -23
678 70 17
289 398 16
247 91 80
267 53 6
590 564 40
337 389 -6
153 814 -6
74 140 86
344 156 33
113 292 79
568 782 85
125 464 -72
458 665 -2
642 156 56
636 545 -52
49 109 19
377 232 5
424 877 41
284 356 4
821 548 94
540 542 -73
511 579 -78
743 53 5
46 26 57
148 393 -29
164 49 -71
30 401 -60
142 201 22
103 258 -11
782 844 -7
208 815 -75
809 557 89
422 66 77
712 146 84
478 684 -17
744 199 37
609 20 -30
624 507 -70
450 792 38
7 86 -74
109 313 -61
571 816 -20
316 311 -68
81 535 53
32 610 -80
289 107 60
485 899 31
610 770 -32
502 409 29
102 490 -52
313 528 -70
218 839 29
503 321 31
761 866 36
881 119 -20
414 55 38
674 78 71
89 580 -31
524 322 41
430 427 48
145 655 -38
159 85 45
160 576 50
563 787 -58
596 515 58
21 430 56
543 771 -6
355 409 8
275 96 -68
180 262 -36
789 312 66
47 785 -63
218 667 75
221 671 -40
69 597 18
234 788 12
561 126 25
125 543 42
737 94 -4
248 702 -5
508 750 -13
230 738 -39
369 863 17
352 709 18
525 508 -10
558 670 -17
342 307 61
776 789 -19
531 295 -13
401 372 -7
657 151 -81
341 608 88
639 291 42
792 173 79
219 338 -27
41 149 -62
763 403 35
705 708 -82
581 750 -25
595 446 -82
261 795 -48
145 880 -55
556 159 80
113 353 85
463 684 -58
470 337 -17
637 473 47
557 792 89
727 820 -42
857 870 -62
2 294 -48
635 514 -84
552 175 -31
671 824 -62
263 152 87
868 163 59
617 407 8
141 733 -5
835 179 57
596 899 91
152 114 -67
660 428 1
253 855 22
169 542 53
551 702 3
577 635 -56
450 323 -19
841 789 -80
578 365 17
496 264 37
854 269 2
443 189 -79
11 395 -6
54 814 20
560 82 -82
34 225 68
281 869 33
310 552 56
185 894 -69
736 545 21
294 85 -46
512 365 -25
708 812 65
496 88 55
576 802 10
492 841 52
730 627 -27
221 894 -23
575 383 40
845 796 18
70 897 -14
534 104 41
302 3 32
382 198 70
386 67 82
263 172 -38
240 789 26
59 706 -50
224 723 6
182 569 33
518 282 77
317 799 -55
521 890 -73
461 306 -73
888 679 34
188 149 -27
233 729 87
453 409 71
43 347 10
789 322 -11
829 57 -48
657 314 4
252 310 18
394 229 51
862 783 -32
523 413 6
317 579 6
787 461 13
491 613 93
155 542 42
96 279 16
648 83 -24
198 531 -15
195 872 -72
624 299 15
896 575 -27
770 489 -74
875 154 81
158 34 -61
609 787 -49
195 286 59
98 288 43
571 233 22
40 737 7
81 896 -18
844 402 -54
57 485 -10
863 419 7
278 81 -77
817 218 -4
545 264 12
744 273 23
857 734 -77
40 448 -32
518 19 34
518 390 -39
707 457 -62
217 192 60
176 747 -46
646 796 -46
375 798 60
801 179 21
754 743 -23
70 37 7
338 667 72
54 191 -73
2 34 3
409 418 84
487 177 83
306 106 64
508 619 31
774 787 -87
131 627 30
62 616 -56
172 859 69
194 871 -63
843 497 -63
50 781 -77
815 354 60
299 249 -17
447 469 16
658 87 -46
647 524 48
628 866 -48
518 155 97
741 830 62
254 150 -30
41 334 91
271 395 82
763 183 -22
734 735 79
567 229 13
775 275 83
212 564 70
359 20 -20
73 419 -48
703 719 -29
4 37 -78
597 510 42
895 54 84
392 803 -51
81 175 -16
390 249 51
663 270 -11
295 739 -9
392 394 5
238 187 17
335 751 17
262 302 25
267 140 -79
274 878 79
29 4 37
661 846 30
693 104 38
31 282 -28
254 97 91
159 649 -34
609 44 -22
100 307 -4
579 620 -34
580 750 73
494 487 18
428 728 -17
632 405 -59
429 636 80
692 256 -64
170 680 -32
812 545 1
816 544 35
377 255 84
131 838 78
316 714 55
780 200 0
175 453 26
295 222 48
561 218 -69
346 61 -12
293 526 6
393 833 90
52 737 -65
421 33 37
113 210 74
372 552 -66
284 831 -48
832 219 69
355 475 -5
384 353 63
29 161 71
173 738 -40
97 893 83
340 273 17
843 651 -3
337 505 64
423 648 -39
654 69 -41
419 487 4
725 341 -33
301 397 64
39 610 13
365 517 -83
331 110 -22
117 594 0
438 80 -52
23 512 -6
248 800 14
35 654 47
110 147 -35
223 612 -18
721 851 63
25 813 -81
397 835 -31
725 488 91
303 874 0
405 171 -66
177 877 -25
309 509 14
639 686 -55
270 318 14
796 830 76
770 855 33
416 327 -19
880 168 44
897 411 39
881 129 -74
522 67 -78
573 248 -21
195 543 -34
233 660 -48
516 286 -17
166 568 82
16 374 32
884 526 -19
754 53 -26
427 426 93
796 47 17
898 287 46
4 700 -79
398 524 22
596 726 -14
670 441 -6
47 598 87
403 23 -14
271 648 -49
627 467 32
187 8 -10
425 292 -2
763 449 -79
526 1 42
336 511 34
77 817 59
390 343 69
379 834 -26
768 855 -72
439 297 0
347 492 -63
191 408 -58
176 212 -88
44 98 30
397 166 42
241 447 -17
506 450 48
334 635 -31
396 668 19
341 731 15
328 751 45
203 547 73
725 331 -38
340 553 49
786 607 -54
253 39 16
673 451 -51
828 426 85
781 456 38
589 724 48
446 77 67
291 531 -46
242 45 -30
391 359 -73
743 368 26
704 466 72
479 664 -23
270 322 43
356 348 -4
791 273 -66
349 695 -30
181 526 -66
564 424 57
629 309 -70
749 504 -65
186 328 -49
68 59 92
286 519 82
651 497 -62
461 295 -67
879 579 31
877 348 17
260 195 43
788 706 -53
213 219 49
810 750 -2
146 484 -87
69 766 -41
728 317 92
183 637 -14
358 246 -25
337 577 91
94 209 13
628 2 19
446 529 -2
856 147 -57
222 657 88
293 1 45
48 629 9
120 234 -37
178 671 55
438 2 41
507 362 -2
759 891 -27
325 369 24
37 252 -74
71 576 79
136 836 -10
150 722 2
859 406 18
828 287 9
39 54 9
701 458 27
233 806 45
537 760 71
846 884 6
349 742 -43
27 246 -31
668 312 69
579 117 43
56 459 3
286 393 88
146 655 -80
461 187 -72
40 764 54
613 40 56
730 169 -88
681 827 95
45 448 3
209 731 85
734 370 -40
711 140 49
431 183 -65
314 726 -19
514 481 -32
851 471 9
566 820 84
742 560 41
166 462 43
326 246 -28
529 272 25
495 347 89
737 285 -22
22 793 -34
333 850 -40
513 237 4
17 829 -20
513 333 28
573 452 88
790 394 -73
589 577 4
858 685 72
731 664 -1
657 659 -3
636 174 72
707 611 70
70 128 51
207 816 -10
54 153 31
323 545 -56
304 806 -29
814 663 -15
588 59 34
296 80 -56
222 823 80
174 792 -13
768 32 20
448 633 -35
459 215 67
43 841 -18
852 339 -14
717 283 -39
388 312 -41
616 662 -8
710 561 -21
686 222 83
263 125 83
272 596 31
285 727 52
151 222 8
394 265 -54
825 671 84
182 195 -20
320 427 -8
321 239 -16
866 159 -73
454 452 13
244 263 -82
833 129 2
228 332 -40
818 53 -39
738 731 43
240 253 -25
603 412 70
485 609 -80
501 385 -50
500 128 -41
662 731 -79
389 835 -46
355 552 -44
340 611 10
246 182 23
12 274 10
798 679 63
582 424 12
174 547 68
20 726 42
329 40 25
570 197 -43
548 123 -8
877 176 -63
685 402 -25
707 253 -66
479 644 -58
92 61 -45
98 699 -80
458 782 56
597 81 -21
865 627 -16
665 635 -78
219 839 -12
826 648 36
59 191 84
842 228 -61
616 173 -74
52 230 24
843 418 -31
53 258 -21
527 641 8
462 351 25
671 620 26
313 144 14
327 624 23
120 561 -2
574 69 -60
454 578 10
493 414 87
361 468 -59
852 470 -7
187 20 96
885 804 -13
832 563 -34
526 225 -49
669 589 19
238 148 -6
682 672 -76
498 202 63
452 625 23
29 128 -3
682 107 -18
589 793 -24
645 120 15
114 693 2
363 862 43
439 893 9
749 230 -24
674 73 59
646 741 -39
590 602 17
615 374 -73
576 184 5
598 458 -19
798 274 80
575 742 63
544 691 -50
664 354 14
574 245 83
281 380 62
343 518 -17
124 323 73
167 1 59
584 443 87
171 696 62
637 403 77
798 445 -26
405 584 70
383 678 47
131 730 61
722 597 -7
297 375 -54
874 333 -56
747 806 8
566 434 31
367 497 -4
548 848 -82
568 783 27
786 841 66
405 232 -45
605 451 -70
61 193 88
770 107 46
36 547 -74
53 719 -69
740 293 47
344 465 90
60 563 71
626 185 3
244 468 -36
194 526 -20
135 376 -67
290 408 -87
78 424 -51
664 738 -25
893 14 84
536 688 -7
654 500 78
275 224 -21
203 636 -55
24 434 -12
670 793 -44
263 698 -69
145 745 -14
119 657 72
141 709 -63
93 83 -68
618 548 93
822 172 43
683 776 85
407 586 -77
47 339 -24
477 518 47
174 536 -58
731 192 48
125 859 -56
869 882 1
630 567 -17
305 601 -11
900 1 3
191 269 -46
155 154 52
868 87 -37
107 396 10
146 390 -40
166 260 -39
345 795 -57
707 610 -51
69 35 8
197 142 48
10 356 -10
633 86 14
481 771 59
94 450 0
698 534 80
415 670 -24
36 879 65
125 337 81
215 127 62
675 416 -54
645 890 60
264 812 6
86 123 10
99 780 28
826 410 -74
183 32 -46
667 3 84
886 833 -62
244 554 52
893 754 61
104 51 67
50 546 26
347 32 -53
447 30 23
866 634 -17
484 145 53
521 112 -4
207 162 18
538 224 60
736 838 -83
370 761 4
626 631 -43
430 549 -60
365 96 92
746 214 -7
676 351 -25
805 612 -12
707 668 -16
757 805 4
713 496 -34
362 871 -11
184 812 94
364 29 -31
71 622 -33
768 776 -17
672 289 8
842 319 94
133 650 -3
372 150 -40
346 274 66
457 663 4
450 99 -33
827 281 67
2 190 -28
80 261 12
733 732 -8
185 631 -51
669 598 53
798 711 -82
34 767 0
898 892 34
338 561 73
157 597 69
581 301 50
325 298 -21
485 643 10
719 773 -7
659 823 9
97 418 -10
659 485 77
93 652 91
25 113 45
859 152 65
833 498 65
501 775 -73
516 470 -57
71 455 -62
703 161 -80
243 522 -4
501 431 -73
613 705 4
58 496 -14
527 403 -8
790 392 -80
727 792 4
45 329 32
678 9 -47
83 718 71
365 28 -49
863 594 -70
611 786 -54
146 455 76
648 585 16
875 380 29
661 168 9
538 307 24
220 430 40
516 326 -40
61 394 -70
185 216 -3
557 708 -79
415 505 -74
749 488 86
820 613 -17
837 420 32
357 174 15
156 202 26
446 684 16
297 651 -64
812 540 -82
111 170 24
548 88 -12
504 40 -37
506 848 -74
606 599 75
703 193 82
764 450 -56
85 49 40
409 69 -50
378 831 -35
70 349 19
117 863 82
566 264 34
763 23 14
791 133 -71
775 538 -2
402 286 -21
450 283 -61
773 245 -44
709 294 -23
446 79 -37
670 782 59
475 48 75
771 813 59
771 468 -55
690 120 -62
893 436 33
704 5 -8
671 571 41
737 738 52
319 627 2
446 391 91
269 788 -29
255 632 38
568 339 -54
744 760 92
436 718 28
117 758 -74
423 718 3
207 62 17
607 3 -52
524 39 19
607 54 5
802 76 12
601 866 6
289 770 9
483 544 -25
784 686 39
780 717 -14
227 89 -3
507 50 -47
329 636 -3
143 792 -54
816 162 30
352 50 86
856 765 24
727 99 -58
554 27 73
260 406 -84
288 20 -66
868 307 18
109 190 36
705 330 -1
193 172 89
561 532 28
877 480 -22
158 121 -12
543 188 -17
121 426 -45
465 726 -56
31 622 -1
509 500 67
242 217 85
580 263 69
822 223 18
816 602 90
161 773 46
895 408 -48
671 894 15
743 888 -21
837 458 -46
132 170 -15
289 396 64
6 743 -67
446 198 -46
525 125 40
276 162 34
254 469 81
254 819 -14
515 202 -41
376 508 -44
632 620 -69
804 162 67
526 661 -3
402 676 11
855 492 82
30 367 -31
226 453 51
427 345 36
707 800 -32
263 757 -68
652 104 91
893 229 -34
857 871 53
763 868 54
519 363 -33
636 448 -4
834 384 -19
172 134 -22
393 425 76
521 672 -29
898 599 -17
46 436 -56
590 816 -67
613 264 -22
853 768 5
17 710 14
340 133 20
411 35 -33
534 680 -12
180 3 12
304 212 -66
899 697 -57
417 721 -31
411 574 36
417 474 44
856 536 -74
521 240 36
656 249 18
457 573 49
900 268 49
230 451 -38
706 386 36
478 881 -33
495 270 -83
81 309 65
792 329 -34
411 500 72
262 120 -24
302 521 79
345 34 68
780 24 -39
831 873 2
268 390 -79
889 748 -51
171 799 41
532 588 -69
794 215 63
551 800 21
428 579 67
855 153 28
495 199 85
433 596 44
363 635 -72
177 721 -70
470 635 6
338 64 -49
461 353 -61
405 233 21
49 261 -3
576 429 62
688 727 65
53 757 94
98 563 8
785 246 38
365 403 66
371 608 -70
838 429 89
282 131 48
344 272 25
428 178 -48
136 546 32
358 458 80
242 40 8
885 758 29
166 543 -40
435 622 -63
664 173 21
12 533 -45
457 112 -10
244 525 -37
77 288 2
467 867 36
30 394 6
30 4 -35
702 682 27
678 502 28
3 683 39
608 894 57
782 830 -52
398 396 54
367 803 -17
617 105 -49
548 727 64
166 339 11
187 250 43
398 472 -15
580 822 -13
267 432 47
117 582 78
497 278 -32
845 858 30
583 316 40
379 44 92
711 30 8
880 63 -13
63 781 -83
540 184 0
383 475 72
80 220 -76
201 594 -10
57 314 -71
279 887 -29
772 404 -22
93 61 -66
880 50 -21
219 186 -49
509 56 65
87 512 -5
863 877 55
563 77 37
851 235 -32
8 306 21
359 198 -55
166 389 -9
678 29 71
473 606 84
46 366 -41
674 117 -73
299 72 24
462 286 26
794 29 -35
495 768 21
635 399 29
858 665 70
240 396 2
487 378 70
318 702 29
778 785 57
662 691 26
885 212 71
449 492 -5
186 316 55
68 886 -65
656 72 60
89 810 37
734 85 -47
337 669 81
14 533 -61
332 66 51
280 558 93
45 7 58
639 609 84
629 447 13
464 652 -51
644 208 66
723 892 92
147 285 -21
159 734 96
492 682 -44
578 512 55
370 649 -74
799 102 -66
1 661 -36
655 745 29
868 528 43
133 772 53
232 804 1
466 197 -4
41 796 61
703 30 -78
94 143 90
11 14 -76
799 804 -15
36 255 90
269 890 44
435 308 -24
204 283 -34
468 84 -78
894 466 53
845 876 15
859 878 -82
802 848 29
193 436 -34
216 666 22
5 587 -61
232 824 -47
339 741 31
631 885 -32
848 264 59
8 642 90
407 868 -2
177 10 7
42 38 73
297 14 91
38 435 4
770 112 14
426 34 7
365 786 -65
321 302 -16
41 771 -19
649 501 16
235 570 -85
512 454 -53
753 514 29
503 126 -22
437 202 -41
355 861 -45
24 124 -28
445 97 -42
612 718 -47
672 524 29
130 667 -14
409 510 -6
95 102 -37
744 476 78
253 290 -32
334 108 85
131 72 -74
368 893 -62
773 206 76
35 265 82
819 861 -31
25 280 -40
237 757 -2
143 95 90
100 641 -14
830 402 -16
521 770 -11
817 328 -76
63 34 -50
482 118 -72
101 805 -27
361 182 84
837 238 28
83 469 -78
307 760 -27
611 625 29
367 48 8
501 723 -16
779 831 -61
265 803 4
871 456 -65
646 22 24
366 445 -74
665 720 -65
819 150 -9
443 511 -34
469 90 68
501 898 41
5 824 -40
38 821 88
138 550 39
116 783 7
832 886 -77
134 267 -83
377 36 -4
829 302 69
530 820 73
748 154 53
306 692 59
529 746 -18
607 39 2
567 840 62
422 603 83
6 585 -78
147 200 -14
797 508 -40
882 282 21
166 755 -17
566 491 -30
374 896 -14
347 600 21
203 209 -26
77 186 33
240 54 -15
483 162 -24
423 46 39
438 426 31
90 651 -31
309 700 -14
229 48 -76
261 438 51
449 107 -75
101 698 -34
479 587 13
697 465 29
44 64 68
538 324 9
592 547 82
626 594 9
516 862 61
681 486 84
460 848 71
223 237 7
551 398 -35
162 197 15
389 179 11
60 106 -17
362 158 -26
553 454 -40
277 443 -68
774 386 79
210 382 0
798 297 8
48 574 -46
541 583 35
3 248 78
819 367 66
273 133 -4
265 418 61
716 42 -44
100 220 54
9 349 78
429 330 44
87 340 -57
460 838 12
789 205 -38
312 199 45
464 612 -79
840 436 26
186 64 -28
328 156 -8
260 619 -68
121 63 11
702 623 -30
60 119 12
523 231 -47
396 248 8
13 95 -24
764 636 -67
162 879 -6
333 89 21
435 31 -56
188 468 -55
552 475 46
646 27 -39
405 162 10
119 210 -79
337 568 88
846 656 23
331 738 -10
537 431 82
691 197 69
384 420 34
665 22 4
243 503 -77
