1977
-465197 236773
396509 -769933
-939787 -150610
643485 -919562
277110 656934
-891206 -892847
557251 -167937
251103 404649
-724498 -351588
866763 557870
338587 813495
-848808 417461
-783203 -437028
-244218 910389
666890 -540833
589407 50705
672593 -33989
-309652 -323421
-814128 684732
785817 391728
-464633 -67849
-840928 245787
736452 583351
-337617 502829
-902463 -55591
426759 -574494
-75488 306514
182060 -398666
729294 -587950
-690488 -822328
-460810 347791
538761 532767
-244737 27839
891331 770060
971057 -325048
73831 599663
-40583 619421
929435 -687203
436882 126735
-923448 -732268
811212 855844
-599168 -194962
441254 908894
-372926 209080
167398 -191057
-120631 705749
146886 116153
-447764 437639
-158092 949552
-111250 -343178
546955 -305794
-707270 -653135
104672 538847
-364092 237286
298643 812790
-180850 -284491
-790402 -483713
-512324 -995619
701526 57664
243876 -399367
583229 614941
307291 719675
-975293 105021
531893 312849
886464 883082
218092 -77824
827492 510276
-70037 -475054
360843 838805
157626 627032
-901108 182382
-521458 -503005
-250048 20258
-411861 412077
532530 -767851
-791586 499336
635042 -88152
517249 526226
-901413 978166
127906 -245008
638908 -194519
-153682 -54932
978737 667617
947832 816247
83974 -426322
839104 480091
-216468 23982
-692946 -195756
-108161 -888139
-449656 649072
34930 188365
93324 -801906
570668 436810
-630805 -92930
434966 108045
35328 -233242
-578824 341426
-563837 -336878
-126525 -716483
693532 736107
700908 596587
840574 821648
887720 -985401
303464 -724669
431000 -233228
352977 743037
106848 -492766
-206552 -887895
-849754 -172698
-651363 860317
853147 -138645
185398 -161031
153883 -697337
-718793 454929
717991 -923832
153182 -336018
888806 827160
646393 -260284
-432854 -632291
-253615 659236
-143483 145848
714757 589702
-987546 -736694
-110799 166506
814626 -571941
149590 820887
174936 312341
525848 862625
-711240 -955316
44528 -764834
625315 -324676
563284 381286
240669 29510
-588779 -60589
-84926 -118002
-748985 -584507
-125871 -740717
466638 820957
112525 615368
-131234 676191
167224 451890
-890588 -142549
-183946 -983670
-392544 -297543
610030 -20493
-263345 86057
153083 394938
591530 -430563
36916 -665269
-71752 562879
816594 -633440
636184 -367592
814947 23351
-150976 448745
83453 -112962
286963 962196
-575748 862789
-173276 145266
876927 685056
-293848 676392
-370663 31201
164838 -514138
-524323 -998986
-974642 -74619
-495538 881666
-862229 190824
328746 -337866
813589 577918
-898104 571400
861426 96172
951223 903862
37808 158146
935929 290717
-800255 630896
-876320 -952297
-336951 -814708
89723 64710
-292421 945858
-965433 450320
598387 795795
-961401 -323776
413480 81038
837979 -800863
742204 848678
-606031 -882193
-929198 458344
-663479 358767
27724 137480
224482 247262
7130 -951271
16937 -708463
136886 -675476
-870991 -925398
-45265 -28263
-454384 -354745
-868278 434965
152487 -683534
-216630 181869
739626 -304525
-61450 367114
-41397 -624048
-720502 908884
-279930 82309
978690 -880491
-666736 324217
-353341 -3812
597463 -733177
-66186 -830584
240063 681743
997462 26823
-792732 529060
724849 235280
594704 -938270
113514 -645975
652241 -448495
-483902 -121658
-694856 -171099
115828 -692470
-497625 -155209
404321 646428
758504 -832949
-462767 919194
-275914 -120586
248404 13895
-973977 515392
-434879 -999828
779283 601501
725373 -342708
-704879 -793295
347270 -626471
359231 -489725
965710 -41916
251704 -215820
361096 -522945
-815601 -637051
627602 -376632
932272 178802
-996707 854217
995707 -557160
-141142 428628
-594601 -209875
654023 -974156
-310411 -582189
177454 -309129
-281058 547035
-2941 -676532
-683661 558654
68582 974373
-93922 -866693
-371598 -903449
-864953 -722319
952936 665906
353955 -736243
286517 912536
-216888 692091
558003 -721469
-734897 -897202
-498044 917827
77542 807895
-730877 -873315
-437358 -67797
-844438 -918603
539409 254090
-607772 531605
698199 -426809
-827858 -973710
62848 531543
-795585 795628
-452103 -916094
-292336 -368184
353911 882400
-892994 426592
320900 -967592
-690581 514601
-586277 -173741
413925 -809285
167887 -377411
223453 858585
920092 557170
760948 -398879
566749 -476270
408705 -770589
-307417 429934
-47911 -242342
252827 102676
-784077 180667
-30646 -563381
-320242 577500
974214 -600824
357738 -319580
-529487 378815
-378834 134709
273509 138118
-140872 -54337
-703996 319874
395288 861520
263172 528245
101549 753354
-648623 -80758
-605840 797011
-979264 -971694
-691583 -702696
-859857 907665
259077 -46793
994488 521728
-214421 83012
-204338 188486
790215 230708
277845 554024
-303909 824633
845781 -281196
-823690 115059
15100 -797851
994919 70366
964982 -529586
-748250 -902054
-125213 -312530
-890512 709384
24523 -280399
-390459 -129455
-9714 20402
499792 -121837
-258115 -297411
449055 762577
-507889 657669
-183994 150312
-247864 -943263
-335213 -393662
407883 -826682
680456 762764
546808 -764710
-7321 653510
-109762 702838
45519 -636169
155770 -302173
-199815 813785
-745625 -738417
830597 -410198
-208153 -704363
-915380 945230
-29996 -630334
-377727 -791114
-192032 117237
-773382 149802
-134350 521959
-797828 434069
750144 -717604
-677328 -504052
626797 -686484
-687600 109194
895253 881427
424611 -997407
-914609 165350
610818 -96846
917897 504558
555621 -292353
-466411 -296154
2966 560429
669986 -498981
546055 -282004
486026 168765
840868 -854655
566089 -251575
260442 -880442
-554714 746943
-975508 -323225
-957881 -883930
-717330 908862
-828693 -493806
533134 833860
29580 963653
282312 240894
476127 291287
840838 -626179
-18181 -428818
331088 -811982
92513 -902808
-899129 -573206
-227487 403795
635863 -450579
-531876 620521
893683 -844671
647294 -840859
-915872 309969
-967225 841967
703671 -392744
-30519 -397958
-534705 -758150
253570 330086
-310479 469285
832498 575397
388053 729178
-706490 -420172
648528 -522429
286271 -531487
-468572 -530642
-888039 607365
606167 462426
189341 278044
490736 -737728
-714198 -351466
-97271 -353637
836948 -159386
-797928 -71840
-81146 -740441
-774072 -114755
-53510 -527036
-409012 -162375
-588020 334879
916978 -983234
192892 519898
366826 -410884
847394 -568456
193317 -341252
677341 -717507
679110 826353
582438 -135005
-459325 171661
-830035 833786
-217059 377073
-354430 -357494
641133 472663
-416704 -557636
-728701 53245
-820713 -809723
-286219 -362869
437054 -979925
117289 664088
-851018 -125076
355126 -734741
-301087 -894214
-846277 -455591
-115638 -433644
645541 55193
-723194 423421
348611 -840882
-248042 -271491
-106599 -671761
443558 463137
-620975 -187711
-669307 564804
-802575 60118
-499647 647979
-709471 138489
464731 895849
793995 638609
-882078 -601381
370416 297605
828859 654850
-59953 -707336
-712083 -975552
260838 784459
-602434 -236319
741702 848398
42251 430300
458690 -424398
687707 826298
320644 -652399
-816267 -379423
640838 586678
-145415 646307
308233 216204
-769076 692860
-891168 -78240
-128431 565604
449172 -920780
80273 -995030
-392925 -549730
-427373 -614243
-68922 -267103
601991 -496552
-691560 -936058
-239788 -925040
-858551 -496326
65039 978971
-963994 301557
958223 243887
-52995 895429
-564625 -535251
-880643 -238533
-685989 221017
-995728 788242
-564462 -324137
-635313 263838
203960 -417171
-685848 -489124
-346485 -194406
260911 879646
-994120 242924
820990 661318
336192 -766808
386015 -347535
-715164 -670907
-267862 945549
-577563 102670
-778426 -976385
-343693 -218182
224306 -474832
-276315 592052
128295 81192
793712 415212
309664 -355298
222139 -239000
-214387 -828121
814601 -738163
609917 78215
-583793 -728377
-846351 -886223
310929 20388
-199223 -701410
877708 -65290
-201984 970974
74794 -983691
822726 933710
-387196 -719524
373530 -893528
484434 705265
278523 -389825
961500 -644021
450483 -753279
-749096 951040
328724 -241516
-990328 306912
286290 278308
279631 -388798
166020 -342085
638327 47685
-936002 -352075
-157029 74370
198603 -655338
-182056 96914
195627 456204
618295 -349287
-886249 -334707
8828 477871
-953054 -633560
104701 168970
-803984 -901129
698610 973404
-114688 303656
-195827 342443
705534 -525468
-93559 878594
-977522 -134672
12885 353662
-560594 113623
116265 -330142
530958 7929
927899 -776894
211914 -915848
-559501 -558114
-287626 -674473
79504 -462801
614721 -76900
-297511 -826306
-175032 -993610
447846 -818112
-355007 160196
467480 414717
-131929 -311123
-720033 -586462
-619734 237800
-945806 877568
-339451 394202
-608363 -105899
-842749 85598
-863068 -278356
-598780 361555
732860 -859670
665639 273418
63217 -106099
-218036 17360
104263 -434020
-749099 -238442
-312541 948493
-256186 -667797
104455 350614
434331 -140400
469330 607385
-787201 217442
-74088 -762464
833069 -144804
796212 859019
-217339 918681
-757911 -936563
-389943 -990630
-552500 -967042
56524 -100646
733635 273994
412503 464437
790077 223380
376231 -370631
913213 -100171
-951867 20677
83861 865421
807587 -101076
325169 676519
-941692 -353816
-367994 325167
-357422 165046
-767945 -620596
-715147 -277752
405182 535260
646122 23778
378067 703794
379629 530491
-538742 -187733
666506 -808228
484584 -633367
252613 -795619
321761 485689
-371301 859384
761487 -454521
906242 -880668
803499 168951
-172493 -974138
-610462 -40108
557749 602371
345666 -819750
161818 898447
-779300 405467
92212 -447217
316765 -121666
-172299 -87965
618898 -898131
128868 -138579
-527543 349971
962232 339954
-954436 -24980
-196791 768000
769726 20864
569765 -162816
-102833 175379
104202 419132
-719881 -885473
147572 -704547
129145 490562
-213458 -710639
-545201 293958
494336 -806655
-663319 415846
525212 212700
-716467 -353696
127272 560923
-690660 -230485
-17435 -894280
-40805 288659
-350394 660968
272109 -694271
464446 634342
-309205 -763877
502356 -715924
860876 -610136
-825398 165090
-923066 441836
-158032 875163
736692 -456018
391557 384724
965767 -718872
871374 79302
-484130 29251
-26471 -19967
-535362 -787985
-567960 261873
-700743 930480
95247 256512
-384658 621049
-614133 622236
-6961 856248
911030 119091
259885 -843502
416597 -487454
-791108 624885
794213 -445071
-167547 251801
-69386 42686
-578157 -487192
804665 -414654
-154585 617786
-208226 -283289
-669513 846855
439255 -822195
371823 -898227
-721865 785725
-524476 615823
480505 -460499
896316 682644
-939998 427761
-970062 -830843
633970 -529374
934350 -666863
448705 613281
746868 -403983
-741490 -217497
90609 729482
894218 209244
883675 -145606
348484 223276
-952862 -916803
-978450 565957
805384 529075
-959494 445494
-386272 -478635
-647946 121698
-347075 183575
160061 -225036
-396136 989224
-940483 259563
-208450 -7880
-799739 -841576
238214 -92591
706608 603245
-495292 -220067
59064 589767
-994319 -532851
-832896 968522
-249036 147789
-403823 971920
-106615 -476748
-421914 -605927
-31726 -257405
-656947 -491063
-939279 -444150
222923 503129
985030 -800648
939001 -293019
-674587 399638
-275392 67706
-766247 599271
-50751 -380065
122701 -577556
-23875 895555
594334 12026
664245 -892589
820305 -726300
-427360 38758
633043 -176693
815914 839493
166986 -261113
-416529 -704589
-465715 765540
-634441 465250
-660385 596847
-589566 591063
-355687 203500
-448728 -371033
-169724 -919322
-501484 856311
849873 -113389
-476091 223891
308246 -631962
-378033 -885334
989514 -595088
-379447 -617249
239708 -316968
-436215 -39665
103602 62449
-238830 -670533
-538120 -332526
-724433 210591
726647 -60182
467272 -753129
23559 964468
183340 -875405
293537 171493
-509541 278600
434493 -616822
-984814 315413
914300 -729182
-530912 -926812
357597 347951
683371 877605
-164067 798899
-327539 -789394
446669 -486063
377583 340787
-72723 61910
898479 -354586
258357 -15652
29868 -482290
156124 243073
-451846 92556
559443 -583135
-881836 647261
-677428 578782
135148 -162103
-208828 -524254
-662495 703279
505114 203994
-700777 -37038
-361363 -660788
721786 -828356
133558 876549
850761 -91192
258202 -944966
-747618 -854114
36244 -765696
-943075 168320
-860724 -894209
490329 37777
-779054 -805179
-176123 -2735
-489781 752711
969287 -215111
-337042 -198850
621618 -719453
-395520 -96046
-359871 -932458
984733 -39856
969687 295244
191485 -489617
705456 -315105
565904 423565
-857082 555543
-23587 -349518
-46676 293840
-966387 -561888
996544 -418510
-323187 -137825
165724 -188256
-360107 -22247
568477 303001
-840630 484639
-356530 455119
-79559 853833
515912 683231
-123795 -114793
356648 729877
995717 949175
74550 23405
403156 444553
96871 653375
-213049 784863
742368 -759700
142096 -38300
-423895 596268
-393667 724185
632974 -356782
661411 478831
749943 479334
-930695 197990
846931 -532745
547178 -134729
948818 -251735
-18048 397609
234091 490801
346999 940796
-421543 657801
-401619 -542809
412115 766407
-726705 490538
-368738 96718
727696 -327989
266836 304961
-820580 976393
402115 497883
-954637 -529207
-293111 574745
581859 316760
-483018 602705
393901 499703
434194 -399289
778348 -369482
911336 37270
-288467 -351229
-911401 -438482
-736794 -577620
-898644 -387996
893742 671012
-744407 993536
-552345 173035
-431804 -580282
-175306 122798
800394 -439470
63583 -181446
-923806 714111
-680754 378317
881045 901675
518619 -167064
336072 97082
-476497 382967
922348 379127
562319 -264716
639726 -706216
-78928 999974
-320484 -90224
-36530 84412
686903 -77044
-956534 -454369
-88176 -136327
851860 986616
-994043 -268778
56390 308332
772174 -302912
48893 967286
609515 -429188
-775745 -140228
698442 -501372
-36191 -233950
-231374 941405
326094 898675
-750147 -713528
251445 -597668
-774516 -407198
-279153 -368092
563505 -404296
-304667 118366
-895522 573028
126675 -224416
865456 751765
-46098 -617514
719315 602785
737946 -782411
-28900 -300163
772472 -575304
210456 -158476
706710 859142
-718135 588553
958278 -118421
510538 910215
434341 986454
-72690 14855
-425509 -553637
216317 -638085
-381764 865320
838427 841421
-532719 -513301
-363334 -901069
272536 979013
550251 -668121
75751 971197
985444 280137
-513142 194686
228316 566472
523168 -313974
496539 649358
-496747 -419211
460296 642463
13478 -92812
784723 218458
789854 627375
-713473 961870
822562 734215
-302816 213169
-105984 763495
362977 909854
542569 608892
-128935 -68771
818211 185408
970570 770441
128190 47709
-106875 -211178
-995883 323844
775153 106417
-411689 -76051
133028 162240
-654247 -411931
975634 387345
-676444 -927414
931701 969762
914174 501218
96086 573465
424971 -612347
-12657 476309
15121 5013
442427 98329
702872 -367319
-102172 285562
272968 -763716
111541 -471580
-82220 864348
960447 706265
-545514 -391709
819468 290172
-56824 686267
-441127 818295
-596323 109046
677512 666758
-463219 636367
103294 176468
317146 -714765
-7031 -119700
-103394 -962991
-626496 851379
-37743 15090
-528634 -698672
812035 -670443
374065 702997
952330 635779
-255826 355174
-292511 878278
-247720 -634321
171699 -515122
241433 -988242
-190750 -925373
-949342 129257
872649 -308358
-628137 -101230
345379 771902
542920 -814564
685325 -707593
-146246 899077
-24932 -546714
-813651 959901
-608533 -518615
-188536 -555793
-151671 65562
928742 290936
-476181 -288430
605310 -138299
-936178 96689
253048 -376324
702963 262555
-12663 538437
-545244 643878
313187 802670
-544374 -828462
-660873 -917111
686787 779125
-374321 455982
99942 824152
-307112 261630
-571026 694728
327381 716667
-343113 -16423
2915 246043
-880570 -308775
-795638 -400931
918632 -766634
-266829 947519
95317 -628431
342717 -884695
-185778 -725592
324097 146275
244217 -656698
-810756 -974300
565103 -872743
-720478 698072
-300328 536371
-495820 874071
-480000 868672
171292 -620721
147921 245979
561458 -239394
-291398 -215658
756101 -769273
-840989 -32972
-559388 947563
-112429 226513
69411 219332
726982 -707678
785817 650100
-448487 943142
897649 41946
-176815 -283018
889573 887672
482839 -338152
-737778 985186
-500449 -403700
510643 -608008
304183 56148
947879 -131252
-906174 548865
-449430 -347150
-108866 -459755
171015 30916
965785 -651071
519703 151792
-734956 -535890
263227 49710
-673666 807229
-687383 650688
-498868 821796
-120092 347881
-430988 606862
694976 -651605
-875030 -471960
-849957 553680
-187058 254526
222870 -881951
594278 200623
325575 736322
-959588 630162
-945707 -874657
-200148 657337
-528513 -557651
126815 -913020
-604640 35416
777307 799315
889726 179970
267082 -568919
844515 165676
279066 202159
29900 292033
-73133 297035
408321 -827260
471097 -190263
-586635 -203851
255720 648339
633038 347431
-645777 -432919
-159240 57706
8701 96775
-69966 -282109
297783 248071
-735127 -224018
459253 742892
-190643 -21989
-723742 -962631
98317 586719
485621 42603
-417715 165184
-569321 942488
752478 479163
-287013 -210355
-443138 -297950
-100278 -86058
-983209 679180
-848052 491536
3269 686927
722209 857362
685495 -10916
-23370 -501740
277031 -959402
853035 -889036
758165 235965
-925101 -124345
276613 -428587
403692 -883154
99515 -94884
425105 -480617
126157 457638
-867227 -943457
-331258 561335
7530 172178
-159398 -347565
-575708 384397
-604285 -774157
-822916 -827410
-817611 171506
76407 120567
-76317 -160594
697250 867057
266214 -705277
161384 -620284
285569 682910
-663052 50908
572874 -143654
811346 241700
-572937 -501323
670435 -567897
518787 -512488
-840460 -426490
381673 509055
-29721 -823860
-112180 -677771
212562 -603778
547341 997004
177631 116643
-29308 -960685
126476 -675487
405836 -730823
-974854 767541
-183379 613702
-251758 755391
807319 -297917
-126727 -905786
275253 -906582
-706383 -942766
-798267 -330612
429298 766284
828230 864491
149278 -790700
-335832 669056
-132430 -870976
-403438 932810
-343417 297582
556203 -693573
851457 -766326
674838 910875
947028 -716044
-851817 846579
61025 32294
-59770 -934091
519703 961486
462269 855262
792590 507257
-714223 -156973
-385831 164813
-227299 -764751
-403618 93748
336523 -323148
350521 -385105
-860275 757513
587925 -223957
-365598 94428
-778199 -971840
173623 828429
-156082 -534766
-430609 -488140
-245401 -759903
-625260 -101087
670647 9082
-284668 915978
151960 -670290
-872329 342980
265657 533349
81609 -977521
67245 23404
-990206 -387016
-508195 -458927
128422 -811464
298926 565835
341521 -782807
-885256 -756283
-580811 -152313
-445157 -539036
-95107 146316
-907770 926617
489385 -424231
-484282 674658
106743 495757
-969877 155530
758916 262357
620677 542141
-835416 -633877
714360 -304365
-713850 289799
-287577 528549
175923 -954729
127581 970899
-826202 -245728
-978627 -826432
467227 323739
-457642 -805627
35693 894898
-425349 -35577
-837916 -254601
-50976 303291
-906095 -771762
-746991 -704552
-397230 654194
638134 95329
64939 -388189
-991445 565244
401973 -149101
103033 758470
-608400 -292993
-122805 993027
396740 -334747
701936 -940149
962898 314445
-815706 -186210
135690 -73239
-18591 -608480
287998 -345345
128554 -939412
-253241 -983276
718525 739091
662448 866256
118248 559059
-541270 373147
-726382 -57763
-989583 633696
-487675 -21835
121604 670208
-202712 861499
-613991 655373
261095 -508154
1541 -32412
308675 -688991
-415277 -393682
567384 2685
351774 105043
-884075 543387
-603155 -322034
-168906 430883
586980 750532
-373919 -505777
-394035 -881078
-971041 -939277
-597176 -110765
-143419 -269298
-848425 178756
-10210 156710
-529667 -979427
450247 944434
180269 452201
22190 10939
341861 -641802
688892 -349791
156986 -895895
55320 286763
380861 860408
841372 -410500
-414108 -83274
906927 172908
-400591 -554360
676862 338180
-343026 840143
-76974 -931302
863036 612387
-227631 571508
899437 -747303
-964944 452239
-264872 275740
605133 -197851
679991 984401
902024 626053
-760927 -901539
549698 -74647
426758 876561
-264799 -622671
-878682 -59967
728985 -479017
-449205 -813823
-202956 -466312
-689002 -657710
821028 -314138
162550 -643489
933593 -761321
198497 93392
518788 -792130
-962957 -906619
208362 -876518
121885 -72824
-150900 808597
932554 323140
699262 -173865
-837217 -386034
-225350 -59989
351913 -65867
-142259 -323032
-898274 -326359
-124774 -795370
42324 312248
-665777 716800
-361769 614048
879097 978182
27187 95022
-636278 -297967
258812 800889
-138229 120733
-656705 442913
-3391 -599688
-17166 211339
-309041 -907846
343911 -282671
834585 659924
-254526 -544578
942533 -192266
40818 170201
898418 -451494
953657 35007
10617 43968
452421 -694416
-528199 996921
451830 -924872
794021 -718680
824586 369237
934566 -766001
-965278 -651036
421433 687571
-560691 -375794
-822896 -560161
99201 -631387
5970 621128
524874 35350
171037 -147107
-401062 -615561
-400193 392194
-409483 -595519
846662 375295
240946 -392926
-935019 -23916
-141656 -853684
-286215 532387
932259 -65727
-317016 -10327
-460852 -125347
871031 516264
-807249 317904
-494427 -635632
-968060 -948415
-779951 878124
-297665 -452573
362165 426708
-91449 -732158
532530 -800906
-353302 -66393
-925479 -473831
-248055 -741358
512162 -599869
-340677 -692507
452343 -110295
-638800 -738679
-830022 689172
849827 649879
-723454 246453
768074 713065
528771 -661475
-472828 802887
-952468 190851
25256 -517151
775710 -643747
-830712 -713902
-615442 496152
-865522 975686
459716 193433
-850034 -597697
483384 -308469
-324762 391234
-649330 -309425
579714 -124964
-351458 -513658
-77145 473584
-714 720922
-185138 -282357
-895313 -746773
-278772 990969
-791937 -287155
-863067 -915564
-16537 138408
-243420 -935464
119141 286937
883972 -502229
47786 35327
-598802 -853696
315492 267105
140650 -707827
311346 -13926
535913 555215
-347724 -205449
829071 831055
371925 755053
-925193 -203829
635595 -105270
-85773 -621456
238817 754024
398185 80038
-216229 -475344
764702 238916
568693 691844
-456482 432921
-337548 226704
628800 570532
134071 236641
-977644 264938
195555 -127430
298165 -570470
-332956 112124
109777 17366
-290991 -954057
232007 -811789
68820 -257892
921848 133611
-304421 937764
580932 737338
-8723 -826641
-721908 778627
325177 -281382
877114 -585231
90091 -736641
-181672 586425
11703 303436
900815 -21611
847196 -30996
-449869 907460
369784 -301065
323786 -511712
385340 -995185
-793727 -62531
146451 446174
418711 842114
286409 -688801
-38653 -741090
955261 -118174
704351 502204
-967590 -861392
-94509 -504861
-506865 -678048
-955862 -763064
-782643 -409826
-175887 -190039
-790786 -939297
-422050 -453870
65410 -973131
828794 607186
600200 57048
-774272 -881063
-620923 153481
-383496 137896
835950 509105
-788572 -764375
123207 729276
-45539 -619476
71225 325413
614119 -788655
-595184 -92274
604433 -876732
-52362 -498547
943078 771196
-257190 302251
917767 -632172
-62045 346855
202559 -407136
688632 -353384
-850892 19594
743451 652765
-433832 670024
836504 276488
880842 406819
867832 -499144
-34876 35568
165566 648949
-281438 138995
-177208 898313
-274142 -210968
-253777 252572
183049 646633
307583 -294723
740673 618364
921016 -923801
90837 -211043
-350620 754888
-840072 -186646
-249442 -490188
100809 -187094
-102381 -514509
-311175 422788
-33480 -510076
-771906 -931569
-109274 -105798
501557 272235
97588 30994
-489340 970883
749465 714708
99031 -928540
125811 969449
-50576 -139411
849564 -568120
577208 246842
531522 -967089
389822 -738460
-245119 299986
86199 -948898
530640 -928640
964128 362129
-180869 -758159
-84090 -858609
-689995 291863
234334 -119483
701261 486798
-47986 710227
71117 -12910
963709 19699
656664 13592
988230 916401
-640207 -735381
-199719 -726777
573841 -42140
-117096 -508907
-49724 -246940
-443708 258659
-893189 -15359
958966 -953364
863973 -854366
191291 -934988
379740 -600480
-720706 933276
-911490 93988
341643 -45077
-827862 553922
161645 976330
-247093 503525
-10532 -906339
-600108 -317648
972296 -339040
794422 -365046
277211 702408
831907 -186614
-992783 225387
-863840 792172
-459164 -374255
-962245 678172
312230 -322045
-698308 -463596
367390 -610402
792445 413206
259632 327760
-963627 -425737
-894746 721794
144149 -761428
796099 -170262
-527990 -109995
-498593 496741
-904122 -266166
-715777 -283411
694347 -465466
-790822 -396322
960369 -875627
-644139 -794694
222152 -49949
-649189 567934
930116 24714
-626085 -923843
724627 -451430
889220 412445
84482 -658212
699256 -880570
276967 389961
-870041 -97894
306071 -412109
-481363 439923
663026 -572265
973918 -396109
954246 919083
-420876 722616
137546 -117151
392586 -276149
-360500 567542
511921 -618530
-727382 934937
-681036 -654257
637693 -344969
-131013 -816593
-657721 -231501
-354150 888589
-88446 -849391
862719 -327425
-304717 -979372
-396129 796172
-357931 -678920
-994758 -723046
589780 748251
420832 -467093
558084 -428891
270399 716109
942771 -652653
966631 399361
-738527 232310
-427411 -92660
446237 76979
564190 944141
904007 380525
-562620 -567987
-436223 -37175
-449729 18662
-957395 396075
-548272 -472646
-114088 667284
-114630 -446917
-455149 -309038
79982 -513088
-374139 802976
46934 -528276
728189 -393076
-556584 -777092
-758736 -787799
942246 130610
186243 -902130
84262 814807
528396 -478064
604991 -840789
-117771 731931
29980 -101269
-752803 -650757
82893 -827711
-852183 -662073
-747329 -341722
-500052 316157
-662926 -981196
-57177 764583
-574975 -427786
714435 -868009
-460785 -402918
632225 46180
-413676 143104
115402 -804110
504410 337660
-841243 -963443
-458960 33518
713631 -321692
190881 -449074
973852 499520
-348636 745483
261360 351378
-406726 -334491
506921 -973476
-289960 8596
-863559 281953
-878239 416922
772262 -975293
559447 -165264
117137 -772956
894584 889465
-636811 91396
-692212 288073
-177817 -396310
326702 629645
92935 -41567
178554 -632362
-222991 -92845
128927 71707
584227 -539631
731461 -632768
273245 -99293
743850 958038
-72774 -499763
-275745 -639359
313022 -250260
188598 -395824
159005 -286934
-185005 -984423
-789040 -894796
-981967 -239655
893140 -136362
485101 -375228
-346570 -689014
45032 -51252
-247571 -772714
-457043 -747411
-86578 -129082
566626 -416959
-588166 310660
-378779 -376198
-418477 587138
-337931 -228545
959494 -77341
697506 -722077
97750 -377282
336701 716891
-237575 893778
-828737 697564
-294134 770684
-605488 -320004
-329818 -969891
645875 -898136
276318 887971
81710 -593742
-985817 -887142
791951 431704
-787855 -705072
-717178 627550
-558639 457799
-552027 -405743
-523122 930487
-749011 509515
-782689 -270232
636925 -827150
66775 488823
805978 -140564
-512231 832396
186622 449500
-680822 712815
751382 -95735
127633 -51346
-719396 774527
987907 322997
-617906 -419338
-629267 -829856
-132997 -427566
-365667 257715
-964373 -862577
-279542 832323
-943049 702562
-635216 833357
92463 818516
243453 -434680
-39805 -551861
-387070 733914
68428 -410533
-222930 128294
338920 964446
-536015 723732
-272347 290693
-673258 -864877
-890317 -521230
173588 496928
-635776 529315
-93573 758753
-390866 -605397
-803955 -594065
748733 -922734
-517812 -803834
-443626 183987
-125531 -778562
-299388 682814
-427515 496915
-462664 -517694
-260456 -512844
-510463 743193
-161790 429442
-544076 940874
-847929 -315119
783951 154821
-780975 -398116
843513 -974047
284179 257062
653579 33813
756969 188980
-497445 528286
-901406 -222544
-202399 -731365
140217 -990006
-491163 174190
596130 995936
-32864 -472944
-685140 -253660
36608 7845
-967186 -855502
336631 173245
-320476 302859
937158 615893
620442 -527017
-735945 305561
900966 213710
216992 -518934
447169 330410
980543 -580048
617053 -287270
284058 783528
229947 924401
-809714 217177
-577366 -812507
195236 280045
-804035 681692
-491358 846541
-385112 -753587
141449 -724640
-54524 -790839
-143291 -475935
-717001 -248969
940078 -320797
669716 -205730
-454808 -426501
792412 502429
379911 769608
-961439 109484
53993 -963250
-750323 -429557
-800341 -388452
813893 -530492
-348215 48072
791837 582090
-938652 -542495
-618311 564168
67877 -694778
73923 -615162
940009 -253883
103125 -10041
-223176 -257980
-516204 524888
838897 124663
-793281 60887
791154 526186
883077 -409535
-981566 336092
-25988 -61590
-390203 -923334
-492927 197384
934317 -474589
-974665 -381854
-433058 679333
-920388 -87840
-531230 -670606
547474 734966
768403 -87233
-751841 -3280
-170918 861565
377605 -222225
-557136 154689
220154 454555
806668 -962952
-181823 -654667
314679 20362
910586 -940234
792323 -203082
-140352 -184783
283515 -297313
-140168 161691
-438966 677952
961069 425313
-80937 498585
-90187 -794609
728422 -389137
-119246 -460680
-491271 462093
808630 -882663
-562110 -565771
-39215 -903643
-982228 571072
-131614 -7026
291233 395395
-167069 775360
231544 535228
-37864 964377
390525 878461
-594242 -222854
225572 16249
-335635 -491565
576904 481754
-749339 609850
-906419 -472427
-146861 -402809
139696 338336
302979 425947
-667357 290572
159039 -256081
-938476 996682
840981 -40875
-683516 880191
-905371 -141101
380992 -501891
191002 773318
-386490 131911
-934937 844998
994437 864339
263347 -160406
901928 631641
72515 -596850
982546 315578
-843440 -178754
-762708 -79256
-550262 574535
-983911 184420
79721 265339
616223 -243383
-380975 417900
-731090 -345782
-596240 929958
-370034 183954
272990 581174
895665 -254024
125705 32077
-563252 286077
-449339 719819
971153 804149
416980 -141244
-60739 773324
672015 -416606
-356654 463791
-597116 990516
-925806 709744
670386 -804003
-615225 -125599
737838 -345083
500521 -438272
429772 -454543
373132 353137
-268759 -771942
-699111 -54082
160881 933118
900745 -465798
664174 672959
-457932 478413
-478330 299767
-383155 -418475
-744843 881623
955973 -87248
-819543 -779719
-754466 -505649
879467 225983
837452 -606352
807732 -680268
-432125 -581890
686723 782428
-455211 -386991
945093 353222
727593 580149
104863 619650
555935 545242
284792 -797354
749614 958250
-666941 263187
356267 782291
-819344 158413
