791
-835242 -695535
552207 321406
235560 -972588
-552682 -164256
-734772 262763
-860949 620277
185790 496957
-865886 -707577
-899721 -254646
223616 791402
387273 -517724
-851973 -384791
108658 -400884
671279 -525601
928318 -800958
906011 -220511
-842968 849028
-219437 -979097
-366557 -332464
756941 -200418
306625 696010
-316468 882729
-273874 -345983
-454050 -833717
731773 -992274
352346 -187769
-246782 -179338
318762 -748533
-947818 199551
-233313 -908574
531302 -627294
-586949 -565575
449581 868467
-124701 86603
-437393 352949
494146 632271
-456620 665934
-225957 300858
-702987 639256
-582163 -364606
762033 471726
217729 615749
106810 -386184
-373994 475152
-695348 -315119
990143 920932
938789 -969163
695575 -996350
-365048 -503063
947147 -577285
-800583 523901
-903312 -71329
-577272 317841
-804476 1116
476621 -441938
570812 -3085
-164741 286294
-149226 313257
-570630 -580342
850618 -63769
-96611 -496840
-106139 736544
222880 503281
308649 978428
-86259 747004
-59806 276673
95260 323951
-880854 -523660
-943345 -435853
160136 726433
473011 -208272
778176 548954
-19197 -835131
-266807 51337
859857 675119
964574 -139236
-429755 -922467
924312 441263
549671 732155
-192429 -559497
273248 -882796
917384 -497287
-255621 488472
998843 947577
114949 977612
-686224 -725229
-391882 -731707
645573 932699
336106 -504082
184401 -301002
828205 498186
282395 841354
555062 -938148
486728 645320
-891124 -458977
-506453 249398
649075 -118158
369831 822897
-293083 112215
396486 826328
-491261 -98679
744411 -300277
316304 353730
981090 779998
143999 -462124
230314 -187221
612363 74806
-951915 714732
302336 468607
315246 714221
-76119 -696047
-56815 506687
-208098 553703
-976438 -602701
680988 184717
315701 -33808
511750 469906
-713824 -624239
-576004 -415252
347522 231472
572349 358106
-572439 -679731
538623 -107900
149687 614349
-446538 851539
-74773 558504
-447345 -643645
-224695 763187
521519 353569
780825 701473
-605138 -978987
-97323 -446310
-580465 375836
-924548 -934363
930011 863924
-784581 -586949
177533 698270
971925 617153
492539 -531880
-933542 280520
-84888 -210316
447112 -110166
486278 339374
-414217 -18133
-223315 421187
438472 -564245
160834 889325
483988 -609546
-327280 -297399
-143358 -221101
-837040 652103
269633 436044
-719080 82526
-475568 -755246
716073 322201
-323600 -562833
-732498 715826
618369 598335
738105 58358
-217259 -859404
421725 -746959
413076 738000
101233 -106548
564189 129133
-908543 966946
-145573 942356
977715 -365956
-264272 -95961
945776 -927840
880165 768151
319655 353542
-284534 -54958
212046 -385106
-906530 -820476
-709118 634306
43690 691327
218411 450116
-442376 598568
818454 411584
172339 33458
-678618 895720
-249545 532072
-336427 -428163
-372524 -229408
62385 -81297
87441 -763715
-206904 -75643
138190 913136
420030 -713207
-81841 -169069
-791452 220478
-320776 655265
-319910 -430704
956296 993103
-32804 288623
-755789 -33003
312521 462893
-424135 -381977
848088 60672
846162 321880
298510 618328
-240907 -196054
496334 710677
-794114 274412
-406093 943150
-15229 908124
766328 406260
-200868 919143
-609131 -12649
578404 -512812
535643 461765
-744936 832517
-690541 -874850
-215854 -994173
581266 209838
724591 23697
44962 793876
357745 -858996
-964071 651981
-587230 -335612
-853185 419577
-894213 633693
-937301 441062
216990 750757
198485 611346
294642 938306
-566841 -783545
33716 -932730
447711 607372
246046 -538447
959148 172613
-774652 285831
-647991 854998
-181219 -756370
781745 -6938
-679884 -309514
-100986 -988405
39776 -663939
-120260 196568
-627517 133743
-659091 -695793
689000 392359
-52714 -212715
-649197 -240700
335353 -719041
-534146 308561
-807309 582782
-723691 778602
300084 -550109
-433602 -5932
-913431 615216
647391 -255650
65792 215774
798603 559381
842509 -174144
376445 -955705
472942 551002
483129 521370
-710395 -946765
694539 333248
-494226 108299
-239209 -466124
754398 751739
458264 -267366
-443483 141707
-987048 501910
-54303 57696
312493 -554965
736315 -302100
-604198 -574060
-286290 -479700
-333069 -282464
-213104 269483
-859390 82990
897782 937283
-725415 649569
16063 -425659
702821 163533
31391 -903217
870858 -625923
-885927 -851161
422732 -809929
-305944 327331
-229986 -343827
-195713 -956772
260442 452932
-509069 -90116
-618642 -113168
780760 360173
642146 987027
504268 -775079
-640970 704246
838241 956607
-400522 661026
699191 -310568
769722 -277426
-415021 -191289
-287044 350107
303656 -585362
374503 821839
-758385 988613
-657690 -655572
252578 -9589
241315 252869
-370680 -757287
33979 71624
-739048 -827002
-119474 -465692
-443504 598556
586486 695445
-615744 673140
-850506 38255
424232 430006
-200344 -282812
-946799 -594746
530538 633934
606216 -959907
336508 -591881
931892 -498716
711913 -799358
636590 456313
-951107 656870
-34923 862029
312034 824553
744162 467937
492117 312227
968984 986197
825431 249605
421049 -10800
-217576 -524282
167498 657277
391417 -985578
-981677 827247
18452 -574021
-69675 -636159
-628294 190072
352355 -737293
680886 495888
123445 628543
-112368 820765
359329 -26641
249854 917469
-793574 383170
193630 -729519
6481 -668995
-697774 -922996
402243 72749
903145 -778532
397262 -658205
878728 116350
824710 377407
-93493 599800
69 -292501
216644 -500495
-239168 326865
-866016 184267
-880038 151794
676118 -129883
-583377 812613
-538792 916126
128940 -218367
-773136 -376882
-892513 864170
368376 -181143
-155514 -727596
-642865 424124
486996 957306
-645175 -480433
659545 -439150
436013 -314352
953576 995495
270498 -298605
714848 -113405
732784 -837320
-103005 -134395
-403862 465860
519111 -270060
-1730 715798
-50874 222293
-16158 9427
-104827 -899405
900213 607595
-506992 -27431
-912041 613916
-212722 628238
583777 590151
29121 -735393
408908 278952
-845598 -591858
-769319 -811456
917857 492266
305507 751233
-450914 -676010
-29520 -27761
-282874 942930
938789 -550082
564363 -656068
71865 -432219
348096 54742
-986935 965464
721636 817422
-309110 -723546
476838 -989845
-715403 -761520
-86089 358680
-423643 872773
-93978 -229509
-847483 -247056
676095 -778557
-758611 693777
335526 -202975
836256 -434606
-787104 297765
633084 244039
-663601 918065
-860949 -735536
-383670 -477983
225497 -674354
516243 -164953
654132 654041
894405 -87939
966018 -974933
-4126 -697924
917220 -658657
640801 -150368
-792079 406700
-397912 -124014
-144159 -897399
-974900 835949
-319020 631662
347386 -385265
-767755 113511
-132365 -257323
-74649 869268
123991 16921
-182147 -323353
440887 -595755
-301358 191774
-105974 -427228
445351 108983
759086 974333
34047 -308482
-122778 -442866
280341 213921
-632585 -686505
763101 -411554
-409094 -426164
15347 -703357
-765200 744892
727607 -779411
-156233 -287861
-45695 520338
-4609 -587032
-644659 900450
-897105 -700866
-148345 -447982
576476 381600
330989 537349
-127970 803831
770089 398386
262295 -286642
574678 189709
211267 -960691
944935 -44010
992578 435795
-735772 893319
668379 194893
859375 53028
624571 329557
243506 469329
31106 755557
-677922 -485941
915812 158010
413318 -501675
685377 927705
-992634 -612352
-957182 359127
672225 734351
467613 825279
468742 624417
355539 363544
48101 214929
-861420 -910036
-665440 736848
-105236 -812940
-321467 623735
-545754 -552479
-862767 149284
-342955 478238
256007 -693069
-969254 219244
612135 780622
526896 405526
811116 -187056
630508 690421
-440624 580069
-905148 551165
196116 -984748
-46741 -412849
707346 -551792
-113501 444507
88832 51544
953108 537320
440338 -338422
105472 937597
481289 -266782
-779002 21885
468901 -654246
-915188 632269
823134 -180726
-325105 11101
146890 -877218
-860514 -961082
-528874 -367614
-869027 -991236
768277 986681
443368 904312
-543 -29142
36905 736794
750058 459877
-573282 373295
-360184 -376362
-909610 -692659
883368 -653063
-439006 -37745
-806094 72312
-493556 -532190
-683445 -796610
-225801 172831
797379 -870588
-191640 -485550
-223345 17379
307836 -502490
-224487 -53448
235420 311962
636899 -466587
417655 485536
-472182 -126401
-269688 -219613
708712 533200
249462 -218049
-883191 -965367
-646260 -953378
655653 -93317
-535120 -660812
653302 -140565
581345 722253
-110870 76321
-348231 700966
942081 -180271
275097 -742733
-87921 483269
91537 859022
391888 680337
258288 -568567
755556 392151
58128 310682
-194764 -101191
819376 -760883
-872287 -338553
754709 -881734
-468911 551251
-978405 483262
250231 -268015
933069 490135
165548 917053
-749638 -262651
-222953 496534
-479168 457381
-893735 899916
-26090 943120
-304800 202756
165953 648948
426940 370941
879218 -391577
-276051 131393
-569410 -448233
692715 396311
174952 -271842
442303 -432622
859669 79469
852527 -939176
213522 -459562
78812 455477
654631 46332
831081 337529
-599898 -95886
-607841 -442871
-557830 -73244
680961 405450
49449 -912603
787742 -513857
-561805 363166
-379078 687325
534862 995665
295266 -650698
-55453 -442210
38345 238452
367948 571567
119246 -113724
-411059 -306849
-763575 -100526
-23790 -624235
114168 747518
-824436 -131586
-927466 342272
522750 206111
-982034 796984
-836716 -831392
-192300 698267
640728 153705
-629714 -811459
-14713 601014
-757500 964264
-985531 443341
-423602 451788
-679544 693698
-478104 604865
-98664 212492
-648038 -172455
900436 -630972
-58666 305120
359137 -275447
738710 -668406
447729 482706
104528 -678718
107862 -838109
18593 -907495
847297 -8456
-101299 540819
470524 913695
-14017 -406326
665841 -721673
769553 873390
-483586 -10100
-546982 -773501
-167619 125708
-428085 -588825
980557 -411091
232034 382578
376142 283417
-892013 -989150
407846 -991896
-879601 -768514
645597 818400
-968476 735255
-62289 -114846
893360 854143
-279719 691920
28847 -296189
-37990 668040
-646160 656003
665670 -121504
203110 -619
363074 30494
139580 60811
614397 -443018
700474 655255
-584875 -58723
713487 76090
216366 -813410
-311864 -131291
-910393 -976616
-428120 -999982
-905004 -343843
-293676 194369
-325361 808925
789247 -294721
175659 -690619
-839341 910277
937140 -856085
311430 -893338
-838313 -442400
388516 -591705
-443948 -622907
-825962 -476760
13360 553778
-859758 665436
12295 -459373
-616913 -555440
-732760 -608902
-684540 -701419
-367158 923468
54127 -548501
34831 -537255
-209547 -736837
-67064 723356
-409389 -924933
611070 232326
-953643 -794155
-115486 529012
601653 994073
937015 627287
260179 -971422
577787 888129
-46569 -875408
-956126 965533
54910 -11191
532413 -750476
-751615 789717
285922 491612
212892 -818252
216134 216309
364721 -325978
18758 -657906
980766 308504
-318239 71619
-754627 277933
-559533 -513575
399965 780901
-634619 -61967
-692640 -636784
-597650 -329392
-281766 755928
-541119 983919
667701 122550
-810971 -331870
-220504 -91279
-201205 294854
-492890 304165
-40311 246803
785331 560087
73475 -558996
-581079 -585876
868030 42809
-793264 -532277
972513 712491
823134 -572051
-737542 633945
-44340 309144
-36819 31525
-833761 800463
542999 974713
-538604 696046
-307264 799249
434568 300216
-299287 -841191
-786127 673726
645059 -438258
-815667 937878
-251635 -606290
-256419 -187345
586152 -625474
912581 -446836
-29909 368702
-21906 -909356
-722508 -432244
-293768 -977511
715410 -750879
-88586 254594
150663 972144
-264993 -938659
-349294 -475548
-185310 -979160
-213203 709709
222668 -560953
-793001 -57458
448405 371097
69224 20979
390396 415497
767584 -699427
136771 782784
-765969 -696735
-44579 797379
-692803 961325
16511 458220
654087 -336853
-907873 -15934
-219648 785684
485552 -690197
715036 56371
-485805 585732
-506093 -641081
-665315 489502
851305 927719
21290 -756037
2371 385406
-153189 -129787
106372 822270
-544421 913601
-34956 455984
199729 -530732
449377 -985485
437754 -28042
653471 -748866
-408018 937903
179818 -152253
211839 43891
-895550 -712762
763002 -367164
-22748 886640
