3000
910403 941088
-288457 573152
-733749 -61875
559442 -756116
177472 788374
-954626 -190401
-594838 -723299
761650 -958004
-123493 471549
783241 -28478
-448342 130045
-135056 791391
241250 -921608
-140087 -179595
719319 -364828
-481183 -784421
936092 169157
208558 37095
-878849 -766967
527147 568666
-906487 -499057
-940275 -716269
-759287 -446055
143113 -375675
140999 -60514
-71263 798775
-968576 587883
-247104 -462360
547948 -518674
800238 -358531
-843177 -25931
150505 141226
-464540 224492
-465090 -607860
328885 -336277
162727 817428
-163842 926766
334194 -545136
-719729 669685
810311 -520716
-743095 7765
831989 94523
-946349 523894
827118 -492148
662296 499915
-696790 754890
676649 -11091
-287326 -886071
-867659 509390
826559 -873313
650887 257639
-627612 492196
723472 712046
-217527 -225744
204254 331041
401762 637900
449776 310237
-597513 396751
399777 -307286
799574 -346161
-770785 30081
306795 716674
89670 578946
-633502 -838051
356722 788139
-645188 928563
-616941 337950
61742 682945
472365 -307789
-83433 502750
-71787 718758
-752339 425939
214823 735539
864709 -655050
-613028 -14125
-913923 -394708
-982428 -478836
-868476 889857
-783524 707328
-234955 274294
-290798 728464
-890997 -70012
267364 -751402
498084 105330
-302708 -818362
466014 -760468
580245 138342
853630 -774838
144238 -992393
-128698 -896419
-606229 -637041
-83403 -980099
-433355 928086
177944 -823972
-351096 713661
-101413 280973
100438 431723
-332725 -211306
-582955 449434
-158843 597929
-582025 -650580
-972610 -604769
-486166 46429
909381 710125
-356411 300053
721815 903065
-392830 -637843
630504 972644
835643 291990
73593 -489912
-294756 469820
774855 913104
224081 489812
-352875 -76024
54512 330377
-607230 825421
424805 -333152
-725685 -996824
812005 -507014
477210 -717216
-335253 -885960
-21430 226188
312978 -47944
741998 -689755
-981441 -716442
-747136 -493265
-651378 727966
-341153 -583402
-661627 -579608
-77197 -628775
-586840 163264
458768 84208
-708506 929707
-253849 -812348
843153 770687
358386 521046
448700 643964
119863 -210168
319315 521316
116917 344580
791211 2985
709088 -382315
-963510 -856245
108879 -662837
-207053 82746
-750304 265440
-875058 982678
-725481 822857
87405 -536960
163864 -142797
702455 73456
740060 468046
470066 965103
-35503 -458421
591108 250621
-183336 -84446
-260157 231396
-167529 292664
-37591 -914920
707747 571519
-263447 338749
238844 -931287
613861 819769
-426232 390486
26838 -162770
111619 -197592
64387 -527066
295047 -898926
-144540 -145331
408593 -800873
-791754 76444
49674 -151260
511651 -985171
-513869 363751
762617 -116408
4499 232851
-931174 -20519
839159 761309
-217652 458398
-608593 -200267
456231 -192410
-479508 248785
-202353 840611
-406862 -890086
-910492 784222
-273878 552081
789590 78138
477826 -813189
-976292 -881258
-661627 -197020
387189 529437
-957083 256516
-480469 694050
-590123 -475787
719837 -623796
232298 -430283
928630 393457
310315 666201
-62256 -353639
-864330 189437
827610 173639
555896 676001
222034 -397554
353090 -884512
410052 -591597
190607 311370
347668 24087
375574 567465
-738452 414810
471127 685033
63619 975588
-942706 743936
-332842 -434978
347202 -771385
-526907 226272
494031 563355
47436 -590210
279509 104055
662578 265266
-925036 893359
456310 280259
627374 -762197
-854466 769713
800148 -851729
632755 -597334
628007 559694
776166 -755573
-124575 -55244
544902 145560
-200668 864953
-395769 520200
-897579 -852258
218886 28420
-191571 728117
239712 -337819
-181733 810811
957637 264014
349824 76830
-633128 70574
199455 38358
338175 -46400
273488 95855
-443855 -455996
-815717 210916
260915 536702
321988 329776
902496 697697
-744744 -237093
-310386 219192
275616 957220
-816536 -898156
-869864 -134518
-832426 373569
-33122 -508481
904420 -322851
-656154 533585
568178 -939414
-638232 781604
-79243 -823967
256681 688824
-468532 903929
-49348 955743
-111636 -635585
68644 354487
-481862 -360428
719564 -199319
287658 -497939
389780 -715978
669041 774268
-842331 319567
274928 448491
380593 -487759
-491357 -297073
886900 347305
490292 48241
-519223 546022
801993 882989
-6214 -687241
281556 215363
229770 940692
364508 -546494
-290771 647749
712510 832353
-248985 -939878
-583141 -73606
-572778 -287472
-59246 272624
-991662 -81989
783413 -420240
-397728 753684
820856 921496
-905104 794264
438237 787585
594957 -599047
-312961 -277444
-671501 -96615
-190040 -245166
713566 -902577
757684 864812
739935 121198
323209 812575
403826 -232825
190744 937110
-78191 390283
-869292 64305
790040 -244590
176753 -551979
698504 773926
-685045 -277789
-325835 -124141
-722639 -171990
-782999 270220
-354173 -260858
-382792 -180584
-356589 -626901
-81349 706560
513447 130199
-687079 -619356
-202378 816139
77146 8030
-146167 56213
715282 -740217
-510730 -406403
776007 190958
-169631 411568
86945 -823118
857445 677318
-947713 -911893
-601432 -181185
464835 -165240
795747 -836642
822294 -221450
-689988 -426065
785071 897465
803209 688247
19892 -932064
522080 -869447
370207 -648423
579679 235071
614838 -193369
160140 906469
745953 -977401
-610332 986747
-462821 122351
357738 -954995
173570 -564369
534159 -748862
202200 875229
-131902 -910516
423724 -28168
-630137 237342
-900556 927339
-194653 -374036
73505 895322
893207 -299682
133315 735610
-598906 -504891
822418 -30306
-326290 -95144
-55098 981733
94929 374461
644475 -105708
-964456 184767
677918 708659
-961769 775896
-709659 -274716
-776287 -792004
364304 -574869
-151321 518206
12733 -791935
926360 -923137
-110176 -716274
-686118 979599
-93776 155914
-14504 -38447
-417779 -340079
89049 388858
-778401 -301863
-108912 212619
-238756 -908355
687760 800171
-540867 489096
-441605 -505796
583895 -402436
-511561 861054
-152906 -495210
-748853 -635415
898711 -719021
-580649 786031
346570 476141
782601 -238179
241458 976856
614848 -582516
-418882 -265776
55002 85595
598902 -90172
678368 518914
-997269 -753608
-592585 679489
534460 719487
89020 -120591
-785438 161786
865558 612385
763066 422894
-911869 33153
930772 655112
-789238 116265
52344 149081
-937658 -503355
516462 -322306
919789 87726
635677 -487115
283905 548766
-194991 301906
-541577 -931035
616792 940237
-210290 -672385
161485 -912702
-773114 730899
-319931 237972
-761203 -250909
222370 -16686
-789488 405100
-884844 -27301
-324836 -121984
980770 873386
-787504 21848
-315974 659968
-33180 602359
-611876 986091
143247 353206
-608982 27330
-198773 -46082
612088 -755244
-959579 -495532
590460 223860
219746 227124
407792 -233275
127507 629119
221518 -942976
-60200 484487
-908814 -5411
376933 -296929
567134 -472821
-249433 -63915
289385 886620
-883612 630853
613632 -65147
-115315 -833365
-173680 -38954
916169 628534
92175 217683
-515183 -877154
-922728 -155954
491504 113181
-577671 -686230
-177114 677187
-404244 81881
688550 -964498
269131 -913527
722912 -17529
-412103 792040
-9321 726066
740001 -668306
-33813 -873676
-449426 -312859
-546006 -355841
877620 -556018
951451 970058
-41789 -574140
693309 -201693
406057 -98723
571094 -744989
-562302 589155
-198160 -844772
451168 881213
494620 13424
46896 -915448
268533 -198781
-278481 -263179
671293 -267789
914288 395822
-30898 -648089
483540 992020
-557700 275307
-520273 -664100
-327634 -115800
272581 67196
305601 771532
-151856 74650
-610172 610486
-942078 -666494
392429 -761752
-319181 75004
-557938 -142239
403789 -672971
528784 215058
-397303 179224
-959795 576794
356915 -212125
-587231 380553
-161917 -608568
-68570 583991
944638 -666897
-874284 398929
880925 -696504
-424514 718849
-644189 -147469
-242283 -96114
-408960 982234
235332 -48610
-197281 721208
418871 769910
-54111 161274
-803154 -819886
194753 -808870
-913438 -571902
-40844 968090
-8994 648476
488396 -87798
-290327 394314
989386 -466363
-458806 -584483
-180818 -812743
-452029 214143
-672947 -706226
409747 -524143
152077 80006
119816 -337927
971830 -398596
-833139 632380
805162 -96472
-937676 204391
-763258 933884
82572 -816957
794320 42166
97654 566998
-301750 826694
-849857 906811
688312 397361
473075 -981266
-313270 -551284
-859297 684712
-483224 -343952
-471870 344317
-558451 886373
348934 -399297
-447861 -645739
175635 609730
-179108 32576
571279 -346834
337568 -9744
-808003 -715346
109881 10882
-790243 751255
-698158 298597
689276 -364177
-374693 131982
351642 113605
382884 337322
371445 -667672
605839 565412
-760434 -861704
835220 592450
-639586 943336
265355 557975
-226908 -328651
-187743 308187
-131241 591178
-533100 -891955
693596 786931
-589171 343543
-403524 520285
948105 812500
426500 525569
914072 -198522
989230 510447
-437762 -252494
-247115 202985
323244 990868
-700636 -522642
517450 -327197
99440 705384
-740361 332499
-142440 -25810
341601 229930
-35298 632027
-527506 794011
35211 798204
-374447 -359715
-517051 -858945
-714512 -310389
-516970 27614
986518 423545
755063 -972027
358541 -278240
-944775 -664981
193488 -856001
269389 882577
-3426 408705
-29781 76184
86964 64084
-61170 415858
-560840 -475977
-123336 -555818
-455052 -804502
244049 432011
371912 33869
-49194 -573975
-400001 -270829
641885 275564
-92375 308833
-288936 -958082
-941287 266312
104188 860889
760617 591002
491943 -764215
323497 -731836
-496025 711282
-750420 483935
685445 -634061
-392820 -859859
-547925 794042
-211721 -547953
380499 813931
699222 -15438
-405089 -502968
-838969 -336030
181902 183907
928356 845261
748754 -645476
930358 260966
489840 531117
-897953 -833494
896037 634082
-496712 -527106
-39429 -618126
-156521 882080
-137834 719106
-684488 448050
-943183 242482
-443009 108726
-137823 590781
-527951 191560
-366601 -464781
286778 703009
-816534 593227
-111176 -891292
643395 2648
203142 -862549
-205240 -745510
-544538 11636
-191373 -166683
634681 784640
-449562 -973239
331694 779085
-391336 -832225
643309 -610704
-475369 -118842
975603 20493
675254 -561220
-362458 956243
138953 203617
324226 815356
-305141 -889106
-304423 -467020
217798 -196133
812951 -868316
903069 339902
-983657 -550308
783310 -984991
316373 89107
-140512 -807140
-873282 339491
820790 -106559
338415 981555
521083 -267328
-810289 564443
456839 856171
774471 706069
129543 862370
732245 693436
389920 -596519
-874232 599500
-491426 -769325
739383 602106
-956709 571338
-434517 -434418
817095 488254
609894 -376796
659710 -279163
-709976 -848350
-752416 -756709
-659078 641609
352309 962423
-859971 165538
696022 519752
-50128 689758
531143 -21989
-436956 496221
-261904 950277
139241 934575
-815487 -889652
80101 -11998
-139337 -675623
-271078 884447
295565 93840
385791 -39377
623555 -407745
-298053 -836107
-174778 144019
820073 -885327
102800 230474
689284 -21999
83978 523093
-684571 -781563
891216 -608992
413554 301319
-70122 -870713
-681211 651770
-573360 -89325
465560 -503036
32526 117522
203737 472985
740772 541349
-219877 -916387
367316 -206961
778276 514691
466584 -236854
-184282 494000
457645 -366509
-168821 -104276
-685099 -968074
291628 -828085
-933527 770600
259343 -51256
355803 561959
842101 -104008
-584189 165091
-399380 601707
-838706 -377433
439038 -582247
421331 445215
954574 336696
-186145 476921
-225961 994928
332190 908950
52879 802421
326976 253985
282833 -818511
859462 147996
-953190 -359649
-936225 -66309
598839 -422326
539004 619845
880563 383817
-117137 829829
-946576 420627
-56630 215779
398969 -728682
-684548 -798865
757588 -341798
-91299 144274
797646 625348
-943746 363830
556912 275653
419090 -5929
-396107 569686
354104 142954
-848918 706910
-459889 675043
158469 209008
-337286 -810898
-563528 -178313
-958253 -806189
90608 -313825
933870 -302745
-787384 -325234
-473425 -492136
273528 -44158
704809 765018
21334 664437
959259 182175
-106527 674269
449065 -756626
-887958 -103596
712727 -11631
-501902 653784
-33361 431273
563045 -343631
252743 -233992
-589283 553443
197832 72152
-751234 847208
-309163 -76447
-159902 245797
-774266 983476
-903577 -776977
-253352 -801972
-581514 -466205
-907850 865408
230837 411335
822178 574773
-793784 -501331
-602740 514761
857704 392145
699996 631684
-46220 -452993
-733559 -45857
-514167 482009
-139206 -483217
-889499 153726
-322103 -670838
997346 931525
-664328 939514
957206 274337
-324580 734197
-311258 -428489
-295487 -27027
106668 -593229
-67290 809352
-138072 -570053
-162660 -903432
-563561 -212490
-415440 -995420
872419 586418
973310 -212273
-49333 -246184
47286 -959834
-324833 -421253
923120 885268
119144 755032
902510 -431898
-815252 -434740
191288 173961
-341639 -636024
695630 653425
-846039 26314
-460741 133740
-193246 -12969
326591 -766745
-679606 659200
295935 476927
-44454 56742
-342950 -657358
-355714 769930
-29992 -606093
-518964 -932177
-24666 308728
276296 865129
-393114 -66072
188726 940857
374567 -904003
713714 -382800
-418077 938661
482172 -319165
-935611 760110
720282 50923
856645 -975336
-7083 -202214
-253280 243371
534803 -88905
-180024 -313439
-355856 549741
-946124 -884157
714574 -57807
20777 303118
141501 -488579
87382 -911918
815256 722872
453238 978731
-454616 19119
-655637 -647892
-504888 595922
-989409 316186
-570523 662236
348048 796630
44825 -546031
357182 -33760
350366 233743
-226648 -21195
-73397 -396853
536279 97570
-872184 215332
913314 899917
912797 967104
912903 -282583
134766 -571839
-12461 -552525
914734 287803
529996 96563
-579350 525565
480337 935614
997234 -791821
-805589 -46751
864339 -679023
-123548 -557747
801691 134872
-376031 627851
-977380 -892983
-982650 -628288
-118514 -918231
758322 13350
997954 -799062
827136 996133
-229508 352146
399585 -252698
227346 87497
658654 -76202
792537 -164247
882090 -93200
-484955 217110
814652 -493216
-652646 336689
-492148 -553428
-860639 -204265
-401078 -911833
-821841 -191907
356767 -596047
-589592 -847648
981599 -171433
-397262 -267789
355181 116820
144872 716058
-297083 999017
-758851 -426734
902364 173432
191250 -627594
963435 -280210
715475 -479537
990447 -228027
-414441 -945124
-725105 -124717
149289 943632
225398 -168361
840413 -496305
-767120 329670
46253 -798100
74388 753713
-301102 -154133
562452 -495728
409889 -459398
78371 -219899
-902852 -874945
-973423 -234
-249096 -301848
137765 -511234
-650369 -743158
-905978 -772876
981563 620545
219521 330428
-298278 -868517
-78430 199477
-688223 674072
56973 444057
484581 95304
9963 734908
-121108 -527423
819667 -544271
-885176 -561098
-859685 552425
563273 -375907
-580532 970654
186731 76917
1949 61098
760975 581646
-697624 434813
23063 345297
376392 594794
851317 -977009
34182 -568828
960576 -936594
-254774 40077
-677423 -180485
624833 912728
632178 -986113
-991439 700735
-138625 -745197
585761 451455
923673 665647
-668056 -555770
-550501 -599643
-752256 -305354
-211424 -257374
185132 -188363
399651 -359471
-985686 -432416
-251704 627985
-754944 402826
-328576 122717
-255178 388923
-404204 590670
-454862 -256734
-623396 -154144
841440 119551
-301570 -470610
70751 -654171
210394 -966923
-164242 -872424
-599650 -555236
533595 907046
-77682 567632
146932 -774633
-774612 775525
-617592 -649627
-336342 954119
119718 -335228
-213164 823153
150449 -715065
701950 626629
-192203 458828
-658595 -442840
131563 571128
612383 510663
-71907 609462
-500256 192044
-428846 -579823
453378 519903
861562 -407399
899406 -767949
-779133 -406830
78458 -982292
-681765 -687673
765717 -698202
784878 154542
977576 -896422
-998315 319132
309406 -427175
-168753 6313
457427 744654
878360 691102
-58195 980480
587126 38985
-402828 166249
975346 804114
-62207 751305
-405468 -208761
668878 -94197
-302821 803701
-132935 165802
-963960 -268806
-942181 -863408
118687 169723
309816 -149214
664397 -914411
175220 -123066
285833 15977
-561721 996929
-705673 372372
-461985 258224
539156 464543
-665174 -391816
635576 572924
394431 78234
-7237 -381122
-966118 340062
446746 107687
660336 -160922
297417 227847
269862 -647760
-219536 814449
-610308 -990942
926387 -346916
937003 -122006
457146 -738745
-80868 -309773
256031 -918421
992385 636404
998891 -551491
-545917 517339
-130670 -367895
732964 -304355
-664373 -162115
-763244 620603
960225 259082
683917 846649
-226032 921957
327201 -469195
-922138 -858467
-194550 288398
-804685 -798680
-774329 -772416
340668 380309
-322210 9800
-949334 -226664
754477 492767
-944422 468955
-50348 373415
98491 393203
-556362 -129542
-866157 671875
819464 -672973
-741611 -598804
-607116 889557
-239916 -200386
-44091 -11198
-322040 828294
-548652 500106
862934 568787
-486373 937307
78611 646845
-98757 -628458
-306930 -264686
434252 -494825
-463973 622150
-46945 461556
-363834 -983417
-976208 749617
-573775 -884774
450794 -398164
281005 304089
392956 -273370
201280 -513736
-804395 236758
548675 456059
893043 -459239
825531 -371308
-204048 111191
183923 -119920
-906370 -154525
-460936 -179375
621015 -287550
-171085 715211
94614 -598018
821848 593632
-249088 -477144
335717 371257
355530 -49048
-984085 486705
319357 274682
-93452 -263275
719412 184753
-974047 153048
856862 -693017
714766 -377698
909448 30978
-288110 538021
543950 539143
-956424 -315582
852103 133885
-162036 691674
317483 105726
974792 -186348
-913426 -727890
792824 -990983
201670 -890914
171559 -557528
-792945 463334
212643 -129288
498280 -469673
87025 401615
67421 602546
229962 860851
-873989 707960
967508 -769717
-124419 -274560
854002 -1473
637223 -299009
-753721 -51335
-702013 -163931
-75210 -958853
-448819 721026
143155 -294255
519896 -200888
885596 835018
-78431 -961531
-725441 -257523
-181523 850093
-970054 -939619
826833 -352320
580143 -535484
-731145 382971
631766 875691
357261 -267258
171002 493566
-14193 295548
-761269 694460
680537 -545082
-457389 -716278
-131906 516418
-276796 -221
370020 -302912
542506 -386946
-348349 -210382
-232168 793697
-566337 -407211
513354 -71084
586355 980235
229873 902168
557923 5700
-905884 -390471
-993421 513066
-440113 -504829
436269 543419
-236208 674100
-78634 896314
794134 119500
691509 -600290
861993 982916
-595871 710506
-153198 -16735
-745906 138030
943301 -769934
-489399 -685776
-569684 -730305
-829193 880323
-96378 -317769
-790786 -804610
493953 538836
-342442 633282
642037 -688966
-114464 -238532
101088 -410190
-772866 -104781
-859072 620191
-76850 -949799
712010 -465032
416427 -645856
126451 132429
-656536 28102
-265092 -996191
-823033 152122
536846 -881763
-949301 833120
7638 801833
-574008 19731
353847 -193177
996473 586621
-515299 144088
-996222 725617
-820221 -766848
74072 795764
609383 153697
778465 -420180
-999232 -58661
-685385 604501
785555 -341418
-640607 -761835
-804131 -459001
246046 -436877
-826288 147850
258566 -888119
833536 -859458
-530352 -183316
-124427 496499
423045 -442011
977106 479430
-320185 -144278
453320 968757
666648 592024
-139807 -579695
-916737 -674272
-838459 -52048
-197742 -667292
832314 -508586
246746 48756
-408668 671838
465857 767027
714945 625146
-67058 -611782
230987 -565434
-470894 -556093
532359 703878
-92823 258567
-790481 885027
-675704 -247699
-133433 213523
-981601 330643
-935369 752377
-507103 -969634
-369196 -52937
336739 -556717
812834 262572
176131 777717
254089 723176
898343 345442
-233668 829497
873625 912197
910153 -414880
754928 -308973
-323581 -215026
-191656 -308183
651117 -847943
-674691 589671
879995 242532
-298465 357589
-152268 78753
-342394 -602625
-55359 404344
-752699 -59650
-485690 821394
-421022 -523194
265472 206792
25426 -850487
335462 -239082
502364 540755
693457 -89649
248157 -518747
699923 658570
-774449 -997195
-707318 245127
-708997 432030
-579017 209950
-426047 792754
683759 -587439
532658 -388834
-416533 -314039
223788 241313
-437344 -276600
-600059 244351
322577 19893
604297 -456285
-305506 100943
345227 395231
-951044 524488
-433515 610952
400742 388799
387482 -170005
776972 -427997
-344147 680267
-251608 327555
65450 -548174
35025 987296
-66939 567438
-432640 159064
-61332 440583
-253300 309363
-352789 -624848
-435093 -123968
748537 -21213
366488 344200
137249 125466
260720 568035
634204 -13910
-470576 -179271
67334 -64440
382376 213638
-680080 206136
54068 720794
-181128 137011
-662491 977250
-790904 684513
965530 -236540
369991 -994385
-209623 861689
323774 699841
187042 -497850
619541 562490
754372 -533178
-505972 943887
-334798 -92733
224912 -203043
-491394 814258
9338 -208148
480292 -92818
229651 841468
572467 406469
7634 859243
208064 449010
-636062 -804217
-283500 -555001
125458 407212
892160 26917
-137013 251276
-717973 685357
-281741 -596293
-88414 -870626
654555 972988
937674 -451095
-247147 -311457
288209 -113380
-166769 -390057
100967 10251
-411740 -248285
-627195 -583305
629764 230361
703472 -458296
-293202 -703608
236964 -234219
-621402 -683209
828267 897818
-930420 -509110
676538 -799991
149692 -724947
102335 354875
275513 -472563
-138819 -479374
-891297 -842766
-747223 -94300
425188 -615137
109436 232232
844853 55688
59325 940147
337713 463216
639793 467332
984040 -59384
-856032 32272
-66074 -844216
-400435 -567134
-701936 706630
-241096 16404
-869919 -897175
340889 371952
-167708 -805742
-554684 64020
-54086 934468
-813257 -558994
692775 -805197
-563231 317105
-577327 -804681
894470 -431219
732850 704207
-339915 -855313
-747669 419740
-656713 538521
997462 412236
56448 -277120
296680 -10234
-701037 -236351
-962094 -450182
222533 -873583
829275 206343
-48855 -789401
-409092 -390057
-149423 -954754
-833960 220986
900506 36920
-938669 -24623
-913683 286407
994690 -447404
598983 543726
510696 -308995
-410833 812302
-804161 952827
191986 66235
589835 -393078
-544717 895318
-107971 -484583
-842570 669033
546148 572558
70269 -634998
264449 890994
384484 -45164
-953373 851150
996379 -340919
-393525 52751
761967 -707327
-907254 -690791
-271724 -354538
993727 -52783
980641 -682025
-425219 119073
-338289 969122
-632313 459754
75257 -398662
166273 -393726
97314 185354
-395767 30472
68470 -453504
-603959 269343
631838 -887585
-692811 166819
-441621 -748142
-567885 -444843
-773220 -258709
-165630 419833
339377 422641
371902 815140
-320376 -976371
-264839 -673468
88661 882913
865251 -536335
-692651 633261
394921 267489
567062 644974
-177490 -988852
464841 -820460
805643 -488372
427761 798557
660487 -2629
-984553 118819
-570084 54741
-436096 -586894
55758 -211479
-838532 -343912
766904 727590
378479 -757455
-535683 -250796
210589 -726951
-382425 570037
-182587 604736
-265396 102495
-556620 943979
72227 87854
664182 371385
486421 -889353
840204 -680633
992243 287246
841484 781204
856789 248111
-79879 91201
570745 -42433
422339 -161872
-394886 428070
684390 737478
-402953 -923076
-989815 -923349
-104045 406172
-988306 -136704
802978 626052
155145 -406752
-1937 492282
-619555 780979
966485 840974
270151 -85528
20552 835904
-473605 -166014
-734420 -357220
663515 615969
-788408 798319
805409 -208997
437507 -10881
482598 890095
-256125 534493
480954 465404
41335 141513
965004 989102
173155 -306324
533333 -135590
828602 -288678
530451 -912071
790343 -702152
-505187 -187221
-318233 238197
252220 663237
-687600 -386174
-38943 20029
-695438 -945242
-836504 216835
-256739 -991493
813304 -300561
-959873 603867
-676711 438345
-666974 -58136
-217616 -692721
820410 401995
770086 16672
98384 259722
-570982 992712
691515 80048
-62836 -789185
-121319 -581915
-905778 -381606
-776361 309819
165698 952779
948121 659510
-436666 543502
-443790 458433
-700458 919909
369754 776186
469487 -733735
-493799 12216
-947237 731080
-36312 -756862
-646516 380979
-469368 -861405
423814 -742538
-155748 328532
586709 527226
860520 677374
-501129 939976
908190 -492843
-407673 -726823
-926834 -228808
899314 -519244
157402 -782176
-349963 415643
-737027 -814891
-103201 -190071
699190 121203
90825 -212410
-736147 -995690
-240243 402853
416155 848926
565652 -701786
918829 -255756
-745743 -726722
-633540 627366
-526394 202232
-99468 -579273
-276495 -531582
-162871 -154073
-789087 192357
-650220 -206341
-710385 81746
100508 -438219
-815190 -329544
272510 -916910
-314393 -831273
-640026 -224816
-547966 78841
381780 74034
821632 214839
507057 488269
890676 -153683
-832270 521850
-109126 -350023
-130324 -950476
-447027 964215
81110 857294
151424 -274911
-972732 -929221
228410 -391908
-321821 10980
750441 779087
-532878 155578
-812953 48417
779896 -37535
594346 25210
612149 744629
329839 -156125
620986 -560066
22709 566441
-211053 -996767
791251 -474919
-389624 -161012
-639253 -743841
-898393 462205
-176512 -828821
28789 -352599
409025 -704718
858994 -530116
199368 -913171
-456907 511435
409202 -4378
-630078 -543092
607601 -280881
-32083 -285278
-667354 -772522
271396 -398918
88207 36817
231815 -562090
-68290 95799
-478085 -324275
60987 497643
-83151 -168380
-617595 -679096
126057 540680
927130 -442876
171130 -932878
-922209 507599
349128 -896593
499692 -143866
887210 -712539
-309633 -399975
42072 -620954
311819 -765277
562111 132041
182294 477732
-905521 251080
-246427 859914
960839 116683
737723 -862521
782548 -379800
-664329 670180
-585133 102322
459797 -804595
-739762 625145
-813727 495518
-970158 -27866
-193315 -382281
854008 -269683
-709304 -292101
-723235 963829
-894535 459829
-931806 -550263
-416972 -127782
-866904 -776808
143083 207049
-581814 543949
767619 695937
-379437 -789682
-530249 -201121
-481259 -779598
297583 396059
373221 -952783
-939761 850985
-182165 787065
-694275 897033
-829919 -589559
20981 -717194
-159849 -184242
-192747 -164355
964448 357449
-107243 -22297
-768644 -436604
-682933 553818
-366601 -500424
264004 503292
178322 332370
-4214 77436
-158165 356445
566392 291285
597141 964402
916191 -239557
975150 -272887
376609 977565
-882718 718520
863416 -409963
608896 270379
432003 -146918
360012 306587
-447641 -52407
551887 295189
476590 -402217
475997 -313779
-809065 181879
416374 -757277
799419 -267475
-945250 22887
212923 -283979
677849 535439
154599 -743552
-950413 529845
924975 271249
-835418 241983
-540642 505889
-131001 -421807
-598822 -562103
-270669 -46224
238681 214167
812992 -628669
-260324 -954971
953245 -122038
642078 -483227
-617114 849034
143365 -399203
-825865 -606357
443817 694204
-905619 117620
749126 337471
-561916 897227
166787 535828
83550 -34746
912574 -143703
726878 -645391
158650 733659
483119 720407
963239 -573186
389489 68982
-855887 -808345
441784 676097
-411771 191419
-751407 324435
-988599 -318363
952823 -278696
837535 233651
-382040 282071
725026 -661656
-698133 -139050
784689 -23125
236312 -265754
788294 -62982
42171 946407
-213608 -164260
345933 450783
-519568 -392029
-904232 874912
148306 643897
-659871 932916
364648 814566
-696678 995962
421170 -221094
974926 588125
405616 911127
-493138 762731
785652 913574
502864 -950570
-346954 381092
-474484 945831
-927467 228512
-544937 -236024
529916 -855705
480473 -619775
-614546 -121511
973608 -491627
311235 579103
364771 -366593
-469281 715665
228797 815232
516658 499584
592547 427652
642772 298688
992728 913577
-285094 420414
99092 55015
352031 722144
-463648 -285212
-364706 -418240
-905250 -82864
237698 -244009
-60068 -571235
-665749 821606
-55518 -30945
389919 -424884
-439793 -960722
21006 529456
242558 -467875
771439 -254397
213569 -225857
619359 565960
-514951 -105458
-271906 205015
149288 567502
-174341 -539464
-354373 -354637
-60368 513678
4148 604894
-553031 282539
-100778 -569201
-228684 640896
-575351 -704293
193549 -510844
-506256 40918
6009 133717
-776371 585339
804135 530012
717752 361861
122452 -893967
472586 718448
-937980 848742
97468 629933
714946 -553420
-89574 358120
186970 -770477
733952 308212
482089 304986
251395 -736525
802920 209999
-947410 -689364
977524 -816182
812730 434355
477925 649238
-812016 354967
-389748 481809
283789 -558397
-933685 -226500
162013 -836496
-835230 28869
980921 463281
-928578 921882
-215938 -406163
-549478 80315
-541684 934183
552302 32663
89096 132511
-147155 -68443
746043 445272
-214514 -34787
118232 -329424
349627 -249292
987728 -532221
-158811 175185
436501 -128271
-247282 839049
-91548 -284197
-861731 -511108
705719 961997
610280 -505639
661409 -66321
-282251 412582
814489 -155715
702020 -19863
-667239 -650878
-937277 -240928
-742038 828581
203866 -39759
-566786 308652
-210517 768634
362185 39698
-172280 -655662
-895639 347147
-866291 -214859
754973 14888
401588 -249796
-321066 -906235
783047 -512520
189377 -766552
-343827 -307849
-528113 735954
433816 232384
-720412 -216365
247968 120381
222465 958096
505894 -252605
449061 742383
172698 495055
893174 950551
-541320 -816786
405981 553102
-500676 -312348
-407649 249600
701189 -909958
208133 -812645
-429513 166847
-602904 -244616
857740 235465
-121480 -102369
914344 6731
188270 911610
-646509 366315
-235136 -260101
-445008 -606510
-462608 967737
-983495 797405
-449629 -621659
-447702 35446
150311 -238782
581538 -340790
792427 -565538
-680305 715013
691112 624660
254273 -334440
-429973 -453199
-100252 -755077
-52822 415070
868077 -318340
104650 371956
162045 -877826
727244 334203
-751350 825220
31879 350621
-43424 -821156
-222150 112806
432715 881636
501109 -220076
62635 -735109
617279 989536
-317229 -151044
360619 324319
140475 -716059
-244016 366199
-245468 489447
-957229 825225
-49459 -277477
-516176 -845842
53052 704131
589366 -722569
-861188 -949769
-622122 -225545
173155 959156
54512 -645938
85858 27962
443340 357563
477280 773413
838911 659871
-504657 -755993
62359 640574
729 840384
-408114 -986685
-172651 443623
-784977 316364
180267 462015
-764187 804872
-179809 -319290
-440238 -866870
161384 -143430
-706785 -449595
493158 345910
-369159 -763754
654415 206181
137155 -770063
304071 107300
564041 887535
-848048 -827918
-254135 368053
-518647 -956936
424983 648506
-541262 -41248
-923299 579926
-367650 293797
4853 -118671
-576931 629373
-465481 -415326
-201295 321089
221993 951686
-84183 738241
-308213 -810640
-882580 -658265
-728006 -984444
62304 -284222
-478681 955993
-762408 -944220
-840406 68277
-555561 327705
-538692 -494651
555913 205697
464388 705002
-864771 185710
-431354 909051
347507 -539886
849700 24130
-199768 307450
905634 -163443
-785566 -21675
-130836 -448
200891 526507
-876857 -362903
817166 981729
723665 -357542
-223532 -202860
-535016 600327
244680 -656409
-109522 -614226
-37122 -138979
-154975 198645
-861701 938239
871495 628342
97876 -415587
-737888 -978241
272825 23238
-442737 -427150
829264 -758280
813940 17326
-143128 517494
374244 12170
903569 -177719
-950978 -711650
-915879 -114976
439577 -259192
-57450 -810846
-810087 527852
658920 -843475
541012 736372
639798 -86826
476656 184119
-540652 -530948
747596 540878
645339 -47863
-544117 708293
594826 -665098
-131115 299358
-641400 533798
169631 520936
-679302 213177
262031 450981
473106 -711402
576192 592936
-824782 -452014
-252763 197193
-913032 -879192
787966 -155533
933547 -387943
858044 796706
-307173 498909
-898868 -558004
-86153 805212
230187 -181373
763347 -874886
-817380 -819402
-366597 999453
334509 -525810
43941 -653167
-439959 732587
13847 -282436
31408 -236346
-28796 440338
-438554 -729334
-973670 974949
-805813 705774
-246585 -110778
111432 548418
-363224 -136367
431126 52632
-15346 -472503
815353 -519977
-486421 160421
-751079 507347
-192090 -861128
731109 707336
-998828 285007
-35922 -678791
-765359 895866
476348 -415280
-948061 163753
-67246 492262
224449 -29833
292899 -446895
573832 447615
-980658 -406809
758345 -487259
-290660 -507457
-518776 878565
110077 955225
-266359 376661
348471 -696753
912312 -240532
691428 916009
-102106 702672
782620 -588058
-945035 -250785
-431283 -257881
-539221 -598511
556158 -423201
-992947 -197148
-202213 819972
-106411 -218487
630820 530851
-426453 608153
-922333 -787083
-724342 -453420
259697 302547
540284 -533627
-365864 179967
-896392 -346826
311890 -106370
-176375 675746
13139 242350
-311939 -967781
-307636 50249
704430 752613
-454975 600701
374167 -653904
835273 -182630
64283 -366313
-225486 -832203
-812941 584021
-97335 508592
64973 -418090
-921828 -179875
752660 -266859
-788870 849872
-663072 -264115
-814319 -763262
978238 890710
-428481 -538858
3989 219017
66855 -831875
469301 939836
-625145 302640
401795 206796
-77565 -720022
-511753 559676
-791399 -388201
541049 882815
-498565 -573284
805476 -857152
-364289 157910
459491 578528
119948 -339253
812741 171865
795990 -766595
-591027 -908145
870872 -681743
135670 831747
625649 -372608
-402042 -792943
-20078 -230817
-510096 -238611
-346275 -764582
10268 470581
-589560 23317
709674 450141
91591 62978
-674896 788859
146764 197182
346101 500818
-361589 8087
-387600 -365632
-726950 323746
-694177 191444
-519497 980123
-938807 -129950
-374428 -872395
-807969 898479
-478064 709163
-768459 -747978
118120 -316806
-560629 398583
-296464 -30408
466778 -422039
-308997 610795
820452 473474
-947064 769255
566374 655634
-80341 -665755
379471 382867
379824 811009
995728 702354
518300 969231
823191 533546
725129 -851808
359959 609557
202076 704920
811116 784028
93783 465097
512382 620035
386467 546586
-268451 -724078
658689 -950743
340212 -843574
254772 -39416
547729 675116
143515 880478
743831 400281
-961157 -529929
-884783 -182762
318616 181692
-362145 -892490
522073 223657
-950276 -972680
-608016 123427
125586 883505
-164700 563638
-320638 517225
862417 935593
-791525 -595301
-839353 -767183
714501 719370
328697 -745218
-254605 -451114
-695783 31749
-405001 -956191
18059 838851
603353 -913960
-876749 -940509
-940140 -730664
578284 -746251
249837 203075
-487291 345287
-396947 -61837
-876230 387200
857731 -439547
-768460 559281
-459459 -207705
-853878 -959459
-409213 226360
60401 766060
453699 824158
994784 -446889
13527 814686
247004 748929
167531 307776
988679 -305748
613880 -456445
-617933 787762
-626377 827477
117314 512732
-96179 -437827
664253 254730
240303 -775400
-206042 366065
-705584 569144
-673308 -567061
71281 -222455
-465302 -62751
-216110 952618
-427759 217752
-898997 614756
-676079 -457755
934593 -680856
-726547 -743396
-9047 -545673
103004 -367742
-112711 -291759
-803511 -8772
169204 -601482
-270215 779417
-531265 -786212
606132 534034
-731200 -670430
-406278 354504
554176 -285870
525616 349678
-198946 475831
-869482 -49631
-189515 -71884
142992 -83231
-845241 -198422
-153604 -608391
-643055 610696
-789619 -573790
145075 -685344
495520 745305
182914 -294264
605136 -875413
714805 104724
212972 386048
-852707 -205255
-455176 -21278
934612 -918042
816276 263436
-328080 75705
-664276 943140
-200634 -917110
470001 -348397
-487814 263024
-532915 605320
-906297 699131
-418744 306206
-401209 -586983
515348 -401885
-476525 -673162
622847 120809
-398866 183012
-279313 524847
-920278 574821
-761357 486286
-253417 696598
382280 -238676
396656 -124851
-527501 -479435
-189684 451648
798951 -570669
-938552 273385
460172 -788227
-796793 -726325
-402920 -63111
-151118 959742
-105298 949710
-477342 12596
214186 422776
-956958 568732
-345153 -642805
272165 -328159
-239634 -740482
-348031 -476517
262388 -21080
-642031 83892
-18815 538773
742445 675055
867604 303149
729299 676278
908270 647840
100095 -68305
277579 -965696
-765141 -519478
536364 424170
-204816 701800
723550 639193
-195094 -191619
534729 847847
397296 -105657
651868 568827
382989 69602
-233651 -437604
-372248 995442
-473852 -608157
-1263 -715078
-459734 120878
29246 -620296
392332 -455249
401651 986154
-883241 -559557
828308 -225578
-821900 -892427
826463 -485339
649771 -554644
-245742 -214596
483301 801388
402116 -700300
-696394 635397
98220 904529
6541 -998393
538896 -101040
617276 -201873
904429 367187
246370 -645494
287632 -5983
352820 593567
-817318 301273
582333 159659
393168 -185236
-350943 887725
-146193 -275427
-753093 -71332
177057 -228276
-765619 -40747
16127 -839815
414068 387221
893248 -666873
-61802 -452084
-119889 -63982
-345779 804130
-319061 -10492
-294597 107273
702616 209083
-36796 -579497
-74388 -865497
630768 79815
-640611 -911153
658273 -714667
859839 -768622
930313 35652
-275483 -532833
-688540 -661997
618373 -143976
69936 -193708
-531360 51019
753685 -365547
-806248 -422489
-141467 -915974
-539813 -836771
-233911 -316514
-977977 -120001
-507874 525536
766832 -555766
845228 -705140
117058 554389
612871 -345341
9286 453031
50611 866327
-79241 172612
770953 979086
-18452 -283891
-454075 875741
445904 92969
613072 491877
-336787 -197634
200496 146626
597126 898942
-524374 623505
145934 833693
-509312 -346555
802828 98300
-318875 269607
-828455 -517383
-453977 567752
304776 -924167
-480727 -984188
-911811 849685
114439 101428
985563 52253
-537219 -663169
-252742 747451
596274 -199047
787570 223121
552670 -738243
396217 -120538
-35615 -795213
865488 -59818
56730 -917163
631266 43383
697196 648499
-536184 96158
-80842 543911
-744104 -766682
-822224 -992675
109266 87835
-925290 -242248
-66712 699289
907781 -137895
885445 630149
453660 995454
-661366 287349
476405 -469049
-41331 90477
459754 678511
-929682 45192
-751101 854603
-632223 274179
-30228 -182272
-402835 -977874
352142 963477
813303 177677
-273066 123959
-810629 -962144
-223041 -381110
362924 -711129
531661 -728878
-662283 -345834
285484 -809303
-81003 -470747
941836 561484
-638336 766867
57914 -149253
-424901 698727
-617078 -263277
-972521 -804761
-81847 882927
-961291 55811
-905506 -714580
-843143 -170003
-532927 -305456
-436788 951368
-969945 946527
601654 -107561
756344 -543771
-413613 -740345
206917 -247869
-910965 171122
450647 905097
722553 -34882
-653929 -713490
-531591 -460705
-462411 775794
-627820 267005
302499 229974
392287 688281
-61374 367882
-779917 374255
801889 -843159
994196 -796915
502781 788067
332971 433919
708244 930160
-270386 -57846
605344 -402957
529293 992258
-908040 244317
924514 -212651
987889 745744
504578 -4057
428131 536060
555180 -403302
-446532 194037
-409751 467023
51351 -84375
227110 -532208
32795 -165359
189477 -776029
976811 -135570
199493 484954
-769563 200414
-5086 -94526
392237 438136
-791094 -772701
121575 -267075
196441 755811
370535 -432892
-316143 -197158
986960 432591
-604276 -568078
319326 117902
-245052 125869
-210730 743233
248768 -537524
-138378 -203893
-334493 961785
-631805 528765
884060 179864
167499 669275
-510830 -562923
531282 -797163
-331160 543919
101388 830901
259120 -147977
421286 592479
116468 -636377
969815 682355
718093 855017
-380853 -565185
-386620 -895624
346075 820431
79270 645099
-817660 511947
456130 -74736
261455 180042
-367761 -399889
953287 573105
-552224 -927947
-34155 -311328
581324 525167
739226 979485
178957 776910
-874324 360549
-395617 -943559
-86879 937725
875090 290817
-279975 -513265
-802407 35014
-476043 569365
840977 -562061
153399 -950261
182124 -46248
-452959 -183761
-245276 -873104
-599480 150932
533341 372573
-4774 212566
819620 -329938
-67513 -49818
422986 -541609
-68651 -154414
-880132 1153
-397056 801423
-1807 -526322
616916 153680
-15753 522079
-163700 331010
182355 -140967
775304 408402
535890 -197751
-162606 -299198
673179 -842354
-942673 559960
168761 -925251
-319261 -972604
-700570 47667
-204149 -244173
-140860 -825862
906032 -942751
-645940 600105
761703 -922682
737549 -537781
664206 -516045
-352480 561857
-395853 32729
-15849 419822
-83645 608405
624171 833003
-681201 -182658
130147 8399
-986309 -756514
-778882 300028
-643252 -972353
-601869 -506906
-562194 847913
-572298 686114
224628 105415
877680 841393
-603744 -736760
-621653 546872
-8595 -350408
-836309 571981
780613 467976
154240 -875592
-870960 -863380
701104 -836757
751105 -524723
-471431 227326
-104401 924892
-888091 751021
-520334 970098
927411 -524230
-788724 -542933
-265354 -809345
624397 789873
715594 -893595
-64909 760620
39010 -349855
-183700 -543922
-361302 -346684
-87676 -582261
-32 -30810
242496 357094
329424 -444512
-57307 686468
861104 -218672
140475 979507
820844 -605285
991998 733397
-961528 -683725
771857 -281108
-828846 95408
-606448 -212877
-586237 -946369
988522 -230850
-224707 51447
315630 846332
-697426 -739838
-284208 -586110
-255858 556521
-520142 385990
-563880 9571
-561344 416688
444317 751760
968378 -150086
460744 -913509
372279 961206
700567 907665
-511729 285218
-227189 582028
-551164 390234
-574427 794417
-29239 -357348
-993894 529577
703942 910579
468731 -121858
910226 -533552
-499536 303528
-701129 817692
-640888 -166005
-385567 381793
147229 867282
-531958 -233751
973544 196480
-908017 853936
-19362 374804
-747244 -112928
963368 -966371
-817506 -540109
513693 312915
532771 910608
906590 -518621
-863821 776736
334837 -310894
859485 -241350
67483 -790510
-366243 870046
-247616 563300
-127491 -858873
-906972 787998
-438465 383550
-414427 110358
71375 321737
591576 -364029
296867 -293593
-280568 613353
-320815 77037
-744365 825943
92099 -242764
579161 62471
-134977 -323357
-95220 -796848
-425338 183542
690293 -790527
-656137 378077
-328285 862605
404478 -703338
-346544 -724070
-712037 456525
-713119 -289443
-490927 -904086
529630 -91589
-156389 -156782
349693 -521923
381448 -334363
791644 809052
196659 -975759
633280 -826486
-790302 246253
-479638 278528
240992 735587
-109244 439734
-843733 190650
427119 -227144
428021 888589
380499 6304
-268980 659964
-138692 519528
-454254 -996240
-976303 -335910
-356395 908409
-256801 355278
379288 878120
193534 -822004
235273 602663
496018 97641
674255 -954956
135942 -863050
535860 -93301
427016 668577
423520 263172
300529 285335
481769 357855
902285 -709962
430715 -850879
110008 -852013
747739 125137
475452 255358
-980984 250820
-483174 -211540
731787 -973796
746969 330402
-621609 -333759
806594 756056
842917 921945
-571243 -953753
828725 93354
-690230 -978867
903486 -103673
-36019 -745744
-39379 -801731
-269187 -351877
-322281 126013
40653 699577
-577496 51799
406860 -181141
-333443 -182098
-981261 -629670
698456 -296976
-665204 -954869
-748471 607369
688943 -91916
-133642 -6975
-61200 -886424
5544 -553559
59773 795427
364933 -925268
-174961 653865
106158 986500
-83130 528982
-787431 -844062
-605763 -203480
845100 -139330
852924 -885776
-496847 350143
289040 90034
690238 -239943
-627535 8255
-264832 990396
117112 39481
-725753 939709
679458 591863
-783622 -771785
813337 682903
-344352 -879347
-535494 782334
-669088 764268
19595 -96011
-581238 285568
753813 -724753
-757808 695455
-603855 231199
-902727 544929
761784 123731
-668895 -276599
-501659 578497
59129 -647927
335001 680142
779242 634211
269856 636474
89238 -118901
452371 -622364
620377 276482
140633 -811859
-779754 571489
364285 -883113
723444 -872648
245624 63816
-50063 975747
-420634 -355755
882895 -397458
499796 323885
-469869 -545965
492922 -65335
-224430 938942
783210 496871
288808 507125
-841256 -981534
-895852 -383976
370379 -341073
64494 -478271
330648 -336834
169662 -711804
-106286 213479
-625526 896261
381815 914730
-241247 847069
-313612 983957
-383376 -564492
-292920 -434079
59337 725238
735917 -353509
-562351 102957
-720564 -340700
-194210 919003
-892118 -164169
291837 8598
-324429 -489825
-456556 519868
131266 -385722
665622 939792
118270 -649213
701068 -560158
-423199 439747
-521395 87485
805825 -406410
739507 362916
-884981 709628
539373 25306
874816 -937571
58594 -954855
576985 -914375
685530 -657601
736816 498071
-538434 -466886
-541572 -466288
557069 323570
532778 969673
920073 -18147
14074 -987593
856675 710483
-221621 931680
-444268 -272424
-364537 400024
-758281 48579
140081 780679
526196 -456758
-287621 -411712
-610918 225649
595444 60311
-143718 -544096
-743135 210803
2300 747025
-805096 770202
-109562 -891664
-682169 -228136
-462522 -85600
836388 350157
216531 -300895
841194 449644
306524 -4829
-530637 551567
226067 773240
209407 -486711
542650 79140
324703 -903615
88092 475043
993350 -200496
-53540 -57988
838306 429835
-962144 139169
569470 -665150
728927 410075
325009 263906
-287226 -584491
-17022 101686
485278 169721
-675529 -498508
-460762 439428
-323995 -204617
-811174 735592
814336 353720
353900 -709373
462865 -620764
-842977 -820957
617242 891725
333809 -374522
-513880 -667620
-656733 -112531
686016 264991
246641 501649
-353754 725870
-375868 453654
-760541 -715003
910739 -146504
-174760 -146483
-653280 804916
740129 -591018
612495 294609
-403235 -205657
-679543 725211
652451 966826
398458 773462
-108457 477370
-191934 -262418
978376 -924435
236588 -577228
-862946 -926142
897180 951178
646092 -890055
-467592 -56689
-731190 -741393
-26426 -775761
916031 -695826
-402188 239979
600166 -293723
-701609 901047
441516 -376935
-800446 755872
135225 685903
472879 230471
531440 872269
-822103 973318
494903 -28524
-525563 112759
711971 -883143
-973751 843600
193126 -509965
160508 157350
-157383 788318
2501 346709
188061 -623638
-249517 -24017
813452 987452
-52698 -630619
915533 -90599
127109 -442048
276421 828364
-285204 -187750
762508 488360
831690 -255332
-263003 -105676
280557 -89868
100336 -387634
-96357 -621350
32383 -401853
-184879 -767079
544940 -227973
-290817 -37504
-683680 -993397
685947 158202
206741 -421076
-233463 -606448
-534655 760093
-435690 328882
-793010 341483
-747434 -861068
