2345
-942216 526206
-132759 -335509
-75829 -883853
-636725 516616
-834410 -123223
-924369 805296
-966300 459020
-355339 -587655
-298716 568490
140094 205054
-399655 798827
-138221 -10861
-866889 -885464
775410 -133009
980747 -624953
-682004 944364
-579469 534748
298773 863993
-948704 -301588
-984304 -23480
-135229 264803
-415815 438099
230388 -857963
26680 287779
-224766 485378
-145676 -814502
860131 -415395
407024 -812228
870837 268827
-225162 -444777
-368491 998985
-975204 -957116
747203 -934880
-963696 -773890
920436 341719
583042 332611
-62452 973279
-821198 442925
-377023 -817795
-848405 -670481
-792274 -376353
-351115 387807
719208 711391
826050 -743501
-200450 375853
-103442 970074
-531450 903594
856012 197368
407960 -943226
-115046 892581
-696652 -912667
-823654 -925999
41528 491039
824665 -979341
382232 -406260
-846577 919306
-924564 -402332
-751841 -294374
-872379 -945292
-593685 -10562
549375 400875
-624061 -749031
-712157 977206
-339321 -172472
-616001 652061
-923086 -716941
650828 669051
-749076 116914
650752 417554
-598350 84724
-697669 328104
547295 -4678
963099 -119850
-990239 466785
-285701 -571155
842237 966721
-564650 -795725
-461414 287467
667561 461317
-37863 -557621
-656458 40187
-337357 970208
-966994 -930547
31669 754085
245693 585572
-541887 34214
922258 -617347
192147 353617
588505 -608336
505358 670934
187046 190206
-411758 663162
-448962 -446872
-187098 -85722
322816 -370787
839381 763613
-671664 -27861
-881632 948469
-749512 -721869
-455889 688150
225807 -828420
931229 273307
-540156 -614441
-930421 214791
839163 588582
81726 -27193
112686 -70271
-114859 575270
-12268 -549279
-959799 -636009
775978 -87582
532643 -419180
-137901 -259150
-93094 348921
17509 -561074
-962137 610205
-469677 -690406
-85900 -843352
151429 -289975
-921654 855020
898005 -673702
-791200 439330
356572 580850
-997517 -241912
-760030 189613
511075 -755649
726342 -228021
908305 -682841
571132 729277
141674 837532
182708 -491047
-201839 -743388
470362 -723968
-589618 313879
-141911 270038
322789 518604
752104 600376
625151 -413973
181902 -625932
-685391 -51091
539098 823354
46786 -349931
-293286 466798
87206 -383427
959603 7000
-48487 -384862
-867306 -522936
-833023 643874
-276791 -169090
609684 -926777
-951179 -641002
373509 -728320
936040 -975723
-877520 337589
-776274 685785
-793899 390527
-416907 601858
624116 745733
-176414 458383
784337 -964277
-953634 -439411
487081 320851
-760584 -805220
-887402 594238
-386166 -77490
828276 553940
713356 -555156
-782814 427195
-300660 355431
-90094 388532
59253 -473875
244758 -364365
305194 339007
-620144 912380
-552756 -529805
385140 -778541
-285060 882312
171779 414020
-951193 419662
965360 -445178
739014 -972915
340043 -782756
623242 -786690
478411 31829
275351 -932309
742760 -669978
-236411 -356272
588292 -37533
-780744 -359151
-750599 585181
-938626 -541623
585256 -930170
70612 671318
411437 545579
623991 536998
344787 584324
-393911 -460117
102809 619781
563633 11557
-474144 661629
-315058 -583985
-964510 -428936
998299 230814
580287 270391
-811879 27336
528720 705881
-966043 -836477
240893 834616
-105070 -279583
569494 145398
-608007 908292
-412490 -658827
381914 -371558
17834 880419
884692 -597971
219948 708710
787253 -142660
-961148 -62471
196132 555030
83415 -88681
844622 -467216
195928 434877
484148 -668639
768734 -114867
-712210 -501380
-642473 497827
-52532 -140618
-816231 -645267
-302508 -453774
215534 952976
204148 -817463
-637940 -524511
-680809 581812
-733885 494691
-162943 292293
510782 877928
-75621 579383
868882 41249
768332 824301
-286920 -256527
791111 -532318
308465 -537630
-186158 -86522
875058 -238081
877326 753201
-209217 -685132
778848 721825
980410 84562
601046 535776
-303814 -145264
617562 -78047
-657983 943927
879412 -674414
478964 -861636
481242 810915
644862 299349
-223984 -8636
342941 902574
-349755 -61200
-317904 -104614
957175 -402550
555880 -591779
103353 -137936
-865320 -961910
376457 208088
560373 -723700
-346918 510790
980432 -66570
-659968 -611740
328382 -403735
-365273 -913609
-542057 -679389
974641 422576
718091 -84306
-25650 -840736
-175988 -512551
650169 834741
473155 617707
-607144 754977
-177747 -768927
911833 -921385
-276745 608410
-768591 212324
-948486 441212
450894 866947
471741 -15206
-537669 -736686
-772637 709918
589958 540758
-113321 60290
-145390 -232399
832762 -636200
-997032 123498
852733 116316
572799 -390459
-297067 764440
-868233 -964699
324972 694176
-290038 360207
-279722 146026
-938486 772881
437720 -185701
-179396 537282
-613380 689944
-751885 785292
-961560 -773404
-357956 949959
-728611 -439900
593607 -233257
564559 -253329
-184163 782347
-809814 710842
54959 449574
421946 -533762
249058 -692061
-802562 242547
-755124 -517178
539941 79379
704991 597822
-820483 -144447
500137 492124
-218191 555916
229888 753037
638986 252934
-917580 221835
245630 -661203
591718 -875797
212931 -268626
-588266 634697
84229 547714
-100989 585346
-778969 656889
438098 -301655
758004 959613
577765 354261
-408587 961650
-379941 -868323
220496 257663
-571298 85401
-582151 -317834
549466 -489839
-626466 731182
788127 -747321
504190 -756970
498569 -663374
273623 -438858
-331168 41491
-217327 600749
-361437 -882238
-9949 -21012
-700680 -784103
-901233 524544
202599 -831886
-320669 491673
-781284 -477374
711680 -787772
987468 460483
12996 -720618
937775 -783551
342630 179862
-262157 -12672
513046 372065
-423058 -182063
268426 -592043
-562569 -698643
-377015 472634
-813985 -950769
436459 35837
-145658 572862
-84388 577281
-149645 -891295
-121990 -738347
-447397 57482
315597 -55227
-99329 255975
847273 937763
515647 -460968
118998 -495434
-449725 548542
-890777 -448349
-367767 -202329
-534336 -58638
404110 307633
587726 -98488
242943 129899
-790225 487685
-689212 509724
-157676 -199345
320184 -135913
-112270 -287175
350534 -321310
158912 998911
870424 -838354
903071 228893
-514143 -439988
6261 -109611
648195 -744519
468429 -165679
83596 456186
-943211 422678
-475148 -951705
485298 309303
505448 -735499
328165 -266786
565762 -867726
-718800 -357361
-829707 413791
-386127 64400
-190969 383210
-641701 -645296
-937579 -635147
-894893 6588
649407 -585014
-272650 887198
634908 -778039
559308 -621652
823603 984638
328881 758710
-909411 -267840
551259 514941
487632 18646
29829 535719
-376910 264812
761078 -739202
-863323 537371
992336 -357046
377531 877759
-577422 -384094
-157062 80809
713979 352493
791720 344729
-530461 79005
-215500 130239
-108102 58831
-112394 -902031
59702 741389
908676 -97140
213033 630260
95401 -261246
770418 -646282
-631809 894016
-72192 143414
236375 612228
-443055 -397389
653253 871158
775917 353884
-410628 806071
258563 933892
290626 -743323
613880 -111029
-10556 -683776
-214358 -563864
82642 772135
-309088 -103902
-447852 982016
815294 -709813
-288345 232489
-911326 -210946
-105728 218756
398383 898182
-869378 -950478
-145658 -717030
971022 555090
576104 848499
569769 996516
365631 -498760
-475325 834083
129919 -470686
3395 -603569
270639 679718
639851 -432160
419695 351394
-273307 338060
709567 583807
422178 -896039
422528 -550122
579216 128664
254690 923474
-699230 -320826
-411671 599770
-287179 -642687
-559310 -177491
-327855 766013
970839 -17546
-349470 -120462
-155892 448758
955672 -473873
-333671 819409
956767 489420
-716840 720264
84383 -403463
-715959 461664
-365511 314682
242372 -540175
650133 -71914
741590 -599092
-32671 984405
-425494 -330693
-730221 -428108
-546609 637466
505556 -107578
-382749 315699
144973 842885
-400639 340229
416588 74688
752296 441074
-102297 -530889
671063 -432919
-950974 -1659
613397 -497084
-967481 27781
151594 873016
989 -690056
594290 -622624
715017 908403
589500 -928661
-954504 -372855
-319910 -671228
-416163 29290
787971 607932
402914 -183431
300478 -601209
-378088 415947
416260 773313
-653241 -917378
354939 -291829
-722136 895983
404634 -364529
-466382 -756892
-429395 -613846
-842723 49916
386190 947278
751866 568614
-101495 -784858
309164 -982865
384272 209139
-106818 366137
30052 -398578
181846 -286207
29137 -855669
400938 458243
98006 491392
588003 852740
-850050 -302597
980126 -670157
655445 632185
-668561 653099
910312 -577347
899505 -429837
33634 768153
-594124 -531453
19846 -852003
-795971 606477
-112952 768119
-234445 -991008
232430 -315643
299557 247191
302976 388022
703539 420581
-357474 827318
363612 -962945
756662 -603711
-793033 743992
-575099 -587192
-580730 -978058
-208922 -610570
-630904 204480
705510 443165
656733 425654
-609900 251968
604289 -163851
-158509 -953636
-341834 -396748
124143 -578118
135684 -814502
894208 600669
-202061 229026
-179377 -233209
-24067 -676242
70173 858231
750547 319291
536908 878432
-483250 -613197
-961636 -130705
-729899 957085
80049 75514
434730 985757
808130 969212
743746 450966
-105989 -936128
224895 522500
-303000 -453615
8013 490952
-440695 572767
-793937 -841783
-153780 -827862
157178 733717
-826476 -263732
-994670 -871024
-44183 129936
-190322 907357
-478890 -276116
-490142 -226212
907207 247764
674162 608802
755280 -992721
-694460 -656721
-759202 -360921
629507 -772000
-844914 -776944
-521722 -573846
-350787 120565
934865 97453
-605028 111243
-202267 -864722
509508 16926
422862 487017
770219 -729342
-940354 -256477
957151 895608
882606 846926
-543697 -107521
-505552 640261
699287 871607
209329 194767
157456 -555577
230316 826379
734819 -100904
-533792 -316994
-976153 -864496
449552 247354
-170850 17456
-741487 -365935
-232602 138190
-350243 -490546
808735 -596060
-336194 -982980
-371147 -478681
-94651 -503370
-946789 -880144
613703 -407374
657192 -575699
986491 -47419
465176 -620451
969656 66678
818311 332542
-838018 189722
-867424 -180691
91567 -611162
-232457 206921
65975 686407
306946 -616438
-386579 321949
180614 -863644
836578 -867155
629306 -35267
-513631 -819225
952225 -340174
-26010 -941268
817715 17281
-624251 -886455
-647852 844919
-236078 14986
464066 -446499
-509401 353999
789229 953412
277095 -525683
216330 214729
-914312 -689539
748547 240879
-539436 485001
-306219 -316778
-705143 125576
721023 192857
544389 -981267
-418161 462108
595175 773643
-474711 -355469
623719 296438
365784 951344
583723 -593388
-391550 814211
-866486 -257399
-98240 -734725
67881 -439829
49330 843194
79912 612050
-421333 212890
398226 68849
-977720 -641577
127300 -565864
-557029 49868
-562269 274561
342591 -112315
839486 -878931
199243 563461
338796 -886536
173724 455290
16417 -373088
-210121 -762595
-781366 912814
-688374 -329171
-213081 -194709
-907233 57752
-290930 -34529
32202 -582014
373462 -823765
571647 -21007
272471 -913440
384225 268943
952390 174643
-579175 -125354
442 121148
348453 661588
-945396 39862
816026 889892
329281 911349
-885702 -244454
352714 -99111
-752187 -955565
-581945 414883
-92163 -934461
-954721 -514749
-82838 -616021
623773 -97770
47859 844356
14414 105892
-640626 -642492
495289 -719606
-177871 -816792
815550 242573
-978707 -199368
-736434 -5387
-911222 760551
-61095 296147
603845 210202
-576526 -619964
-759939 -269774
411309 -12053
-798518 761600
-624625 250738
817061 765159
-849559 705469
456721 -701203
139633 642122
718288 456605
-220595 878601
260595 968600
-324913 -383506
670337 -270381
-780696 -247899
-840149 -412975
242393 -464195
792975 -784237
-431333 -353480
-460555 -137470
468836 709923
-259341 -537745
550714 569284
-486203 -523776
838964 561891
427088 -288461
-363401 483073
569727 298131
-447511 -846339
-917037 -62153
638685 274039
-836591 -279088
-779844 175245
167546 943525
-102450 383463
471869 -600291
-679312 -250876
-901303 583156
-36191 607593
-783111 589352
-991038 20751
160949 -100435
-625410 -171641
-300761 -648267
-968846 977929
-809666 558576
849194 297251
-786937 -1033
-220038 433152
568877 478983
-898628 360370
372432 -5604
-916598 -485483
-490604 -673757
591358 -686565
-856505 -617026
-383449 -809956
999734 -80011
-113905 159334
-805797 -690195
-269468 -582123
223339 756508
-331979 464297
166594 -963733
389860 685602
727770 643201
838284 516012
14954 -149357
-124798 380746
74757 782373
733424 977534
-343607 366565
913771 761034
714782 579051
820392 674186
457979 354517
-292667 -805072
-152303 165534
-333348 773354
950121 -700387
-284573 437194
260534 679973
-264603 446183
918764 648886
342461 -6520
266935 346869
-954411 -649631
-940335 277305
919881 -723977
-373784 101440
444877 239487
-925492 -589078
-850334 -842303
751081 -847838
601234 662740
612253 772473
496075 -515020
-621695 471998
35443 -839062
119381 562203
-494525 835823
187874 -158556
831727 -578867
-952746 -18820
-467207 -122718
364613 48121
825606 -31050
-585618 -810926
36425 283185
-234461 753372
-728387 392976
-456007 216226
-421622 -154928
404069 311514
771748 -163398
-192051 -631456
669542 938615
142941 170495
-597620 640007
-943603 924803
947201 -359253
448284 -958645
506842 -932571
764339 -191268
200629 733787
605417 933752
710275 -290314
69200 244900
266357 -460807
-648168 -542593
-109849 615568
-25456 562475
247604 -889262
509555 151281
-77225 154250
765636 -888761
-774337 -949786
-865622 185741
-344782 400718
-407423 -676902
811949 659866
-321035 -640944
15254 -60414
-842612 -883004
869844 -790218
-317021 -702109
253961 193248
10900 -938303
-624414 762549
771878 -901496
-458258 -963940
-202520 -566279
734876 261560
-97196 -65311
534845 291879
15298 323980
-660905 711129
-771916 -529564
1723 -49400
219742 217663
58573 -990597
-680035 141642
-676757 -620718
-5203 755106
-793118 175740
-989152 255851
-227504 -444765
-204299 -589802
-741487 986182
-247662 -505090
179750 -129381
320794 944793
-992722 638228
-984225 -670049
881776 -319378
879487 -522039
903134 692873
-380449 -26078
-137249 168570
29864 39867
453458 984477
-105112 -798065
956788 -142026
7042 -260256
981458 474291
121003 -586236
368635 -389513
-732002 647588
-949936 -848407
-875942 370149
-504388 -712068
-83853 -981833
-615327 258664
-544588 -177427
952367 96370
-642302 111738
129732 34761
838598 -432805
365113 134355
-462677 -828491
191656 -747031
-46750 -691989
733451 -753636
434033 -471279
-154139 -133353
-609736 -830220
402880 970972
-859244 -220746
10533 -449439
972919 -964469
-141869 -935462
203187 -809039
136402 864074
-450989 119451
-613491 -567932
894308 520087
-588162 64788
482070 652267
246191 50185
496578 -749466
23913 -561965
-124460 -919876
-259285 545333
-737870 493873
-508026 852467
-212084 -59501
-61477 -790638
866173 930507
948694 247093
417630 72107
-430287 611809
-599827 -990328
-227504 766453
9947 -518861
467690 930815
-134997 781400
705091 880957
-693668 -141148
913287 930207
-777510 179199
16603 -764156
122584 -602451
795535 -106485
811225 567047
359862 119226
739186 -879554
998712 -432955
329908 -875935
-731370 -401586
187079 237039
180838 -245734
133204 295446
718384 490526
121326 891943
432266 940487
-414710 -497064
-928340 623006
97932 645572
-463087 840312
646690 683383
126213 -333081
-133167 234234
287255 -174428
79675 -855127
-44335 -554485
210190 303949
-382255 553915
-97832 792353
336411 -672256
227 -456058
873812 -323840
-964678 -591363
594752 46901
332844 -529221
911376 -885227
471326 -304981
-82461 344210
-471306 -497019
-603469 -1290
326018 -375319
343629 813264
-425590 -814306
838906 166314
-962330 -316043
236798 578484
675789 316273
-699005 -542540
-838899 -921847
437675 -28580
999525 545901
386927 -652299
892545 -622699
175263 505281
-997429 -937905
-543976 747848
-380652 82104
-571606 826139
150069 -340111
-252637 444841
-163932 564907
-150636 -216470
-542254 -332421
18051 -94259
-763587 -969766
372999 -91093
345848 863714
-234809 -953339
-770575 267008
-409476 302572
-974747 640205
-859737 356173
646064 851813
-485484 111944
525189 110055
-500304 -692023
-557577 -68476
5078 838594
-107971 -33314
622012 257951
101327 -497185
-132327 -801109
561010 -433368
-150400 180990
-417441 -635275
257564 -41566
-35704 -522912
-49592 401022
776986 585564
-149769 -603975
-922783 192841
906717 -150518
-901526 787302
-918422 35785
-568341 19279
566627 -450495
-901808 952853
957852 -710719
890414 468668
-518472 128670
905848 -550885
-581613 -905274
-975837 -742943
679906 -350453
-590061 994156
-486662 634506
-11760 -957173
-384796 -616105
803284 -647733
317267 -646226
990399 226035
29863 -973091
-866617 24999
-550772 -615955
-710926 541963
258480 -519495
279746 946816
854088 914679
-55082 981460
-348223 260266
590101 -574443
423742 510380
289194 -723590
-197014 410706
68650 396415
284980 -831049
255580 639035
-217532 -191690
506671 -276213
155097 -340792
141448 972554
-786457 824300
346828 157029
-56662 -799756
-34680 594080
320428 -999684
-828034 -782377
613092 17056
664762 -589895
-269044 -519529
-130453 -446154
-907272 211401
-816541 -990957
-81411 252509
-973296 483774
570665 -984263
371818 -529590
-851751 -751574
387957 147211
926035 744991
165368 492205
-796427 -857235
280055 798694
766685 -663459
-552380 24487
297212 -849984
163332 416649
93378 -405125
-376799 -252675
-441197 781169
368134 -819375
-856435 88586
886024 -178206
380618 -765580
-796281 537100
-264248 807735
785896 702288
-989367 689435
959504 -147515
-558471 144400
-152619 -298035
6603 -233957
-409909 655222
-428446 883964
-198823 755170
113096 614744
-677067 91274
399715 997881
494395 811347
844489 -8348
-63776 -617016
770070 724413
297075 -629612
351389 -451258
-783949 764546
-780280 519171
529267 139308
983465 -939509
663507 626283
-676287 301110
198825 457669
-651818 992602
-784896 189275
328381 422119
262041 472453
23127 -544016
-347240 -242553
-868620 -945732
-913103 -618805
95046 -69331
-6589 44696
-630097 518664
762080 841161
405951 436409
547166 297033
291343 -963303
660269 -621716
160384 -831032
-147485 -768764
524246 -968350
361294 101604
688019 -686216
-144068 893327
-188245 572104
-284235 994404
-753950 -923762
-573083 -714101
-753507 -677979
41412 178802
-457975 -490561
-657649 -501005
-354198 43628
-359007 -484302
-840939 371780
-953564 572713
182024 71398
755819 -661531
-690760 755789
264510 487115
976469 -412757
-217496 247905
-866653 -799710
-770231 115368
994080 348471
791038 -889490
-786729 510243
987578 -450880
-137211 -481746
468625 795135
444367 225197
-66867 -760852
-6339 -665128
-795916 -834370
411278 496417
-766592 926000
162944 587286
272884 150632
-394836 113427
172751 628641
-969374 -509737
-747836 -716580
831697 -782519
277684 -62009
463762 414241
-542600 -144368
-623998 -659717
-493920 -740040
-787381 422979
667716 228881
367999 -202090
709289 929213
-932881 966100
63289 -411251
543432 -946604
-3694 210176
568610 -402723
58958 330656
-920339 -252107
-688136 471257
-421077 400314
-78370 96956
-184015 504914
-610596 303419
214066 -848343
-864781 -11112
736415 134092
-840099 -213914
-574303 247024
-310774 -584226
907372 296372
-766727 -943086
-665997 -893191
-489198 769975
-5249 221605
-16998 733026
-229507 -908957
-692236 665837
129993 177387
639148 317463
-562543 -172405
354112 -860032
274403 -244112
681994 298150
-612537 -26412
324801 -314830
690036 -125407
-893080 -273394
742285 682557
-204263 -851212
360810 280672
-13403 -981257
823151 -799757
-61903 -595569
116633 -180611
-158452 -204127
104701 290902
-582407 -745507
-735191 -2818
-960455 -392362
-530742 748418
-876976 -56295
-589786 -895087
-290895 -734068
-651804 -900500
449020 597833
475262 205550
-242113 397163
178983 -309905
655405 306646
79522 563667
-321668 822673
-498841 653097
-510308 88675
-918019 -934294
558363 -666575
-231392 -820229
-211958 544130
-511344 -780132
-929082 -381731
-445043 308394
824007 -939669
193937 -944801
-841370 258049
380654 82994
-516455 -151631
-852844 -591124
641048 792983
-961564 -754068
-384992 -456890
-103366 296954
320461 -599496
453550 -335894
912518 587157
787832 -776001
-739056 -337660
737489 399123
-41476 -88778
-432502 -494169
-608158 796130
-177882 -717301
314496 -367288
-949905 -528163
337925 -245898
333935 -942074
-928756 -838458
-196396 -41021
857740 536319
-688458 520135
294418 33054
455067 -564003
123499 -144922
322979 -120767
201046 -458422
-895250 -81460
-446914 -107539
926615 -166833
533102 820853
-295572 -97489
249548 956717
252645 -35006
518989 230935
576696 899741
445221 476886
-935645 -248698
-163847 -954074
557423 252244
344240 969358
948499 -908555
-880755 -202932
-744277 793418
948100 -534276
-844152 304819
828617 -658137
811024 -973201
-518642 106938
832502 -793660
-75671 779174
370066 -845650
-562709 -835664
-873736 -47840
-829399 -98116
-939010 -541737
7800 795339
-661818 -22668
-153845 -671836
10406 974
555850 -41627
522345 219201
761148 -717591
336967 -334361
-322379 640966
352440 -797124
613341 533503
640013 82703
85058 -916630
-691322 -712993
-865605 384755
-979009 -655147
-391699 -599334
-940089 -745050
-439274 118944
723462 -877265
-29445 308956
939185 341190
-150489 -998027
536412 -490843
-907426 -183976
-296924 -760978
986309 414827
-85050 -188324
-576982 535678
904572 -182294
785297 -685786
-255513 -527166
-491515 -286300
833498 8491
-916211 -90948
235058 256979
-280796 -581280
183687 -354858
-321101 717677
-727322 767836
331914 -124967
458570 901412
-132665 -339536
-551173 203855
-511126 -657012
864952 -408401
-468263 403460
-312479 -34838
-953057 -492414
241998 379710
-434987 636240
-950386 -965659
-124771 533501
117534 -215850
725175 -721412
-492035 49133
-140456 -613024
809599 720289
-425157 324777
-305924 -733599
46484 91460
291640 -751004
658491 -839016
-256068 65782
771737 -689265
796967 -605929
-71811 -833662
-596011 303843
795157 31591
79313 -666052
-914133 -91536
652772 -353321
-973290 502984
-244019 -639787
-694754 -814121
-335792 326541
842525 507298
-6574 -438814
55172 516169
1341 465975
383271 -614111
-865767 -115180
-810138 129760
-943380 -940229
590601 -31105
57139 -702538
-807290 357982
-980570 -879217
648734 474072
96909 -229016
467579 -406596
709260 852463
-577910 872519
608699 71293
-702544 -116747
-692118 893582
-175481 -243609
-843059 379006
-94250 -321688
-167093 -581496
744170 11449
-268425 71840
-891337 -336367
246117 -846401
816758 -730241
-725835 -185687
-334098 -365957
704525 -480436
-326789 -516349
-894031 870909
748321 965365
207749 262109
380257 -961520
-545290 -300435
203146 399659
-515131 -719934
969596 -480498
543447 -845149
-789202 -50995
-686265 726615
178853 61720
88851 -252324
897598 -501642
-928795 -355211
956608 579704
926774 -384862
-379909 216941
-475218 -746873
397673 -180381
676281 8084
206024 650899
-686760 797159
-141286 895817
-705017 588739
722584 -563918
126610 -843932
-935792 63166
-827261 180053
734038 -858583
-574351 245832
-910121 637631
169504 326401
-161157 62461
-957752 937278
-893358 -762887
-367810 -504586
-66979 717532
-785395 216763
554998 -967945
-973983 -133888
379515 962927
70280 760516
-519000 179828
996180 572685
-87643 -321622
962161 -744525
216686 -398961
-682744 159327
-551817 -762459
11130 -274494
983130 -20391
804857 543967
196202 64632
910036 -922359
-312026 -173450
528922 -913121
656784 861682
-203876 -512978
-295161 515484
-398032 934405
726806 -770456
22874 705461
-722152 -611908
530241 -944881
214375 -823937
-652067 -679794
302898 435427
-56585 568869
446723 -401437
-255617 985672
-644866 368674
423613 299906
-913109 -53672
-423578 752780
558080 -986353
364553 645262
613522 -866734
-592598 -107270
771775 -273077
-889614 975136
762268 -16372
-507055 -280714
-805045 105770
758488 675456
816496 2297
-913863 467761
734206 1733
-983102 266111
264806 220184
200765 485474
-594778 -169342
103378 610283
-95631 -997422
-984847 749971
794581 -335490
-532996 746629
-752798 -700965
-309253 -504909
-332355 698442
847326 -868808
232247 -902471
-591307 -978264
-817914 -105535
-33293 507010
-757175 604862
-341793 -415674
348047 -173677
227764 299056
-652584 -281802
129061 -247701
117018 -754938
847980 105836
-938750 828057
385102 -947288
-187754 -810977
-135513 -315077
339012 -464738
978393 275807
467667 542152
945976 84495
499883 265800
779845 23761
-667953 -889472
-827566 251017
235653 -857871
-409528 24405
980282 500094
-904360 523633
-828582 915528
490020 -561893
-238428 200797
-727750 458095
-930745 942301
230167 688664
-34669 100900
82759 -477182
-951954 905806
-187268 -760154
-974165 171373
-24681 -19872
602120 92168
-273797 -467740
-980729 -311394
-377913 -566202
-347446 -606884
-631475 -116860
-839311 -427869
447320 -181136
-335645 -104958
-656709 977300
-648180 528394
-41521 -54117
-278464 -950557
890735 -670246
-222457 40679
-743233 -310073
253322 913872
68386 -110346
826479 556912
589653 792270
599704 -692593
-131937 -585980
-720471 -741125
995454 963728
955146 673753
958659 -918394
145327 -908517
-59123 -129698
-888184 654847
-74511 -504693
-669702 -256397
-827022 418976
-935717 -118043
937250 -824255
-91756 516282
-339814 -755726
-52192 -682073
-174159 -150365
-306584 266197
-745674 652460
220329 755822
724343 -316073
-981803 900252
-23249 244784
880413 628081
-838122 -425498
-498404 871579
951302 719355
998770 -958852
927446 90123
441995 373918
682214 379982
-820279 -630240
741578 -931458
-542456 -620600
667336 -626757
-87971 -963943
884333 435807
420551 -139967
899849 -957780
465289 233445
-636405 57232
-595920 798778
-41767 935979
-239384 -386099
606674 -123572
830175 -36845
813715 -958092
32228 -52203
205185 -576601
-194041 766197
-578444 174694
-979642 145380
-641412 218416
-205303 596447
239597 -353475
499573 108917
913367 667712
-139722 829045
698642 -950052
191188 485795
-219112 97050
-127652 477281
-376184 65515
-609859 -343323
-885303 -166935
-564854 -158091
823435 168183
-499649 477943
-232089 -62587
609339 913842
-657909 340617
888744 -428190
514615 740909
-754358 554884
-402138 397694
-710616 -382772
-539431 -653202
824646 -176598
293147 -792898
582725 -19605
969003 919091
59610 917834
-363491 384898
-54021 -393615
-869408 -65240
383552 -478182
-723078 898952
-687181 202654
848844 -803308
168488 -528528
581810 -840592
-205033 787645
-117637 -355105
68831 -925800
247033 501059
958849 523257
-77838 -631693
26079 -115174
23663 -596106
387687 904322
-559624 -894614
591698 997751
97312 934191
-726115 799887
-641921 582943
465110 679580
-484137 -797995
-584609 -200263
-587759 209802
863933 -700858
-141308 -368358
821068 -622954
-150967 -76921
-87650 835698
-815857 505301
945095 -566188
439829 318644
823027 341951
648335 -655427
868394 -783847
-115320 782235
296728 755210
-895195 966327
607404 -37271
818536 -882363
832988 -181850
-408522 834822
868495 602430
-164492 -22822
-689746 873149
-20663 -235075
798431 -48235
-718781 575600
-947726 337362
496037 -587646
678040 924841
790924 -559538
-725758 -275609
-551385 879277
-145816 -122375
676666 -346752
-301933 403263
565840 985066
193807 -560057
581717 -791662
997584 -609821
259502 -638160
111133 -389554
-436736 -701627
-192112 -586416
-71740 -105447
-588305 -689795
-301804 -631149
54276 494416
-242788 -89080
553065 -208741
493107 23583
184236 192457
-364121 -652267
123658 -383379
-72290 -426025
215886 -517406
-640282 788685
-295001 -898523
639610 -578838
442690 -464550
495433 109436
895992 -191464
-805264 76944
-772043 267060
657544 344339
-231746 -557188
-410770 934135
954125 -19410
658222 -900294
17553 567366
158909 -933733
393024 -358875
-801550 -758431
195389 -524653
-173208 231441
-398073 681878
-335872 703134
-574959 853530
448000 623627
393610 459363
357508 -691419
963609 -887981
-771989 802656
-192548 -830947
-583918 860285
-481796 -714371
-42333 931111
-246052 -995237
-378787 426292
-443242 -718742
99259 770384
332159 260974
191041 855876
380547 -723930
652362 -300161
-660616 413523
-318115 729630
-204374 -858763
-493191 901780
414677 -995768
-467259 -530955
-492165 35399
384753 -770290
-667182 -642319
-129511 -942272
-586852 881299
446104 -880976
344104 -699426
993951 -556685
-419480 7045
-682060 -317690
744407 -508800
697848 -337404
703663 -737417
568914 -690664
580517 -235603
-366455 14082
-940299 499622
821462 139012
-414017 -918358
341804 567921
-249535 304973
-34984 -725364
-266474 -717035
-250695 912439
-976098 -97690
714635 -980322
-262641 -61665
-781333 -752810
273023 962118
552526 923132
33049 769083
642916 -239814
151348 701627
17556 178051
-398481 -340863
-458057 -700269
752689 -223121
-962977 187812
-431279 457636
719530 -891284
-853877 921780
471783 864607
686215 80911
211521 -854872
212456 839602
-617880 -993905
420452 -233994
-216182 -606742
155435 -585900
-271986 -139028
-273186 148250
-247587 -681788
155864 -199001
-168224 77605
-868760 -737827
69192 988243
-159969 342369
-213034 173833
767149 993834
-9503 -228786
-456305 742738
-74580 -103392
-41156 360498
-798990 -455807
461767 561063
322399 -553623
-320396 -949740
-511639 430232
990943 -344442
382401 973217
-55030 132894
143627 -996193
-747319 -832943
558027 532945
-627318 621551
-924072 -305800
-91062 -569341
446691 937029
-685936 -126430
-154781 -996847
-305928 606225
-319080 179196
237422 165211
-778777 -385797
-617214 425915
-37760 -295848
240784 -664693
-792231 -40765
-939868 31764
612993 828604
-744398 213783
845131 449454
977250 819052
466684 150680
-152818 741320
-873288 40555
700933 -706239
482193 421276
-324601 95077
455312 -345782
-235686 -122867
-236097 -677806
-147518 -938837
-328927 812616
404981 667776
-374535 228773
707330 -945015
64775 -825617
-74479 666208
477381 377143
-745691 10701
179172 588862
-6508 -90860
888441 822923
-743490 -318542
417490 -610452
-70843 -776003
-770433 72541
-12524 974455
-703738 943955
989704 -156619
-482523 558830
-367594 -474827
668592 -104221
-960712 374392
-517532 -638726
-508118 910315
486279 562082
-673212 -852760
558887 -894158
8551 -892890
-166469 856383
485556 652418
-792784 -480558
106547 -546885
-617054 164109
167346 -884086
-102814 365190
-763975 191913
870633 -329082
344714 382460
125339 744409
774040 981542
-735787 -171526
266248 -587787
688783 987746
923018 -813131
876040 -784665
-168110 -350036
421162 286870
943258 -360896
-401908 -228584
452937 -403304
472810 818693
-371374 871916
-365384 -414153
520778 381708
61892 -576361
224932 91824
556235 904224
511223 293157
-652031 -628671
-154950 338664
-556134 671908
-963006 -483083
-294998 -841069
554189 -869273
200439 520018
-150564 -939957
-870425 475915
895566 943798
519883 -152463
-787895 342989
374794 -260253
-649387 437420
-218936 401039
707226 656704
886119 984735
841073 -379238
898102 283416
-423294 632991
-410085 -447133
-813389 290478
-12320 806286
376747 -923913
-976030 -222825
-581513 94421
854786 -270632
439202 -721235
-621858 377869
395933 -142575
-622443 504535
867243 518797
-804005 177994
248951 291109
688044 103543
-68202 676862
-751287 -721772
889618 798508
126342 419929
540775 -252122
-687653 -705928
409245 -771900
-637406 920297
982534 832668
469781 162659
925321 -916183
13943 -727615
-279079 -142059
-985249 515599
401057 931711
-251741 -790495
475984 65350
696886 13305
312156 41621
780352 131327
-968161 -685729
868183 366693
-74419 203653
638454 -206789
960040 341433
897653 -850517
931510 40197
-548171 63974
728635 -985209
746260 -269675
707628 971954
-516504 -245322
390994 361647
529854 -831548
-351151 729299
628497 -951189
523505 -905442
-633568 -612698
503688 -249434
119918 764808
-152844 -741972
614861 -10378
467920 679944
-19030 -452656
-89683 -398259
118583 847360
404491 -863600
-951673 143950
375253 675491
-146285 -397787
-688912 -743061
-260954 982579
-621459 937102
671043 -47579
-84543 -636674
-120117 710205
164291 993691
20101 965661
765572 -215249
-519845 -579069
121520 -676594
647491 188591
304015 -727091
-331435 748108
266541 -55920
310681 -587831
597957 -827022
-625673 -838174
-553249 194865
735180 796947
-605352 -469492
-976152 -360518
906584 -589126
414997 -802149
412038 935469
572485 470132
-556007 -746330
836753 438811
440477 -570202
333304 -536362
758002 256042
-626103 749010
-950975 822348
88949 681219
-517437 325774
-602065 836774
-195064 -250827
-84222 47104
-303088 -353187
-234124 551660
419250 151254
-343075 334808
-711592 900462
-291882 -685242
-842162 -187842
-982488 -430896
775620 -276130
-878811 253749
-699501 -477079
-613837 401265
227725 757391
525695 -388415
-45336 750875
-502928 -166930
742340 -465471
845472 816977
-312043 -9257
-203512 404007
324243 -465771
-373460 88465
321998 311780
938292 -576925
731404 -32061
976069 -689452
684401 -204840
674087 -181850
727194 -194453
-804408 6558
775227 529215
544884 858251
709025 853290
650423 -514527
486542 233238
-923968 -925392
491270 -540185
-503862 605043
-311916 -619799
-274101 -301249
-779638 -317321
416435 -976600
-613109 -585547
338521 935910
400769 -609029
-78495 509788
771659 316459
442618 241865
-26215 396514
-864799 138934
248242 381312
479708 650768
-414301 254609
775034 569135
657143 -165217
186908 595705
927801 -622508
-895531 626540
-798317 -775411
-430437 348150
60574 -935268
-902747 401619
671466 -587215
70245 -362199
-144706 885380
-80292 -667325
647639 242275
174523 -82917
-737459 379211
349701 356819
592181 402181
-872247 206431
588505 285790
129830 893683
246908 -75762
863303 -59737
675722 365354
-232654 237225
-732582 -675975
-926419 -303042
-30591 611586
-302474 -291927
-844096 -309533
-197668 488134
-744442 -299060
-626204 231726
753663 728516
-915077 -277879
217384 -500127
575679 -57704
-667126 -26029
422893 454163
-239394 -812668
655987 739821
31812 -336270
916418 -699183
-414917 -232205
-719123 561477
244797 832974
-263579 -584981
-547404 -663610
868143 774449
59291 381808
365693 97708
-552188 493944
-173807 381359
284735 -333187
549247 396197
705606 706688
-127006 744669
-705850 205719
282959 116593
200421 558335
282722 -425972
991148 994408
9551 290942
-616273 -751182
878530 -526305
-341565 -214917
-550561 418225
406342 -250195
790245 -562573
-958452 -460662
181261 -126562
100864 950799
-871855 -241035
-957647 717206
821606 954613
-755190 -334679
959196 -5986
-683800 -296854
38533 162232
312263 -958566
883445 9466
804872 -463990
-846589 -599
-243739 -178206
-853782 42332
114572 236008
-672696 -91288
-662895 354389
-63054 86105
860609 -215603
692957 239666
783557 -384158
834802 667962
-417957 134853
648449 -716921
-304843 521767
387788 420662
669681 -913670
304692 -849132
-771219 828969
788018 587011
-982846 -95430
135020 958959
-605260 115459
-967288 -89507
-930686 778091
-395244 -27579
683192 311698
389575 694675
-877348 951738
417030 -293291
-250175 234224
737882 -795179
787069 -245633
113112 -708264
-307466 -184352
-219015 -675201
353632 264706
-414882 82745
657491 65697
776277 390602
-907655 897694
139851 835809
-990647 -145517
87480 28716
-603054 -698318
-605421 -696461
-65927 -150322
-906193 368143
774971 -130381
-286614 -374276
-297863 -549096
868373 93854
179581 84583
-827145 -762441
-681378 601045
-808924 57248
-813245 -977020
-492420 996731
-814887 584320
-905026 -53056
236809 -666096
-884592 -522118
-824635 708414
-783641 25769
261797 266682
240154 577678
-393964 -631299
-227254 -727696
320846 -583389
771984 -394230
524335 829328
141481 -196607
-469350 660525
-679090 188301
681625 -953189
277291 634903
-326283 268770
-43838 -727081
-204444 753770
4667 744755
-746328 892650
-712467 -900536
