199
-358223 -984968
-918526 -113017
854176 278082
-755047 399568
376747 -957082
-827786 922135
-290660 -130000
-259443 -232700
674497 825277
-532291 -855784
-874485 -503055
437442 43530
-325082 -469873
-348349 517798
97035 -716839
177421 885831
409094 280291
-827863 -683936
-231981 136430
527061 -302636
-22778 363358
-741581 -792158
749616 -387244
-818348 863908
54076 466757
924781 52239
817600 542571
93798 182454
910641 825349
-181213 196450
438982 -761063
-555559 924308
-542359 -686241
-269675 147979
-904198 -313818
-532491 899323
82675 -205350
-475325 -311843
110918 -416215
825369 -426393
365519 -813504
-30325 32980
-171145 -706108
427031 -572268
-844926 -882029
972954 656608
-382876 -274029
-608201 -756078
551476 -92860
950943 -330469
-74402 -351801
-269502 201535
3299 883075
6768 -782258
393032 -705463
719112 793120
486848 204913
90291 -387989
485848 422615
-311821 -452574
454669 -800200
825212 205250
-40256 -886329
-820138 -18827
-583795 978025
563946 915789
-245503 682602
-719241 884373
766748 -14602
916111 -731261
269572 -353994
226849 50626
767656 -695023
828997 -3372
-321912 478423
-669249 -606621
769937 302532
-614452 680022
463272 -750997
-26660 -246883
-948814 882498
583632 477575
-309890 86636
-84996 -990262
-46769 -34281
-787808 -279352
986820 427048
-239521 383327
156866 -783884
-770613 -322864
-806486 496345
787477 -623713
-425310 462959
43021 120687
-778974 19855
689495 -747457
224488 251129
687625 -462450
329904 117601
63333 874285
-16160 -156247
136330 -269361
-255821 -17229
-302452 -159462
-781591 716067
501565 583009
606525 -347689
956393 -748432
-535150 845188
623682 210545
1050 -747109
-404060 764836
601112 115516
915290 -496693
-618531 -178041
-568980 -980032
-129768 -12529
18469 -41171
839713 -757567
498135 35688
-469139 -822344
-549057 -529359
-805495 574557
-963596 -459808
-871883 89985
-436258 652465
483824 -620709
-607152 -208774
-243428 -813598
683679 -383467
-679957 -812616
-814774 -804212
672417 -353261
-923708 173744
986997 475884
143646 309941
-700441 -642823
-669163 -147918
423162 709420
-379385 490375
60664 900795
992312 614642
595618 -593669
-893967 67752
-572888 393695
741040 -610752
-818778 -710228
-91461 -201409
503852 -793579
-824794 -731446
930733 -822910
532308 796772
-840174 -918401
-266450 838485
93224 40880
757261 8837
-891339 976756
-179023 -2131
-208555 285031
704557 781264
-995306 -276346
90832 -614414
337494 -300313
476949 942850
982086 -73899
-353503 61814
593105 -666092
-667871 54762
348332 770704
-168316 475792
694198 -268722
-491484 467552
-639795 84030
913360 898040
967320 -305611
-678402 655161
593194 -367486
575999 -869595
804213 442242
-194634 -208145
138394 -455141
-693534 -604135
395737 -442336
-108730 -895134
-301571 -31181
415484 364607
-633973 -843178
-939804 -911852
-574746 -624220
675888 811906
164111 53637
-769146 909959
738488 -544844
-17833 419260
888822 -603120
31147 -182363
858919 239476
-743575 -819890
-975919 -255410
