4000
-413679 -894930
808706 -949237
169513 -867766
285430 -611032
425128 316464
-990695 -315845
-530826 -287067
949202 -54834
-412299 408644
169332 -500576
-393564 -713086
-199623 -867505
965740 735090
814665 -219805
643312 -793191
775177 731681
916410 -845205
33050 -243754
-700430 243197
958030 180955
523578 -552467
434410 -212128
183409 -258016
-727299 375104
-869374 -432683
192031 705483
213943 -376637
-625624 -674201
-328653 499806
188064 827751
-701277 -733480
962017 63119
-751492 174535
-673749 138211
-145956 192678
-398537 -718918
-623616 198420
-322463 -331673
-4831 -706854
-180893 -546906
756 -323322
662419 70771
757692 833812
-775999 833913
98704 474822
-69064 463871
-405547 -486675
-19012 -283175
57488 753796
842511 398949
-149014 -643836
943578 -506578
-602188 -122005
-797823 -895168
549410 638215
339398 -673103
289686 -756996
251699 -891883
-985335 -433779
-268808 249621
-553186 490170
995812 -203868
-185885 721574
-81748 -177964
896498 190019
-688013 4827
-667649 469174
927699 -181726
-769432 -942375
-627726 -999891
226636 619547
167374 991978
-93181 -917492
-664419 -906372
77836 -177763
-407544 936340
-446608 -728297
98686 -190051
840359 -54954
148025 817154
-212335 509600
-187279 -979516
-858455 390552
199345 629760
569129 -425495
178706 -857541
164856 -934856
479759 -30214
-535591 -48732
415384 714658
-543574 193888
-904496 110721
29206 -214234
700316 963544
98516 671548
964914 -277529
-339917 -766436
482781 36585
4515 -215216
727844 -890338
-724395 321568
147390 211476
-878481 -389947
-880763 -423716
172915 -285225
56650 -85078
124363 257292
585952 -498404
-854722 697559
940757 888768
104214 -502883
-772868 -418051
243680 617224
640877 -897947
616545 164442
289799 -979923
813360 274462
966941 -526913
-680006 394656
259695 -753413
463555 -830227
-320538 138586
527380 250788
-770951 423827
-426765 230145
716619 -943571
864004 -791319
638367 226230
618451 98460
853390 -475165
332346 658786
-249512 -27585
-552826 -748349
-591298 -419759
261543 -953884
466337 -757750
-9374 -717440
-92675 -883831
320656 891469
206296 -988229
-717155 83706
956386 200455
-511966 -632267
81558 -37771
-858678 -455442
-136198 -291848
574491 158741
-199551 -172400
60945 -141879
-544873 93913
995852 309023
813308 -484627
-821774 508706
186819 632703
469423 -234148
-955621 -752812
865922 79998
736326 981516
-800522 970186
-541868 -763037
-119573 -863209
614142 508253
249470 99736
-712923 966804
350004 -960949
-755866 -202403
965149 45117
541810 125750
-70920 958345
524294 973250
-689835 770654
-823917 73188
526300 435587
-777348 -524651
-423055 -649971
346749 -706208
965376 517516
-382396 385195
-405286 -676505
-818121 555454
-895009 -271194
-771980 -510342
-323659 -758345
985675 -636719
-479311 967461
604100 -926622
100301 -821202
744278 -904984
691381 945451
251369 623232
632825 309485
-578 -922131
-563609 382172
-157733 -824162
780740 320483
-711659 365617
-969282 -13283
741689 -504394
211647 643720
700470 -749341
620194 13566
30047 377998
72180 10397
-216519 54727
-584739 398725
-672307 125267
-93053 956924
337625 -352413
-795335 832618
230984 382550
278870 -333245
-169741 -964467
473759 244439
343900 968057
-132980 585653
-372353 -147981
-248530 -603208
884902 232377
101071 492933
924179 -593750
-17993 781677
-486682 948820
-960878 752682
774542 662461
-188675 -534924
-540236 10562
283840 375143
-416861 749615
-980341 742696
-47936 111867
411410 -955512
154763 -972274
-545833 694501
41303 -504889
624947 -814169
-240283 -95527
426019 -619456
-434796 -102110
313581 -412779
904100 -661689
597387 305371
-382652 852847
62348 -130040
270265 -95986
676666 -317043
-104342 780243
-296137 -951835
804064 -212484
-526444 -141864
796902 405957
100017 -789505
120181 465116
895473 -33330
-101293 -409977
-122500 -951437
301156 -176444
-167308 -748930
542337 -610506
-686922 200612
-526811 915362
-253759 927944
321664 579294
-251333 560587
-862989 568488
-267026 -4691
819409 811172
833553 469285
532464 -308391
924303 514395
-947610 490313
196360 -505624
-357611 -373926
799548 -279666
-981993 200454
-904397 -174725
126760 598341
-385268 -740956
972558 135952
855811 -849409
-572561 490977
-915427 705813
-682497 -633595
309060 811954
-749637 -191681
329604 395489
983375 110473
-516863 399279
840000 974755
856299 -141228
944562 820032
105379 27748
221101 856835
979313 94259
839944 -59803
-873614 -328549
318222 52853
-165894 566840
771818 -389329
944558 -240438
372514 844058
-856931 262027
178898 -116859
664100 -720912
-358293 163417
-244628 -170156
-455836 -486236
817382 -44521
751165 -746264
259982 709607
-215933 108172
-761478 -125421
252790 419832
134677 -538153
-724001 775409
-665365 -499586
-393760 -950826
-980094 556101
-81731 819371
-451501 354265
-197955 -174432
484988 -564433
-689007 -606006
-276680 853933
-463729 -766351
-254387 -132407
587451 -284233
-246545 -740865
-690780 -18553
454289 -959974
-590800 -847535
603417 768030
642886 146222
-466184 654508
182972 668603
456607 184554
-826130 -225196
351427 871866
-482281 -406618
702415 -852496
84307 190892
673538 308577
876058 810623
231019 -993862
24482 464339
799258 965961
-100901 780440
23635 -957746
702675 -672226
-337903 726256
310501 236001
624884 402264
-70345 -431556
437014 -826357
-183643 -331291
-697068 76190
-458779 221391
-104776 -543670
550481 -765283
955926 -387543
453206 586168
-275948 589605
-660025 -139645
116075 922111
801820 -532669
904297 -107238
-145179 581776
956380 915553
226610 289786
702987 706197
163142 -453303
526758 -83762
-413168 785747
-811872 -927554
-734886 51823
255801 142986
844790 954677
-638086 -94714
-879602 625261
-376774 838036
573373 590965
-39550 669396
-355521 548278
-82257 604617
-405081 -397974
-819296 -776813
739410 248540
-6598 842514
78956 918266
-64015 -550486
-233277 -317520
-613394 -114723
-816798 -979049
-493175 -192143
447008 -268465
-632396 -256990
-9223 732451
-279339 -930859
710379 -904461
389534 -222383
-328529 226062
968101 365243
167861 152609
-157553 112276
580350 825898
-657849 -604871
874320 640003
-382100 -221981
177068 524
-362015 997296
240943 -486846
-681093 537339
581671 841532
-263993 864445
-687156 826671
32617 -381677
319705 -35084
788507 258773
-94709 -67192
414410 -471093
605320 -244176
-345673 -711649
807222 -820744
220104 -90291
-259365 641053
-431119 266408
-450557 -345400
-258943 593125
-931990 -997882
195998 492579
396832 526961
-57517 822615
618597 630771
549926 -224568
-580534 66107
-890796 447067
-689 -94070
-777890 -265863
-182557 269154
-83486 -227438
70628 -80847
-39388 69866
-611427 827432
-291581 540725
607202 530856
65148 -660797
222336 -215566
-950305 -379027
552282 206464
-785839 -57092
-555881 -400991
875070 -100223
-129897 -743083
-29780 -245810
-410666 -8502
-910631 85447
-988925 -763217
276980 -437703
624737 671961
797922 -584886
948325 -996237
200122 373381
946560 451354
451214 796976
475796 -780601
-33832 -659087
-766599 345281
930905 -25119
210457 -830024
347506 -582220
432336 55932
-319282 -303377
-322945 926298
177081 864257
-154200 744072
-346119 836516
-804431 263947
856053 863367
-612516 979565
514137 -409403
8848 -241050
-454709 -370094
313525 -626383
145358 -88540
183140 -62887
26243 472956
904019 841947
-440018 449766
-40261 -266213
-624036 982412
724927 320731
-936662 323229
562669 80061
-631355 803286
-219736 488379
-377050 96344
299046 -361933
589374 872153
-242519 -42415
-672882 -985852
103586 -249987
446670 846844
-285000 -859734
-9360 41505
-255717 676928
585711 665540
-445520 -315783
860695 -653338
-294110 991115
7796 471671
-278791 428994
824719 -303503
341325 159674
-146620 414640
654845 264710
402016 -353170
-978562 -998927
-349804 -529094
-999350 248542
-206340 -624089
-537055 -669649
706931 -452370
-790866 161979
-636184 116591
-358653 -754105
963590 25462
732777 326111
39514 592577
120756 -389438
-567662 98010
-650541 -530862
-164056 -44081
-267534 -70575
501582 921842
502863 832266
909835 -939187
541498 859686
952718 243046
-301878 -358625
630894 677148
-200639 308256
559614 -792733
365523 -957464
-566300 801033
887469 -121020
-567968 317058
-912478 -330690
-755639 -415272
186445 -265324
-122432 781701
-840352 653579
819206 39294
-847785 -241915
935654 745032
-85721 458157
409114 679588
12502 -442283
520406 895220
-898483 843674
-824344 949735
-808564 -895803
530902 -750761
26879 -804158
547365 994266
-528968 415169
957110 -722375
-941267 -2906
-166577 -312423
-168486 88960
504478 996303
839024 209069
203858 -279354
-556883 -895627
-268880 -322203
905478 -222619
-967868 176936
229844 -862402
-297668 -531578
593208 -418828
471713 756505
-215080 -377618
917242 -482350
-572839 924902
440402 -75053
-967654 805374
-673875 -290473
502607 207803
409190 891352
-206085 -891074
763969 804910
339602 780169
-388043 -879261
338538 -102159
197612 -326803
-900925 194372
-549534 -773616
888638 683715
-178804 330688
886531 433863
-248021 736597
64869 59717
964925 928412
-6375 244580
236635 -266582
-570623 -786840
231500 936245
-493421 926007
476680 405305
389383 -431455
-563221 950734
960033 -222168
-208689 -692915
207667 -839648
-200954 166550
889859 612488
303626 -414642
-126490 -946
-993065 58693
-804842 607232
-547245 352644
30391 -144923
723840 -787583
-780663 -462979
367241 164116
-74967 -691824
-609809 897988
214631 93003
263460 -738232
797419 -465195
824923 -901022
947698 -646914
-190795 182909
347922 -139427
-983944 34011
-388783 -423695
-128395 299309
-386365 586064
-749447 69938
278623 -532190
-228403 419402
-346462 972877
-832255 -571239
921152 -669922
392404 -400014
623559 -465773
-227140 -821571
489803 -248666
-432443 -8152
98516 135992
-786941 -962370
891166 834655
-666241 -930455
-601299 99960
153365 703544
192638 -403684
-161560 -519987
-313446 -373552
468298 -63064
590987 210031
955585 96516
-324455 -106761
578082 764709
109386 57265
879916 -896499
-506735 136758
-644143 683611
-340235 -170217
-916827 -301718
-122745 882291
753562 218890
423580 -32971
-655504 624582
248150 541999
-533211 -873043
574643 951288
-549168 552598
366865 783526
941838 777885
449114 -237099
180326 -863684
31229 -61967
-909809 -956447
-570586 604446
-825676 506832
-850989 741803
735167 -551131
-295595 -549422
447105 470862
615996 -216854
169653 385659
316329 -348558
-521652 -363866
-568496 923042
302034 149073
-454398 98050
337239 -95754
-673282 754469
-750960 149031
-693221 -115533
-562451 -768233
-156037 -902272
562561 -837134
371293 638927
133303 -144282
574193 -70139
-178642 -470738
741632 186605
947508 515410
630759 -64722
-765688 240592
-730424 489980
-584409 191684
849260 -547700
474484 803577
-107622 287805
635026 -814712
631294 215205
451064 955895
-814609 -677200
-728627 138736
-895308 862586
317618 276886
72255 -338682
-20458 -138521
-694359 -854320
-616169 790560
265576 601677
-90158 -481601
-853668 454539
500932 -839932
602743 -207671
-316179 -117171
594204 575938
-363119 -40214
455271 -968024
176106 -624108
-816321 553092
486912 -989079
605782 -488307
899956 -479083
-597349 -823451
-425019 -778866
-797363 330125
-710479 -559864
-933282 196842
-869727 484513
534893 111882
195090 474445
302179 -806824
-674485 -406314
963192 -741499
-958579 -514625
753044 -433405
748152 -719834
172669 -153064
226587 -426504
-509236 -333079
-283272 4870
734489 692980
-754196 -592247
507682 524919
-936401 -193964
-688132 123449
862680 -479718
-657498 -319947
587820 600572
-697179 -226234
-435506 -461666
-540145 -950663
-168130 -15903
-952964 -350653
460033 -62941
566292 961346
-227227 -867850
986022 363106
480663 -170247
378077 -396093
-310241 -61568
-348963 407868
-392942 33808
-962019 -15071
-183934 -587211
474696 -509385
463546 -459404
437712 -780196
694742 141892
-563667 278581
-278227 -905235
959713 -388517
-277448 -381861
-587684 -464620
-468351 227032
504341 -194364
582537 334462
780255 459777
624454 -149493
560419 155069
601685 -214979
-408983 -67117
208085 -818692
-998300 515824
727687 184588
-947020 969923
-505586 42615
106288 -982997
-665458 -460063
-53818 -213977
-43542 607267
-311079 -541
771846 362814
722398 629239
78205 -998210
480450 -306239
-974958 737656
-225321 350667
529706 -463479
943714 -688840
-403521 435356
-694058 -88209
369991 649050
-540307 840594
-252403 -492492
-336148 -600247
818030 -918168
-107943 439101
401334 120404
-153175 420433
-417779 948046
510230 255588
940142 -942683
-930709 -590324
-485185 -383461
160444 -989332
-85676 -597358
132754 935393
-177863 -440587
688508 494074
268909 93951
-184898 755323
-827643 788314
-358121 467448
459769 -764135
-82597 -272720
-100115 -341120
-171913 -446733
662797 -463088
828436 761087
603415 779911
-7509 815651
-979053 620833
387977 884302
-748772 -506119
678750 -605227
-929341 954396
-622276 936415
-669128 -32766
882389 743791
-283978 -536769
896221 -25424
874233 51343
224199 -814066
-185915 -280620
-534713 -400166
-460724 -131979
-132497 -374693
858579 802612
-121700 731759
-338534 -480633
755771 463415
437903 -974956
500050 -50653
-92134 634104
-322060 -23143
27602 905049
319773 -563839
838489 530193
107916 541074
-202647 705539
-725196 791248
491098 152885
-234828 -325751
-437477 863414
-795759 170273
-362755 -373398
753249 80100
802040 -229727
956600 -524038
698285 421932
536061 -579599
-399732 -824009
-632662 594146
-616612 902406
551407 544345
421931 34148
657333 -17721
872534 434656
475048 993939
692356 791241
-919562 462520
-923036 88323
-70286 -582642
451034 729869
-949738 -322818
814601 -138958
936135 10140
333845 -305272
-904846 -189253
631157 340273
236001 -311679
768485 880943
-166159 -996251
-745053 794321
-800169 193464
716085 -356560
-566122 4666
43309 -343682
186106 -80872
-570471 717721
155787 -88725
436381 -706662
-482524 -601197
75691 -550034
-9038 211584
991775 -61263
406212 -263642
-86280 -793284
-304678 910181
517422 890399
992535 -625934
574096 -147180
-216838 -678613
188173 346716
102207 -225062
380629 -802514
-905989 -431356
-985849 -451563
-381110 -301613
85888 597330
-543415 -843465
-344029 442143
-784774 666675
-559551 -172234
115164 103030
80940 927062
545326 911425
-721581 -357880
710228 -195686
489256 493257
350005 -807002
255360 -296021
188469 -147677
420574 200786
-585902 -17384
744708 -453324
413331 -773461
527098 -662492
706253 461974
-619767 172819
-324649 983109
-907542 -509176
-594436 507246
647577 -445036
-310997 -808006
448202 -112367
-858742 356328
-666737 -233894
368036 984814
-696604 570062
922289 975320
771551 -173213
-193241 -613424
84935 -418826
-325884 -550906
-793701 908863
-754789 -486362
-111641 -581915
32299 383581
-757545 -510560
-469848 -175719
795615 925238
-738064 830777
-72132 304634
749045 -916687
-279653 627117
242714 186866
398805 765062
-898924 -408967
-116406 86258
-348518 -2230
250492 -834833
875630 -34519
916673 -935094
-231265 742599
871586 381835
-189071 430623
27091 889107
873604 -725790
-401510 -382527
-108376 -129692
171005 -67087
-846816 28895
-538506 -248268
923063 -368881
-131752 -279678
368658 457257
226297 -462111
895180 -256590
924777 897357
-751516 -355959
-745957 200135
-212088 -793639
606481 116091
-574692 355133
864117 -975055
-353741 914645
-202493 190949
-683172 303555
-915217 96713
-920174 -608697
-339430 -24457
379080 139908
510510 604573
641589 -91868
79889 982925
-206307 766276
-965900 -52895
475317 628192
404493 -374200
268908 416340
-794051 -433466
576225 -191326
-339986 17828
-862240 15702
-825837 447024
-197986 -278031
236231 -386933
-870286 -356683
417887 -386498
331620 -393407
-380044 644483
-781696 307711
78997 -528047
177534 350009
-482843 130600
47935 314661
-645633 -143542
-953867 -23415
67915 -348111
-425610 -822263
250979 -634619
-563255 -108498
-954874 -660711
238212 -23055
-570367 -853076
915644 -701260
219665 374741
-510014 -749472
119916 -244448
641160 212101
-932878 -649632
-791035 -172381
681751 -236993
514556 176343
-336429 622762
712391 -514159
285850 -892416
372197 -965884
788582 850586
773443 -906827
714648 -820868
-231478 923566
12358 516631
-813232 74609
388715 741680
911423 710240
271709 -310288
810166 -866872
5223 228097
-710172 663812
413833 -77836
-215921 -736205
834034 19696
-169006 -344160
-717786 373939
301264 -193884
834670 746649
545645 -206594
-164040 906767
609429 4165
275646 -929066
-429656 -734052
241274 -938074
115357 -973480
521555 -625430
809806 -674540
-898404 704153
-528914 -68811
329033 876814
558278 236932
897519 900589
-94976 494382
-370933 372690
567796 319119
-669999 713955
-857481 253005
-647701 998908
-622830 -116877
-760449 987118
-578231 -967510
-205078 -474005
-300676 608801
-975108 -119108
-166097 -677497
460491 -798956
489331 754564
284321 862123
494916 -742560
961316 806321
34223 186198
934443 291882
556149 -957384
267575 815063
261892 -84362
974064 -216391
-872764 -604712
554611 -504384
-55077 487259
-539078 -840442
-230486 735828
-507331 741080
-891021 780655
41425 928708
237682 -182756
-502838 154113
-467882 636732
143925 -850
-576802 -280419
-452740 14390
-650787 -21156
-177463 -641919
728953 -731712
-945559 182069
510322 -89377
602550 334189
346081 968010
519248 638917
-63846 -259926
-654087 161463
-375474 252975
-908030 685915
-933168 750730
-36431 462598
931227 -183778
-602510 881472
-762735 -584069
592909 -377325
550458 21918
-632340 -619208
-203456 117159
-335946 412942
-293230 732431
888785 391058
-706446 844719
382676 -353605
-160148 651444
992082 -607451
981840 486268
298000 789376
577383 898415
-119518 -330688
-652196 78583
693359 835385
-698178 -974065
-904416 744204
-585070 805475
549997 51383
-695464 268469
-168605 960828
-826168 428052
32363 841877
-225606 104200
979974 542180
201865 441697
-675748 -557683
-840341 -438112
-501519 -310595
676770 76863
-486271 926840
-486334 993925
206926 -613315
119318 -969864
27962 6370
125131 -13433
-444135 -746300
362212 56232
485077 976233
-724327 308128
-541047 -890586
-906841 890239
754498 -780277
517953 -340433
-963128 251426
35402 735008
-448424 249203
845441 664241
-339663 -932542
-390404 -459673
-613845 -948400
-473911 301146
847748 998605
870951 -859586
656204 966008
-776685 787714
25367 -576908
-759741 -48984
-378965 705581
443595 -943078
-93850 -917312
-714959 686835
531947 153445
-761120 -890965
939971 -622311
-877407 -539618
-727328 546647
482997 -121366
-666899 -96067
-572675 -881987
-416203 -256253
-774101 -248199
-33561 185627
20357 958928
-644582 79054
-346781 -246088
-922316 921801
-931307 556590
19280 487558
-908670 -484731
569482 969453
383125 758023
-785178 553609
-198892 -343375
-282764 -833915
-63516 -316420
-37284 -429552
-194285 190147
719659 587881
960945 -376080
-240684 -519626
-97560 13666
-594769 -531082
-422675 -846417
-159777 -234853
588760 729370
-608923 -369082
278872 -123623
759297 -411351
-876177 -655993
262326 -800749
-961112 -240950
-935372 669208
-410741 466568
557557 155015
40683 733791
360167 -834887
-103393 -315005
770296 -473544
819128 -437936
711209 -972758
-726040 -416296
-359800 937074
971320 -879666
-547244 36612
668742 -550246
57234 -992552
166239 -763720
-631995 272669
-316475 665448
-675311 -743611
640332 194806
-902265 469722
-204711 -332799
256183 233833
-35443 -532416
598690 -952433
815487 -52022
945620 -585595
-606445 755117
-669853 908449
766780 893398
210 -723377
-819239 42248
48003 351082
-522885 -499297
-91117 -468389
-278083 164273
555825 -453147
380637 117141
172197 130899
-212315 -625257
-107780 520761
878566 319990
942347 436771
-361945 407617
-43916 -836
896456 866838
594759 -496721
484338 -853062
-628457 78725
115910 805346
820490 -485699
-544939 -134390
342074 -141502
-930374 625829
162333 -499436
602388 231837
231935 -668531
377218 -688268
283985 -75058
-919297 42037
721439 817699
940309 -691150
-172146 720009
-3996 -453119
-852509 101752
-863708 -763524
532204 -398867
-782857 78635
-30487 798319
631243 616027
-914146 -995917
-76980 774121
-655916 514343
-648032 258115
-298281 -828385
-802774 751880
-902678 -618695
285848 -541834
300490 204101
809248 -85936
-443940 316683
87459 4766
569826 95433
-918319 -621794
872316 -16505
62053 -15676
764717 129209
-408704 270127
-686682 -967662
-834733 -4000
41322 -65940
534939 744363
-212796 623840
951084 567672
13808 -857529
-32150 803767
711086 -225109
-577968 -213996
523944 403189
-417810 840483
-189822 -964815
-687672 99767
110949 -331553
-296459 -877833
-250093 -429516
398403 762021
-975415 459376
-169172 -514148
-828969 -867466
456226 315316
189900 -291215
858014 698189
831603 -264038
-30911 -933842
838859 872161
-715875 633080
880938 -437826
-683825 -887162
664603 543856
-989645 249389
36644 -248662
659453 -499195
-333450 -654081
-982315 518457
51828 -176751
761021 98827
-225513 8604
-722490 -220597
-553946 -520062
94564 391184
717641 -409471
255137 621281
942766 -524867
-226167 -34361
602330 -565769
-877145 -853080
322737 173043
-453345 49538
-143669 74776
656238 125461
-802206 960449
-493265 232397
-557048 830997
197025 121381
-872465 389233
589676 -709539
999642 -742231
180695 -936594
-951083 -688798
726784 -843698
456278 -200059
-697927 -340640
-620286 -771496
81295 -753504
-623913 876222
-46789 942882
-751949 922800
260270 -424409
-237729 -302714
-934685 -43991
-95382 -886006
-334196 653415
453901 -73240
-98343 632041
39545 -129417
582898 31855
190514 -930433
439162 496216
469232 -788876
819631 499197
-273490 177927
211600 898605
91679 -739950
278236 -213075
121201 593111
-390999 -163093
950691 -81152
235855 -462718
449325 729811
-53425 450876
963255 914565
283762 -651125
-299598 -968671
-131089 562382
372664 630787
-42037 -309098
-309774 747579
907917 -627411
-781547 924643
-894900 145219
494166 426745
973257 -469782
-164228 -527508
517397 906803
-729176 317926
-885884 -785052
920651 843283
619932 637568
899570 920001
-276553 270685
-819924 210670
-807340 -939698
-824257 -188505
655567 -144929
708612 671453
354328 -421102
929993 -435003
-84380 -404415
839182 317506
-350328 736854
455160 817650
678419 979473
-32330 -31407
555153 451768
-470406 550593
-357139 252753
-459243 901443
579512 967985
889962 -633500
-128887 -108314
-406721 509109
-670212 -839987
-104715 454792
521162 725105
19895 142426
-222014 -543989
177062 825722
-40932 237329
327812 126103
-603601 -511786
31302 -871067
241336 -707950
972889 -337745
-880611 -536680
-891577 -690222
-80009 696997
845358 300832
249244 180382
403816 -626574
-610165 -987419
-352485 576026
-150151 958338
-975475 763308
281596 248428
376786 346277
-125481 -546158
-357691 363875
314422 238525
-65464 -555737
6274 -643721
-978390 -843752
901617 847336
488589 -706292
75671 897703
-839093 519382
-648609 598886
277831 -647607
745295 -216675
915042 -715715
-830599 -171860
200968 -741022
76904 -753782
890798 307499
255726 315831
79300 -903400
985810 707779
653009 450781
-492732 603342
532272 -360532
747769 -204411
-345816 143493
-271619 -134253
-685508 -264350
90308 825361
770463 -527767
-515338 40575
675770 399077
610623 -912740
-175598 -108777
-17647 580566
782149 177485
969550 960526
-108405 301597
-511291 -448067
980757 -622629
-388374 783201
320481 589209
-314803 693484
-862982 814293
-380279 -135663
-367425 -101392
-571145 -443801
-925597 -325387
688144 -720094
-826289 -72662
453965 496772
-437451 669159
905334 -341202
17833 -584351
827770 118082
-240752 -336529
-533122 -746561
-872220 110649
-351173 507278
-124713 -102836
124882 -512121
319646 829052
359061 49854
356924 -317424
-166916 -120625
68079 514382
-328057 -858818
351013 579362
-299544 -916316
574162 -350533
-581683 -55554
601279 -521776
-976001 -609424
-257809 994020
234724 -546759
-397614 -204698
474413 796008
753735 411683
-803385 846385
-332549 -313940
997318 744906
607780 -976600
900363 833537
-216203 -333338
133700 -526583
-523526 -508904
-370363 -688777
-917441 974759
-773770 123484
340016 60200
-57735 -88541
508583 529985
-117240 -849601
646171 268390
-551373 846797
-531734 -997785
-939641 124227
-403433 -13122
960385 -466798
844539 -861738
239221 -153014
-573311 -478530
248999 594270
-496619 699756
-493724 294927
-869639 690709
-708171 588040
-380858 -196506
153501 498489
153562 -607328
106864 354995
112146 -618505
-870329 -176238
534893 102220
648110 313848
903518 831083
-244783 652969
622114 -833688
451246 898983
77766 -220452
844142 542335
583999 -370898
-744909 -681687
-654684 -605099
246335 325431
569754 53855
-43403 320604
764213 -51993
-909965 -505159
-31262 -607232
232054 -847146
-9252 172463
-362228 87494
135364 -765408
740887 -992571
236073 -452632
940179 977905
463415 -90861
755111 724002
-16498 -391714
-174972 351317
-502807 332430
-56739 65662
-316237 42844
-592223 -806515
-566276 -52650
289394 591161
522499 192669
-46007 442679
925707 868325
200886 462530
-291624 -574471
468954 -144858
306602 -739043
-225846 -178352
207925 -337770
-829899 -77892
-959658 -496240
472713 254631
-88582 197061
-705193 813739
-910552 -788372
-546227 808557
-229484 606734
-839802 -705399
-248992 464090
-448753 275298
-257738 -909260
-301517 100594
116360 590566
886036 -36256
-775872 -956563
-334203 903361
469946 69152
-294206 -103300
377409 -737509
-279153 238438
-442816 -747753
199769 774668
910187 -692482
108763 -177535
-23984 -390740
793956 352427
-424592 -949984
748756 967572
-231748 -494118
158421 -546202
-714543 -426083
175419 438072
656842 372736
897249 139851
-11601 -450954
309092 708205
-113027 967056
-42013 881239
215723 -916233
963641 -862299
-349274 279680
848169 234756
307498 202310
47585 -617687
-180723 -416190
520706 -265783
-277608 -506603
340316 825451
171823 -496051
700297 -5853
-564775 205819
-122842 -508849
-41850 284374
-726987 -662045
477211 864839
955296 -567910
-389413 411459
777973 174216
-399851 -382129
-428660 856003
887244 700120
-213126 831405
-952495 -454984
-500022 -83201
-992901 -441892
696016 842933
-99091 415800
-301250 -611068
-173558 -367092
-10111 -710340
934164 206674
50516 753968
251100 233045
16592 -790506
872180 46129
324063 811911
730624 -365962
388736 509237
-231507 575071
-905753 180734
263568 -457996
237754 571104
615094 124121
829685 266214
-335132 -792156
832801 -306731
765542 251005
-945034 360971
624029 -564611
-810648 302862
-586453 791591
642522 -694353
-457961 -666317
-55385 -80139
-801446 -469698
-516260 -782679
207164 136412
43973 99407
-839198 -816715
-391431 -895696
572950 558692
88203 -739257
-295635 837484
945134 -302971
368370 -642754
-990993 402165
259531 -252604
710987 17266
-548896 681560
-490246 959019
-864778 -706177
-980032 350576
968823 -536952
838855 328206
-555201 873923
-150006 74363
727213 367582
378038 157909
-834605 -34111
883179 151159
-632761 -44883
328299 -469377
-646940 813145
-504714 16005
-185873 -306810
703224 463363
940857 -547758
-494985 357700
-325340 172403
-322162 -516572
-901928 -867759
-298821 962011
-404782 -91273
-735230 526881
-824823 700986
984808 -249699
-47839 322006
683949 797958
-267800 -309625
-142074 -584993
-917357 -529332
627312 247861
-278361 191149
250291 -896070
688439 -656832
187726 559804
391951 238960
-250402 -770357
-139664 575186
-251028 830174
-332791 -969167
189113 560429
98190 693401
695768 -47115
200993 -782017
133536 -205170
-206581 -185285
-882667 946485
586037 33502
327272 -276844
-759146 -798633
-810419 993534
-598469 22080
800259 426308
-290172 68183
500356 775970
-707895 -955417
405070 -185923
-464104 605451
271715 -693832
-535377 375010
-968999 -33841
297640 811663
272694 -997205
958345 -759964
-611334 -881504
470876 527918
-653034 288994
845111 -602024
-607260 649642
546303 -434574
-495015 718042
375216 801175
-576966 -118300
-468023 277808
918237 -291388
-643973 43369
-137299 -537400
-536381 -631345
876853 186513
-350512 -622845
-521335 417682
-503167 762746
-936233 806661
57809 407732
-831661 903805
327391 324283
74120 598140
276144 -466237
-960619 -860141
921340 164905
-689527 -69383
413714 663317
141492 403688
-616390 -637985
313855 773555
282675 353977
698626 23361
-213552 226450
-586455 501225
423545 468633
326347 -494373
-784307 315037
688309 -670319
21224 78728
504640 266522
625002 643600
-613175 511043
850798 903720
754955 -427963
906166 -941615
-864002 -542691
-293639 -287189
868038 375739
-178462 915368
-983622 61037
171265 32604
-958815 801121
499876 -799290
-238412 -867080
742217 825571
708384 673300
132110 -323597
-633586 -31064
35606 32197
-247796 856869
-149607 991032
-313459 -871352
683814 161099
942577 271449
878847 465283
-598864 63600
859576 -698202
-403145 -73646
782638 -398165
351694 -448461
-829696 -644643
176392 500348
250102 627318
-220324 -310175
-714765 938307
405846 -609601
275825 -944529
-824006 935605
247773 338162
90465 652286
-216674 -678572
-230827 -227507
-335188 -80354
831618 601372
565331 276300
-755704 -856603
-455621 133744
950183 296649
-328968 -657033
15187 932410
883319 -510517
444968 -500177
-539528 6808
-906889 486736
561774 -747458
944994 -879412
-405247 -249790
-93505 603340
552718 939083
-71838 69195
916645 -91274
989444 -633716
-399059 -300326
-336975 -805263
-481317 437451
816106 953702
-841763 765370
-604766 -99405
990312 53234
-441757 400023
-701391 656750
-926169 60033
671100 -653068
468681 331906
448765 -287223
-479790 755695
-127436 -343085
940221 930219
-413632 -214490
678792 -407296
-505824 649625
746785 -918205
-362418 -777053
-142416 253722
374129 -789343
778978 -281861
-70231 800511
804952 -381361
790750 192398
-166642 -340931
-821015 629061
-192359 832075
115589 980895
697533 -554547
-797172 327098
-636222 -359540
-145598 -719048
-553715 42650
45392 791155
-686882 -243249
-343294 252321
832356 -642919
587826 893734
66439 -602110
-48755 -303985
127870 -346508
-255937 -10118
267712 -645013
824412 274795
598156 -844838
911192 -991346
-607283 -9180
701601 239457
614290 -629955
501162 -639729
872788 -248244
717719 -773307
520726 347619
-860436 -797166
280790 -133848
-886247 168375
-930697 791265
524280 163573
-927310 863023
376085 -97861
-315182 -865762
-294041 365325
-79502 868416
-594482 -63469
272707 -312298
140190 -26908
-888262 -601997
903583 -448256
-230503 -440670
-141642 12424
-238119 -43059
301866 683724
-322396 351975
-399925 930742
-820516 -109845
622952 -536934
243175 365157
860621 -115485
-345135 -461017
601624 806104
114385 244968
-595620 427109
-523343 601745
-355208 -963095
930454 -234110
-189191 992665
-897079 9617
-19275 -968673
-675328 -173875
855503 807572
475049 -789474
-125872 -280151
-794970 688987
753107 -318828
318460 -593693
-860896 483802
854900 47352
745835 -96949
609699 -749200
223390 -19748
324857 -223789
316663 -173760
764950 -242986
537971 -614158
-924385 605426
497054 -421507
-708329 792567
-527308 -642288
-79105 12974
-108262 461539
-807707 23102
-612756 37589
-770063 823925
196099 985832
-91544 737259
-418268 -586625
146046 -370472
-234077 -742746
557977 -418049
827357 391150
546442 337409
550603 -729770
-498324 -176214
-344002 -445739
-404121 -540877
-91843 -475175
-602075 934818
239082 -573072
728488 312229
613121 1567
630690 -79471
-140037 -975148
503454 509328
-191003 -862819
-566583 578210
666228 -55406
955563 494719
-409102 -822780
813931 -658167
654635 57292
757961 317791
980823 -552362
854420 125216
-779066 -905971
320992 411067
163330 315530
-520086 -863938
-830005 590829
-301726 -143241
825795 -56157
692795 -292362
625730 858665
837332 465463
-285911 618113
452220 -893361
787147 -156507
360927 -643363
560104 683164
189298 878148
-296480 491552
446930 -591658
641783 788175
-14092 332238
706284 -730638
-632073 443019
-106639 209133
891952 -451236
-64765 -591771
368467 615789
594853 347035
-62931 -407593
-215156 -389888
891047 378470
-280865 272225
-465758 33494
931585 -933040
-304747 -200543
949181 -35627
-558024 -303204
49700 696935
938082 637362
-115496 122355
-105717 -444105
-329045 910877
-497874 78767
534032 -944656
-331502 -608912
615903 -31698
-123995 269992
658339 933076
455254 -896828
-167094 -596656
645901 -788236
-984968 -493316
503945 -209026
-892042 -900967
89082 909042
329875 -284602
-822064 632424
288825 517376
-866074 -348937
-213917 -699564
414673 80378
13582 689452
-840199 678973
-969110 -447225
-534562 91139
84980 -957748
-141928 -944862
351708 -243896
-647911 -208710
409519 -920244
-981293 695298
158519 -969350
984578 553933
84509 -709896
-848479 964351
729090 -423852
881148 947069
838335 634598
-344179 -338958
-138961 521279
-82931 -138730
-739156 130730
-212813 36136
-337276 274286
-717601 -247376
333786 -523421
173261 -948304
-980916 608200
-853452 -292993
-597997 -870169
661733 591736
166613 721905
-150964 -102396
199855 683360
-401402 573035
-73698 931080
-860695 -724896
288391 731765
-354318 -466172
-31182 -883383
244991 219063
616542 770985
-114265 -56524
331539 698559
-895052 121716
-896033 -684974
415755 -987779
-850098 210911
882554 -88169
369607 -399168
623128 -789072
32272 944127
65943 495601
980269 353200
-661894 -25215
-394570 893908
748344 130986
434609 371409
40797 419953
-920106 -642148
-422537 -457517
-153537 -820754
-477330 576029
714282 863026
163962 -697922
-834075 -492637
866493 -117841
51074 -546572
-506964 -664298
-340401 51766
968234 757561
828641 -40784
-108838 -889064
478374 -83985
-968930 530644
152642 906758
-332725 -554375
641721 934724
541496 155193
-46922 348381
869230 755552
-53205 -423985
7789 -798737
-295533 -693807
-97531 -608935
946954 254390
665281 -827510
-233458 -117909
248823 629005
-852720 911755
-561886 399407
689098 -403523
-616035 748248
-579481 63144
-201968 -173970
822928 -181720
-252991 695628
857533 -790237
-628571 577427
270960 733352
-421583 318291
669440 822366
-215404 -714654
-756035 820257
928498 -625766
-728455 -247320
-506530 141005
377791 32739
303378 -330934
77812 -340220
-605231 372427
34103 -69795
349078 149141
-601209 -19967
905234 700325
337335 -160557
-395722 550304
-460877 -494113
-636061 329887
78163 160111
485068 -428598
808897 -531191
-316510 -998462
-596314 753370
-836901 -723251
404851 739078
835160 130817
-167417 -640469
296037 -309872
618930 -630448
297805 -838250
-121490 71170
815532 -532950
-264094 -586284
443005 -800176
204428 553480
-540358 -878055
-528144 -303760
-685316 720826
-905064 888459
85683 52274
286900 579550
690308 204413
-589136 582190
927215 920551
856771 -916309
-401129 798211
-492695 -859412
639261 -504
181484 232650
-768128 654941
502746 890928
-5836 -517347
833562 946337
194191 -989759
-307503 -974796
-738895 -760504
500086 -784714
-666036 567550
-768532 -426841
887473 93332
-74091 804337
-119441 -555729
939449 -469651
-69345 -658077
947818 548070
183757 727333
97312 309560
-442595 916937
425293 385889
-275293 44892
-572653 892792
-667125 -276675
-961253 -534408
487517 436225
935797 -899521
-825888 -726127
44624 249690
407837 -562114
-106596 -913552
772090 -144936
-70084 -935410
853171 634187
418223 -538060
26711 584565
-974832 -654542
847259 381072
-909957 -214382
-232991 -546351
481092 610075
112947 -922821
-639127 21036
-803400 -569073
94234 553456
-934807 -293128
883214 -651304
618542 -821761
714292 48609
251721 -630584
239571 626637
753275 796372
546628 285247
-321891 -842333
-379484 -834029
-656289 -810760
976011 -660713
-738605 949039
958645 426737
-767117 -659090
405393 553320
-358142 -187372
-149514 -741602
173174 -297255
-23373 65215
-899922 -405787
-598545 -834149
367385 242978
-373035 -255979
691385 -310522
7391 -565818
-600473 196449
-327484 -150349
380449 4660
553220 -295846
974425 248809
68043 -898588
-33409 -841716
-493411 -623943
476051 872374
96075 -808136
961794 -245112
-122132 -885622
-496306 419497
493426 383776
154317 -967664
59585 167944
506710 -939741
404 643053
443831 530820
-682148 -56615
-456261 786408
34214 -734538
-988243 -536092
604647 736491
798927 -432136
-709781 -9606
-98530 -225409
-520268 -455226
-448516 -183362
724565 307183
-542422 -237967
612953 615052
-55893 -896888
-824126 -687284
-866867 -197919
-23226 584942
-875726 300092
148810 -18957
161499 332589
-156515 777148
898773 -615653
301284 6893
478709 -961828
-447888 940702
17476 478202
-684528 312769
-603897 278805
-951639 497312
-109715 -430922
-659286 428017
539847 372703
-752293 -155020
929582 -254224
-244426 506221
-230948 875966
-964009 -79901
-160393 -249745
-788924 802209
-587989 -430938
501779 -672122
233505 251426
-340788 -78308
-648782 734666
922608 -90145
548423 -966070
-704088 -60757
646820 -716555
535531 807682
69842 -353601
321698 134431
-289899 -329251
-482486 -239106
-507054 74781
659236 -717400
-967617 -156056
374745 -675098
613245 -112217
753866 701678
359748 -378150
693108 -74107
830739 716119
-557935 -994123
-6959 216217
96694 172819
-823229 -974426
76779 -756576
-216237 253409
-777010 613685
-9238 -714768
7397 821238
378242 760755
-226958 689116
672865 280522
-444136 826523
230034 -118963
-557692 -134591
-571393 806036
-694345 -882897
368015 112063
-902288 582168
827506 -181844
452765 -520703
668081 -331465
-248398 231737
863264 667897
136719 347573
777907 -67687
-913627 -131704
-631683 688202
893534 292176
516284 114575
821396 -475853
896134 -790243
-980387 -691084
-135422 -540331
-933845 -452348
977038 -124897
768310 -398844
-200949 -721933
-565222 139076
-207771 -283066
525958 -447859
-507533 925658
740794 -558340
993653 922211
756988 727805
-936542 -544972
-532268 -504329
-287253 33772
962990 -623949
659186 595635
-981942 282896
-391295 476268
-916428 924828
-224492 -275115
-930493 -259096
-601477 457190
-289627 -302546
-699836 823172
-903121 -591311
24149 -966136
413155 -120313
-513609 -116601
-785167 917676
-151972 -415126
-66521 609635
743965 985084
-309541 -916936
434276 -839843
355246 373765
-858525 -294294
472184 -217422
860463 -54562
768683 -165968
839022 486946
-783027 691826
596374 205594
784041 49516
-256930 198826
145535 -811773
-31418 -131412
-878016 -349551
-677256 -972388
715274 -410493
-664282 -663415
-211679 488412
979374 347560
67244 -18364
-531968 -240870
-474540 947111
932039 -789210
-110005 -909621
-60747 172712
-706941 564936
-456197 -356797
-710265 -51753
-20904 -331374
332674 431115
-765248 -951156
-214808 -590176
415043 177596
235571 919601
-357059 732888
939260 164042
83848 -439490
81347 111852
467746 -684408
-35495 807717
343720 124240
-655933 151045
139554 347698
395408 15310
868470 -739593
891980 -680165
943931 -390293
-43877 464741
239755 979116
-80722 -138179
-588233 -179379
-675863 136655
63585 -873038
253918 -648472
-521387 -732123
-760911 614824
-666461 856993
50812 245825
-704470 534894
-943191 -952323
448606 15443
-449438 -665558
-124213 -176799
-758581 -153949
911679 145542
-395007 329927
431141 -209178
-723578 -332704
-840934 -372862
-319026 -653801
-114420 877277
-800618 847364
276356 -699676
829133 -354343
-867279 370063
768003 931922
747654 -881493
-695717 -117403
-917898 -9603
642421 69103
128498 -393648
397316 -264862
475165 -875353
523190 630169
-112978 -361730
-830889 447737
754956 187604
-74160 -845442
719533 -774077
21923 936763
-664857 -92611
115918 -152668
63485 -101648
-352675 -103160
329077 -655366
-781735 -664813
-268309 -456506
700334 838160
-928920 -855788
-619070 31154
782141 -112001
417347 -682359
-150375 582403
-613477 62973
242132 841847
-208833 -831588
231231 -348028
681072 -516953
55851 -971253
-165041 64324
-788779 489114
-555936 100156
392793 -209094
-935008 -708697
453063 214220
-910907 -715585
-81762 -400525
181235 230617
-196621 306777
752682 343225
3029 776864
98533 328324
-857414 -199953
-657273 878496
-977604 -730481
-569490 188848
968346 909330
733840 494936
926307 128088
122885 -978294
-46870 951939
401832 -928519
-406613 -960305
803494 534616
491192 717275
468811 -70979
-14376 49745
944501 -202738
-764938 538874
486928 -258855
841538 457423
-285980 698660
-386692 727336
-239289 68528
-764936 346517
497613 -884754
-737424 -347306
-481859 467861
-606089 -123618
828040 -311661
133380 775300
-528984 585685
-229368 -400730
-73908 174353
265365 -43370
-354722 403808
518267 -414554
535447 198264
112231 183831
67353 -257685
679341 72213
-793110 -616459
67009 -524082
-464872 -849023
602804 460775
-237116 192645
-845810 -630728
-470678 -957304
668506 143838
213512 371315
109674 -922177
540110 -555596
-422723 819781
916474 833731
951381 -950089
-778822 -106003
49745 -160146
-692863 -104377
-819901 -326050
882599 578226
749249 -497752
778483 633083
158488 -53819
-961953 857119
-131292 -611150
284553 -493471
955364 57145
-517844 -416469
-109040 740782
809485 -590056
-650155 -237209
146701 221364
179191 -458816
-188851 -413033
-942861 338923
167666 780011
200450 -160747
232718 115168
843321 659710
-287526 -934388
437392 -21939
755691 -950578
693808 291227
439518 673594
52605 -342848
457189 128498
-722059 -577016
819802 60263
508010 987069
-473956 779741
813495 531730
-147275 -517668
-29534 -157809
983388 -556340
998953 655002
893931 -108102
994963 -484618
305573 536977
499921 341820
793748 -401369
155826 419074
-930229 367230
-663267 29041
-735318 -675608
986017 -229721
-844264 587545
146514 -999728
951534 343183
-79275 908764
-138063 -149761
-479340 -651277
-799656 363615
-338879 222254
-557324 143939
-793900 -744399
-72404 -130911
125379 -768981
-10409 96671
-277052 87310
-270072 502674
346805 621448
-585665 -787222
-644350 -380888
-37035 808197
-89726 -168633
577639 -692821
-1221 -88385
462997 -243094
685991 562417
-782597 -541970
869123 109778
-682935 73828
-987306 -587278
955740 284676
-694838 356200
-876165 -88672
725187 -972951
-296156 -477237
-210339 -824065
605218 509236
-243213 -985499
-330103 -838294
-226562 -804435
343356 309835
494324 -19030
-61297 -735483
-379803 433043
-623140 -165782
918704 51436
51356 -807179
204457 66180
719513 159194
309896 -936759
794228 -87235
-223745 -880462
982907 263635
636081 525523
-396356 512019
-699727 -658104
570735 814621
-647699 403225
-795400 895200
-698688 -942425
348531 44595
-216983 -570423
-362295 712103
527390 -212146
-98408 122606
310784 731843
19028 -640534
711539 98492
-593355 906086
437987 787795
-717670 123990
295359 -99973
-49318 250992
40729 465965
237018 -710653
873521 499396
450890 -990929
980870 961799
648781 -567618
-768372 -949270
139298 597492
897774 543164
982233 673029
155542 358279
393009 -745143
532094 -757256
899209 -33615
-593593 -475705
915941 244909
-395241 -908206
208288 -673013
-382303 940161
233480 -671318
792603 938447
-757841 -819744
-59015 297900
574365 -74997
82498 -641473
80442 851309
849787 994960
651594 -282189
530895 755025
505988 -662131
-400296 -409834
182752 -932768
-296662 70851
723997 -458125
-747136 907717
422372 -25402
-521987 -359460
557851 167525
-269601 -342725
722202 962100
-834985 -6788
-373046 992079
-939210 98311
-517476 461858
-978731 -843015
-193336 937083
974950 -266719
-372474 -252527
145927 -535674
149564 -359511
-181672 -893459
925610 162774
682509 326988
-419108 2340
692273 253988
639953 -196700
955151 941167
-287109 806229
-148178 613591
-91454 721037
712462 811214
724534 -528941
-314606 408592
-948816 121753
343467 -535420
-263910 312405
-142401 843867
-508648 -673628
140664 -340826
446563 809791
-968778 474901
815883 410569
809084 891167
4860 496108
-935196 123775
-378114 -111946
697989 791109
-814172 83566
-21568 -561818
-18941 -540168
-390343 933803
854846 584136
-866280 427590
-244276 -994939
-212506 -244663
-403187 987453
981246 -572728
860273 -402246
342204 982866
-594837 146543
271528 -996603
308623 278114
-307481 -645504
-610837 163760
-582613 -663274
-339762 -957418
969805 156805
92185 137435
582870 -908334
-100055 -355413
-652426 -629869
-320904 -913384
809772 -445215
356815 834847
445989 576968
535434 -985321
-867107 -267014
-325274 -824959
801767 653394
39106 -43820
-973811 243755
821945 -48581
756476 29901
-665351 391068
253294 -523438
270416 980958
716107 -712727
-921256 722769
720035 -968986
-876400 591958
-768694 -581710
-204539 139640
698808 -383905
527395 -300008
343246 837534
917593 567302
825209 873675
916285 446413
-246225 47199
740786 -541253
662979 150773
-917901 -270836
-519135 455502
423810 -63700
224560 -932207
-583058 -788952
-444594 35625
97478 210410
913212 484174
479798 -951578
758527 668997
-937604 441158
400740 -931261
-60786 -84231
169491 -246028
555207 334515
-990557 -380812
210357 425042
620303 612575
-389655 -470982
-989719 32019
949114 54820
103526 460940
440559 -334746
484171 317614
354054 978764
-382601 631302
-725097 800053
-953901 127322
-951511 -813719
-320526 376972
795468 383400
-56125 -218452
-47010 791683
-546705 -211849
477935 -202554
-27324 -352230
526698 95047
612654 -400254
-574616 -829843
-313508 -527243
542229 441636
-867390 685177
325578 913763
-127129 353266
389929 -439190
893225 -529756
359753 -581056
721014 48159
-336939 -689907
288678 -226573
822856 188458
-496237 351524
285206 207193
760659 21514
-160817 -3476
675006 204608
-82385 994455
464399 136903
823365 210672
-604595 -827085
597534 849618
380486 321163
-349685 445432
437012 802638
-557417 86685
-597691 366603
-603900 571718
-905282 -823435
-121085 333591
-522746 -672299
-449487 137332
-193727 -760631
-687891 -801436
-527910 945736
-260619 -731507
-146941 -117734
460531 -820174
55542 -318210
330369 -479354
62106 930941
802991 10970
-832138 168376
399399 -479591
372822 408621
84158 -287674
-346943 976180
-743451 -486950
-179657 -152050
-982105 -838813
-255725 174906
993502 797242
-127515 -693556
-301900 780138
-214446 326298
-446677 -944374
-740853 902679
924857 430097
-926381 219131
370407 -949237
697831 737333
448506 886383
863811 505166
700571 653443
-166641 209412
50434 -889011
-813203 -430482
-139047 105157
426136 224870
-624966 763682
-637201 -448151
520685 698935
-996847 193681
253858 -422433
-65957 -126013
795974 764142
442849 -964296
-102885 277303
737516 593065
181136 276278
-12692 306378
-334184 -591814
-69625 -551547
-915266 -496554
793849 -777670
-722867 419806
707159 710811
-257642 -843267
-146495 187295
513179 569895
-6449 242217
-137953 394465
-676610 -711630
958197 -688586
139163 31407
-790767 875609
-943771 867923
-25947 465116
-232615 893568
898692 896550
617739 -279906
-464387 -101732
508395 961377
-557192 -665187
-687816 -98995
212522 342605
853249 -965057
748856 82773
312594 -402950
-684874 57114
4584 -778482
756881 -329077
-284231 -502585
-376092 -847566
949329 905876
-595295 844893
-376792 -158030
167846 244352
482911 423698
-960908 880413
596886 -951470
943026 170424
674092 525634
914777 108220
-627791 709003
-205137 -569039
788984 -588472
953475 338159
810238 -121164
-151423 853235
554520 -75103
364067 207455
61437 700510
957762 -709638
768184 -31211
-592321 -455196
232915 -315219
-531450 -478918
796325 606703
-431603 -881506
-950591 310506
808514 -347719
332177 -273268
-809225 48131
-228205 -4711
260706 -428690
327199 142216
-287579 203359
649940 758266
-377939 327172
-62127 31083
-959665 270241
66159 -538743
902639 -42719
711261 199027
-88381 728374
587250 153133
-780346 -269465
896995 -471093
-164001 268225
-369531 974413
-104857 11899
-81181 174354
236394 930113
380208 -359793
237835 -525868
125951 -984953
-641736 -60334
513910 425605
807354 -855445
-27040 -176580
79820 -400900
459438 -541351
342589 -782546
904058 -987132
-759563 91519
-817509 -918445
-664355 488875
-149082 -230027
825825 555748
-135532 -738708
46635 -811542
-670005 -412452
-889480 -580697
864952 671724
-217892 -559010
363900 -304571
874012 280155
-819015 -638044
-953858 281668
-875280 -802171
655959 2245
-796598 -798069
179978 29772
299235 46804
635179 -876734
-444272 23325
-215121 -406220
-170301 -335015
-217280 553730
788834 256720
-656162 469658
-749300 739628
-992753 891282
-549836 -162085
496265 890074
954616 500657
-875190 -93875
69629 -224996
-937011 940143
-876965 276473
-466810 836118
-521710 979968
-652693 133324
860441 456572
698112 400381
-477396 551693
-647026 -954786
-456791 -428895
-865524 996028
-636558 179801
612258 915082
668996 -712774
129346 369332
669648 -367769
-304141 29720
343861 613422
-616565 -202019
-575121 758856
-345458 -493753
925707 -731751
-879612 -741479
-796781 512342
-830071 -243705
-597874 -741451
-582403 -772780
-32087 823717
461568 -326822
-508604 623797
-520023 934812
-578504 492291
-236905 -685842
666593 780756
738646 -785022
774987 -895141
-951080 909990
853349 -879722
-686232 919049
-598963 -446176
-895134 52368
-234711 -327358
-204298 -501758
-897978 651103
737681 -390633
441204 -270837
-219768 658136
173212 -713882
-381963 150880
322061 975148
287691 376754
164066 281154
-631548 -627081
601441 -738975
178057 207596
-537974 -1588
932607 520080
-684962 -905215
-944565 -122067
440581 -535571
336931 155716
-446982 -307304
-157329 254393
41558 -103044
135874 349314
-216080 864222
-571055 -366335
814979 779263
191978 926680
261895 -922298
-685003 346491
-634431 -702195
-691107 575740
-415885 -622211
-128537 962985
421404 593975
-542412 886090
-462057 -866737
16536 -484290
-651024 -547091
147510 -442761
708721 -26601
274100 -5169
418183 -390395
97075 -911170
785039 -821731
-548069 800519
123720 -483918
243245 637022
-8603 741049
-88047 343087
-100138 -808632
371092 -173609
-729395 846725
-338538 7542
435337 687492
-291276 -431936
-929895 300791
-712760 -953144
506122 449438
836649 753730
-330479 453560
-990602 370672
-815169 -829414
633527 831603
400402 -124772
-268626 -77019
-273885 481449
-775569 -475040
276576 -714097
-510484 -878443
-943312 -116322
424209 -701524
417846 -508045
514722 544520
487095 -388585
-206816 -281726
722558 963564
-296175 -147694
762856 -565846
-395407 887603
753230 404118
510639 -268464
56446 -302956
-912095 -431810
-535409 -556497
-821188 249272
391533 643490
802102 -401263
267507 -139174
680379 129276
318946 970250
755999 597268
756858 -543090
-679556 684064
903749 -890353
-134750 -9900
785749 204428
-220234 -430867
-819379 -200694
-44227 872561
74488 -331791
155212 -845723
-86229 -623363
-728512 -872399
-239445 175783
688715 -368586
-912949 -119604
-415751 698228
20907 919768
-318325 968352
-620807 -625152
-522631 -612046
202445 -124855
-572922 -533365
-980157 -157732
-742798 -218702
-780699 -567847
15071 481469
536208 232830
291543 -63264
-469003 -55142
845477 998864
-423171 -260327
632099 680089
641856 -589076
-501632 772295
-89239 987499
-574343 -261000
665245 -456460
368683 516342
251480 -532380
-519544 -185694
340966 -176037
276438 411408
214051 28111
-681151 -381415
-808169 -880926
-318584 99360
-900074 -837962
-814852 670160
-331460 992145
-248886 -148647
-289838 -16621
-996098 47553
143654 -456559
-782863 -782878
593167 626988
-736013 -313313
231526 93876
140755 602006
616067 680703
439600 -442002
-274084 878208
-689380 -421613
-678877 449284
580775 -958172
-279551 667395
-710950 12826
-609016 -477626
266786 -573777
-432362 222533
566990 -239949
237309 17706
795973 -107767
-682680 -492287
847926 948408
-906982 154461
-561462 -67524
502851 -925228
691806 124157
1945 877150
-947630 975089
347576 -377411
-811214 813717
307283 -154294
388825 -260235
539707 583225
922436 222496
555716 951363
-571757 -637349
-654036 -472113
341662 472204
-454304 -604087
210572 -958468
-380662 -516863
619385 -61336
-801072 898476
522403 -823370
967560 -942499
-886840 670781
-869555 377300
632608 502356
-300893 -637633
-423530 -455297
891124 -306630
863575 190580
755378 -561179
688545 835979
-403558 -294656
769490 -808187
-436546 -884123
91517 -711125
-132648 -703656
6262 -188116
485071 -511402
729890 -469717
-484056 -97026
349671 86029
325681 -24473
-568079 -673473
659914 -768546
31386 822612
-652745 295561
763960 968578
910426 754462
521087 579072
551766 794470
359188 -411452
-4468 -540486
-944405 -183365
599228 -702979
325261 -934596
14565 -144950
-626996 989679
-985103 35673
-30817 -681643
617614 -727283
592609 227795
-281515 283438
-595608 -772581
30365 -686938
846036 20960
-629199 748543
483123 -702378
290193 -739179
-713554 -423755
869178 -82101
-565700 -207231
597148 705800
259383 22596
220738 -849207
-439848 -699292
-971075 -194836
-532418 860719
764606 775089
-530475 -864508
-801699 170709
-683364 836982
449865 -325289
-750488 507910
189490 641163
107239 -243261
334487 927789
826353 529116
-17721 20084
775385 -748833
-228605 -329912
-358490 256050
-719791 -528907
880010 -866250
-813987 521232
431844 323133
-924960 42370
-616338 938690
717860 -970767
-868046 83780
572716 553979
-651243 862917
-408413 943864
-745367 -739435
444298 369016
-641275 -641074
950710 431783
464251 532675
-248802 -667817
-415703 -991580
-375308 -668829
-102997 -730158
-582016 112945
514278 740119
-540963 -119036
-739516 -494600
12963 -766554
-571411 964574
361535 39353
895788 -149149
709258 -235094
-289819 -283690
-28498 -782946
-410535 729920
961119 407746
426152 972800
88705 -634211
-426558 -46517
-680333 -985026
-347897 -984099
-453903 168522
-507371 -408455
-133261 -110969
647623 -938548
589712 693413
-594525 -786745
-214871 92798
-821976 -811654
-14027 -763426
-326998 -99996
497666 879640
938596 671709
217169 642950
-562324 246046
410893 371681
-124171 834489
-117834 -311821
-726108 -198212
261245 -449014
698800 871158
43058 323113
-658246 646068
711904 129132
363687 -401417
-744398 598138
848420 417766
435698 688476
-533544 660356
-986546 -87069
-455953 -871496
561059 -56395
92616 -335597
57422 -895912
-925729 504232
372533 373213
-700641 272056
445440 -479744
434541 -491399
530948 384242
-971174 772941
-897073 -644670
41762 -991004
748743 1755
-408817 -103247
564471 777273
469321 -918639
136416 -762491
747236 775620
633661 -588085
117746 7774
-497028 -225097
-286870 150540
-226427 662699
-785683 -97285
-889246 975853
936252 -639379
-244459 707690
288931 910658
-400205 621713
-581244 612434
-492158 -756505
9826 205964
-616297 -11495
-547110 -791756
62596 -957058
161822 -906413
182336 727376
591523 -324442
405618 226662
-870146 -666867
-284428 -846351
187452 315542
460764 -908276
-197916 -311478
-25712 -977366
-14885 -614086
-816947 -27531
-599668 363520
-313780 -928917
211006 17712
-965478 970010
317523 705406
934983 -537018
-856265 924071
-906658 126525
-331887 558424
919213 507841
276338 -724379
429025 867294
611851 -145578
-905991 980874
-210414 58431
-876184 405520
602658 26275
195450 -615923
-421000 894437
257813 903143
-885345 -984131
-818593 51880
-179116 -189401
-67427 -899728
-940838 332471
-144946 790075
-403820 66570
-806482 617538
-15123 261733
-472096 -617244
-946076 -892706
-485930 -280256
-723620 -529048
684483 643257
-517168 180776
744683 -138813
564120 -401775
812111 19013
-853483 383962
402034 83723
-443494 -577432
921983 -754399
-176890 -711299
-747501 766848
94975 625027
846060 935003
170492 -535121
-247208 -579404
601619 -334240
922594 44790
381838 860482
-878890 486122
-961282 -253631
454294 586499
738854 -247330
650616 283398
84766 807710
623625 315329
913181 561916
-209118 -17199
629959 -787759
563910 -915958
-33293 -949887
-46208 -66902
257930 -553791
-135045 832500
412974 548847
966666 147732
-444668 -909242
899654 -47632
-633702 -263079
411532 -934587
797388 -4502
113678 -776713
450022 -199758
-518426 892285
-873897 572701
775225 -474316
-59017 -307859
-509195 -138687
345939 -395502
-356832 941234
-56849 884454
114971 234850
-824635 -39306
818334 -152301
529289 -317063
927134 91430
-181098 500651
-671550 -238774
870956 -496011
98847 -108608
538059 384205
-23029 198636
-728478 713031
658037 -478582
-200296 -646324
-826636 -768126
162116 -236381
-870308 442212
-998244 576148
570473 -455528
718360 258756
-144678 -593808
-390167 423524
279421 611608
756348 923442
-817215 -112349
-477507 -234905
-410849 -722604
-112747 262082
-204923 -791109
-28130 99639
-50656 385736
-308486 783574
299643 862006
111457 2214
-102761 -484018
15728 -19098
53432 -609744
-253767 -589759
-334243 520720
157780 -743598
-443165 -728425
-429394 890544
-83323 63381
-871177 220862
603165 -503179
631303 -157244
529201 -921562
-535438 131724
-876082 828580
901667 118265
855065 -729332
-774866 -505203
-684958 -991029
-238971 -683779
-556071 -371696
-914545 -440709
902622 990953
-985259 299183
-914106 388986
-193651 806404
897170 -113518
-636418 -61548
730597 570704
-316949 -26642
-916256 668545
-880982 400829
839331 665740
540421 -949984
234428 887947
-404795 23603
897746 817724
-909760 -361373
-358205 437743
44228 -241183
499036 538017
146976 -412887
694541 520020
957193 -600903
490876 -460072
-486370 197132
-676575 787321
-915134 -332279
723397 -231623
76979 -324154
268759 442310
-624275 -126243
706543 910473
-282443 498058
-357269 299803
69338 -335526
-486515 -493701
334422 660812
-288686 -892497
323436 -638000
168564 -913780
-769103 -877023
176480 970884
868434 890766
988726 -423735
241694 -193464
-787064 415739
-966668 822234
-171696 464504
-917770 747175
996497 599385
-710315 976929
-116202 292232
-692210 -325383
166430 -52917
457849 -954740
-280327 771595
504087 822645
676784 572393
-9328 986015
-162862 -648458
-839022 210240
326117 713385
203694 324244
253076 -377830
-524464 890444
-649587 110840
910504 87843
643830 697926
312720 226967
656158 -152647
-799760 851112
152676 -792195
843192 593179
-253164 532147
858336 514550
-833678 501918
316769 -272931
185382 745279
-906065 98237
920692 -197914
288413 559318
177669 -521332
-723994 -275797
135843 848125
-849014 -698014
721035 278378
957997 764281
207655 539428
349056 123641
-826515 -407770
-663162 377040
289696 -271803
-529337 -504010
132935 751465
449706 979437
-589576 -45825
-698508 -946416
302422 815480
950393 -518050
212457 872688
377646 -693988
-441175 630175
423210 292090
-575116 58866
-420510 -581865
-802737 858074
597049 226011
-887142 -250036
613222 733627
212700 -744252
-695177 458601
-437458 -170949
-269531 45910
-702556 827539
-879760 932594
452380 29544
944116 -986691
-837276 -234271
517983 -801590
-38800 -595575
-50583 -158792
308252 242531
778661 196445
647731 -287948
396622 -295513
-880499 671578
-455914 327001
773444 -949295
-340766 -696447
38905 -996501
-825376 375269
72599 -530062
-359160 752168
263271 -526160
-849247 173631
180034 60737
889980 -860441
-233679 -985590
87856 509750
-597654 130459
31636 637368
509796 -758198
-347014 -221091
816008 821647
184950 171304
40687 948867
-820157 -240202
104514 719104
-818891 -936624
497945 -235066
-464588 105607
-173481 -9329
-914602 -845344
438643 225677
-366712 133487
323652 172046
-171670 366857
-325642 -803589
-41628 706262
304891 -880819
-266773 157548
603526 -115661
110446 445714
-75777 74191
6202 272155
-574485 -832587
-70483 -179687
-744077 -120594
-923124 940787
263233 -999360
-521307 673902
-552114 -768785
-568854 210733
-560701 -998302
-713922 257969
728084 -444841
-824105 262954
337014 669398
-347340 -990871
-598539 574369
892039 -590687
-917399 -270935
926751 230609
805644 -458999
-860533 -653710
-376904 -643201
-888382 823023
179888 -576359
-793420 -928717
-216230 -624174
-968759 433396
234166 71515
214886 492891
-735986 -601193
889615 -446700
926318 819980
-423068 818155
82868 50005
-706015 -133594
400975 -375044
517430 946789
-95132 -11624
533087 -532313
-987291 -382899
-653811 544808
517931 635930
427931 956733
887470 -704571
-445203 -109892
-352692 316748
620133 -225030
-735434 394869
-991969 -390575
-630822 -913465
-785370 829203
618955 725384
-872239 -542160
387140 -178380
958587 -770007
120968 375509
-473477 823575
-798767 464602
-677879 -937610
-727723 418126
263331 -28846
335144 -525741
62829 -728157
-319647 273320
356351 -286284
305483 331210
-588796 382875
-798692 -661405
852284 -280398
46019 -883917
-595074 -40625
540126 -250134
-898424 930525
301429 -926226
-899434 -527023
675672 560517
-262403 559903
-955662 -299524
-297341 517547
754277 552849
-49734 141321
-432733 242528
729987 -497481
-485773 -54007
632516 281725
-29972 990642
292718 -740510
-704607 117960
-435213 -894163
390981 -419627
905367 578011
73346 36665
501218 -441502
-314101 -303304
683138 -940899
992458 859452
-722655 -144209
-412953 360660
